0 0,7153348 0,3707494 0,03874773 0,08436453
0 0,4925046 0,389986 0,02356744 0,05692732
0 0,5295678 0,3839046 0,02568871 0,05555344
1 0,5818 0,2113518 0,04174346 0,06662339
2 0,7134233 0,3576428 0,04471081 0,08856833
3 0,3440632 0,7686922 0,3136969 0,4409794
3 0,5295429 0,4324219 0,06652516 0,1381024
3 0,1574931 0,3847572 0,08993376 0,06473523
7 0,5290824 0,3884976 0,1136142 0,2692568
5 0,83676 0,5334522 0,1009632 0,1341469
6 0,1523311 0,387913 0,02964222 0,03786784
6 0,1730144 0,3849586 0,02816668 0,03746033
