0 0,03110287 0,5180249 0,08281171 0,1209596
0 0,1014908 0,4282207 0,06928009 0,09732938
0 0,0833578 0,4945588 0,06678087 0,09237674
0 0,1102925 0,4854488 0,06860361 0,0979028
2 0,09679788 0,5224768 0,07272506 0,08657038
2 0,1253714 0,5138733 0,07533071 0,09180316
2 0,002406836 0,4523164 0,03402138 0,03545678
2 0,02333677 0,516614 0,1021505 0,1496062
2 0,1105864 0,4423192 0,07836244 0,09880346
3 0,3131476 0,2481042 0,07907432 0,1107291
5 0,06605583 0,5121613 0,04609275 0,0651426
5 0,02083185 0,5341226 0,04393357 0,05936351
6 0,3095482 0,2532955 0,02881101 0,05710906
6 0,3257152 0,2437734 0,02864996 0,05842316
