0 0,8109117 0,3095245 0,0542891 0,0888226
0 0,7882056 0,2959841 0,05416214 0,08539647
2 0,4111899 0,09971344 0,03389311 0,04042417
2 0,3630505 0,08472669 0,03415006 0,04245228
2 0,8109901 0,3190635 0,06474972 0,1146478
2 0,7845895 0,3167829 0,06236029 0,0866431
3 0,2244646 0,2076607 0,2564673 0,3093199
3 0,9758247 0,66962 0,2287572 0,3634787
5 0,4505898 0,09310633 0,02178395 0,05337834
5 0,8192189 0,3027021 0,03189445 0,05001765
6 0,9773266 0,6680225 0,115063 0,176437
6 0,9602963 0,6971012 0,1224741 0,1946382
