0 0,407165 0,2873344 0,02636665 0,07236886
0 0,4372336 0,2788889 0,03031382 0,06013304
0 0,9822774 0,5268489 0,1061381 0,1904738
0 0,3860466 0,246718 0,03385621 0,0582422
0 0,3829863 0,2180824 0,04023713 0,07001692
0 0,4482434 0,5909075 0,0410952 0,08172587
0 0,442459 0,567399 0,0356192 0,06908056
1 0,4262002 0,3933302 0,0438523 0,06928325
2 0,383935 0,2114665 0,04314187 0,04136944
2 0,3802733 0,1747972 0,05218527 0,05235249
2 0,4060849 0,2942312 0,0326224 0,08613461
2 0,4376971 0,261099 0,03799793 0,0542028
2 0,9952427 0,5474672 0,1421347 0,2078468
3 0,7376355 0,5090839 0,1341187 0,130191
3 0,5171084 0,5462322 0,08848575 0,1176427
3 0,6043726 0,1155083 0,1079496 0,1856731
7 0,4457803 0,5699663 0,08302179 0,3400828
5 0,3874786 0,2550601 0,01584157 0,05394608
5 0,3865041 0,2850627 0,01282066 0,04209334
5 0,5516697 0,479408 0,02354592 0,04120773
6 0,5987533 0,1189496 0,03646958 0,07521915
6 0,6214966 0,08527452 0,04134601 0,08556575
