0 0,6881225 0,176276 0,04111141 0,09024119
0 0,7680516 0,1713247 0,0663262 0,08159536
0 0,9135622 0,6225889 0,1638142 0,250475
0 0,4696649 0,3814438 0,01676059 0,04937613
0 0,7873304 0,1069886 0,07625055 0,0897131
0 0,8546773 0,05010879 0,1109891 0,1266196
0 0,4417055 0,4078034 0,03107038 0,04444671
0 0,4530391 0,3973701 0,02754658 0,03956705
1 0,4632308 0,2653594 0,03479883 0,04568142
2 0,7938672 0,0505349 0,1054889 0,07111955
2 0,6837505 0,1849799 0,04796082 0,1058754
2 0,7729869 0,1453941 0,08730352 0,07436436
2 0,9349025 0,6616666 0,2018791 0,2981445
2 0,4667844 0,3741651 0,01731631 0,0535869
3 0,6723962 0,4693561 0,09137493 0,1365445
3 0,5044826 0,4107948 0,06804991 0,06872427
7 0,4548834 0,4004411 0,06904012 0,2216857
5 0,7491632 0,1236389 0,03935122 0,07952982
5 0,6943663 0,1682083 0,02449393 0,05496895
5 0,5900209 0,3932629 0,01942229 0,03544772
