0 0,1615774 0,236478 0,05402926 0,1125639
0 0,169809 0,2345504 0,06816396 0,1010468
0 0,8307492 0,6377463 0,0415718 0,09467724
0 0,5466515 0,5869637 0,03137517 0,04698277
1 0,5056318 0,4390863 0,03550723 0,04576123
2 0,3052745 0,3554558 0,01548386 0,01004356
2 0,1621958 0,2460966 0,06397331 0,1323571
2 0,1709561 0,2093395 0,08927995 0,1003202
2 0,8354539 0,6501851 0,05508572 0,1046142
3 0,7163384 0,5964249 0,07941395 0,07984355
3 0,5770311 0,5768312 0,06192136 0,06459123
3 0,206878 0,003130436 0,2081873 0,504644
7 0,529787 0,5754897 0,08380133 0,2321303
5 0,0583927 0,1914424 0,04383761 0,07789677
5 0,5658355 0,5449126 0,0188821 0,0291591
6 0,2121779 0,01390088 0,07834415 0,1797411
