0 0,7237253 0,5786021 0,05432039 0,1458391
0 0,02783895 0,9847977 0,09006244 0,2152801
0 0,5299538 0,2784211 0,02051836 0,03975743
0 0,5400584 0,2631452 0,01962548 0,037251
1 0,554543 0,1539626 0,02738416 0,04550213
2 0,05912974 0,9935355 0,1066218 0,2546449
2 0,7302029 0,6022822 0,05537468 0,1681371
3 0,6551586 0,4112273 0,04737651 0,1265882
3 0,5717421 0,2918641 0,05084807 0,07381284
3 0,1484315 0,5268549 0,1285443 0,1849095
7 0,5410859 0,2660782 0,0538578 0,1812016
5 0,6564758 0,2707115 0,01947236 0,03978121
6 0,1396223 0,5388305 0,03631937 0,07415807
6 0,1743262 0,5055827 0,03330015 0,06850311
