0 0,4636905 0,1987319 0,01280913 0,03896171
0 0,4795741 0,204658 0,01407018 0,03011072
0 0,2392105 0,4910989 0,04872371 0,09416497
0 0,4610343 0,2341126 0,01203299 0,02260792
0 0,4625036 0,2470977 0,01270407 0,02409947
1 0,5099149 0,6735555 0,07764179 0,175054
2 0,4613665 0,2475507 0,01548111 0,01590097
2 0,4629322 0,2616549 0,01642394 0,01740658
2 0,462763 0,1947306 0,01584557 0,04645115
2 0,480305 0,2133965 0,01797771 0,02690643
2 0,2360168 0,4995344 0,05291027 0,1079586
3 0,2735636 0,5696698 0,07746664 0,1685437
3 0,4118555 0,697848 0,0961141 0,1650784
3 0,5348015 0,2637678 0,02487946 0,05225879
7 0,4888575 0,7033803 0,08521688 0,4650033
6 0,5339639 0,263068 0,01076168 0,02317858
6 0,5370963 0,2714084 0,01117277 0,02400899
