0 0,8792319 0,3472848 0,06951094 0,1115374
0 0,9065071 0,3762529 0,08357203 0,1090835
0 0,318031 0,01932555 0,02784997 0,09954923
0 0,7640218 0,2916293 0,05013782 0,07137686
0 0,7349419 0,2894412 0,05152601 0,07634342
2 0,7555493 0,3226339 0,05844218 0,05661315
2 0,7247432 0,3215932 0,06091142 0,06081522
2 0,8812019 0,337942 0,08316088 0,134397
2 0,8997368 0,3992278 0,09657556 0,1105411
2 0,3214003 0,03097028 0,03692493 0,1035898
3 0,9758247 0,66962 0,2287572 0,3634787
5 0,7846204 0,3045432 0,03491646 0,05645537
5 0,8192189 0,3027021 0,03189445 0,05001765
6 0,9773266 0,6680225 0,115063 0,176437
6 0,9602963 0,6971012 0,1224741 0,1946382
