0 0,0681392 0,9338056 0,3024123 0,5428371
0 0,692224 0,3425637 0,03004897 0,06762373
0 0,04287484 0,4243051 0,05950639 0,0539459
0 0,5083391 0,355249 0,01945964 0,04280305
0 0,5375779 0,350848 0,02085859 0,04199433
1 0,5790026 0,2138637 0,03261721 0,05186844
2 0,05305174 0,4506324 0,07582691 0,03956181
2 0,6909817 0,33224 0,0351606 0,0716269
3 0,4461481 0,5206062 0,1427298 0,1820291
3 0,5391442 0,3808614 0,05150837 0,09267056
3 0,2241504 0,3585726 0,0686256 0,05226058
7 0,5372423 0,3542867 0,08998585 0,2100805
5 0,7483267 0,4312194 0,05803496 0,08045644
6 0,2198936 0,3611897 0,02137688 0,03080112
6 0,2368103 0,358882 0,02038333 0,03052652
