0 0,8584961 0,5854661 0,1561697 0,2196335
0 0,9678641 0,7164326 0,2961498 0,3703021
0 0,5775179 0,2769207 0,03024644 0,04763991
0 0,5850556 0,2701097 0,02747875 0,04182142
0 0,5755026 0,2675221 0,02475017 0,03860307
1 0,5818 0,2113518 0,04174346 0,06662339
2 0,8454565 0,5889546 0,1556101 0,2531257
2 0,9493259 0,7640474 0,3400436 0,4055422
3 0,3306715 0,4233553 0,1076584 0,1266943
3 0,5867702 0,5227699 0,1323189 0,2495238
3 0,1574931 0,3847572 0,08993376 0,06473523
4 0,5290213 0,3518038 0,1136142 0,1941162
5 0,83676 0,5334522 0,1009632 0,1341469
6 0,1523311 0,387913 0,02964222 0,03786784
6 0,1730144 0,3849586 0,02816668 0,03746033
