0 0,02569664 0,4191849 0,0575619 0,06388468
0 0,07287985 0,4122271 0,05225614 0,06247127
0 0,5049417 0,3589368 0,01788923 0,05262899
0 0,5322624 0,3547878 0,01952487 0,05183822
1 0,5747445 0,2297707 0,03169996 0,06879061
2 0,03573516 0,4429578 0,06923199 0,05582041
2 0,08447719 0,4345728 0,06314829 0,05415595
3 0,4539235 0,6899257 0,1070775 0,1839928
3 0,5322073 0,4218413 0,04535294 0,1278931
3 0,226983 0,2873043 0,06698772 0,05998886
7 0,5318539 0,3592617 0,08492297 0,2100692
5 0,7039874 0,5508155 0,04598236 0,08749056
6 0,2229329 0,2897061 0,0210017 0,03554875
6 0,2394818 0,2878915 0,02001475 0,03528565
