0 0,4157651 0,09088874 0,0174959 0,04834121
0 0,444409 0,09388602 0,01882479 0,03770381
0 0,1745256 0,5230286 0,08243558 0,1581656
0 0,4309146 0,127647 0,01628432 0,02910542
0 0,4370023 0,1412891 0,01718387 0,03113467
0 0,6069741 0,5770296 0,05321902 0,1185119
0 0,6480654 0,6770946 0,06375527 0,1442477
1 0,799462 0,6431249 0,1603382 0,3087053
2 0,4318668 0,1442756 0,02098456 0,02082622
2 0,4383297 0,1591601 0,02234089 0,02289742
2 0,4140413 0,08600235 0,02112094 0,05726641
2 0,4455042 0,1044207 0,02414098 0,03378093
2 0,1690386 0,5377188 0,0872502 0,1806028
3 0,2788177 0,6468825 0,09162948 0,3166068
3 0,5435091 0,7312129 0,1395704 0,3067606
3 0,5251397 0,1445339 0,03403252 0,05929428
7 0,6429468 0,6809599 0,2328108 0,6390396
6 0,5235198 0,1442251 0,0127064 0,0280602
6 0,5297021 0,1521429 0,01321948 0,02905983
