0 0,6803712 0,1792021 0,03935468 0,08728105
0 0,7737445 0,1702919 0,0680517 0,08342969
0 0,9990649 0,6748825 0,2177347 0,3017297
0 0,4659938 0,3796709 0,0166766 0,04851049
0 0,7873304 0,1069886 0,07625055 0,0897131
0 0,8546773 0,05010879 0,1109891 0,1266196
0 0,4417055 0,4078034 0,03107038 0,04444671
0 0,4530391 0,3973701 0,02754658 0,03956705
1 0,4632308 0,2653594 0,03479883 0,04568142
2 0,7938672 0,0505349 0,1054889 0,07111955
2 0,6760323 0,1883841 0,04568869 0,1010658
2 0,7787125 0,1442934 0,08991492 0,07641542
2 0,4632093 0,3725753 0,01731756 0,05275071
3 0,6723962 0,4693561 0,09137493 0,1365445
3 0,5044826 0,4107948 0,06804991 0,06872427
7 0,4548834 0,4004411 0,06904012 0,2216857
5 0,7491632 0,1236389 0,03935122 0,07952982
5 0,6943663 0,1682083 0,02449393 0,05496895
5 0,5900209 0,3932629 0,01942229 0,03544772
