0 0,1602843 0,2391916 0,05323815 0,1099002
0 0,175023 0,235387 0,06727919 0,101821
0 0,857391 0,6455561 0,04359865 0,09869358
0 0,5466515 0,5869637 0,03137517 0,04698277
1 0,5056318 0,4390863 0,03550723 0,04576123
2 0,3052745 0,3554558 0,01548386 0,01004356
2 0,1603944 0,2492569 0,06273466 0,1277436
2 0,1750809 0,2099534 0,08933291 0,1016418
2 0,8622314 0,6583679 0,05821347 0,1093319
3 0,7163384 0,5964249 0,07941395 0,07984355
3 0,5770311 0,5768312 0,06192136 0,06459123
3 0,206878 0,003130436 0,2081873 0,504644
7 0,529787 0,5754897 0,08380133 0,2321303
5 0,0583927 0,1914424 0,04383761 0,07789677
5 0,5658355 0,5449126 0,0188821 0,0291591
6 0,2121779 0,01390088 0,07834415 0,1797411
