0 0,2745191 0,2934677 0,08724514 0,2073303
0 0,3015632 0,07967377 0,1608562 0,3968394
0 0,6747077 0,7870545 0,02927244 0,06605205
0 0,4701989 0,7535841 0,01715866 0,02708364
0 0,4662085 0,7475502 0,01609975 0,0251997
1 0,4609042 0,6632729 0,02086177 0,02715898
2 0,4195266 0,5616499 0,01551479 0,01034686
2 0,4206288 0,5563371 0,01653954 0,01129809
2 0,2739608 0,3173777 0,1016646 0,2321727
2 0,305306 0,007159829 0,2136058 0,487168
2 0,6796834 0,7965662 0,03490317 0,07242735
3 0,5915537 0,7595522 0,04013878 0,04874259
3 0,5008092 0,7502425 0,03988388 0,03962554
7 0,4676683 0,7492905 0,03607568 0,1401169
5 0,5243751 0,7354507 0,01268101 0,02157956
