0 0,9008957 0,4941698 0,04837394 0,07501727
0 0,9147582 0,5022979 0,05521041 0,06470555
0 0,5093926 0,315035 0,01808089 0,05326968
0 0,8111526 0,4539305 0,03328711 0,04087466
0 0,7926487 0,4519331 0,03354943 0,04224598
1 0,344171 0,1892737 0,04224044 0,09025991
2 0,8069519 0,473119 0,041116 0,03076822
2 0,7873683 0,4710981 0,04167503 0,03182548
2 0,9019605 0,4879903 0,05768698 0,0903343
2 0,9118399 0,5172855 0,06727523 0,06245306
2 0,509139 0,3207296 0,02260613 0,05532402
3 0,4711511 0,3154423 0,0477235 0,05529708
3 0,4212043 0,3568624 0,03856802 0,09363258
3 0,9269181 0,5839099 0,1033827 0,1077196
7 0,4113978 0,3912752 0,1239393 0,2897305
5 0,8256683 0,462703 0,02254939 0,03464854
5 0,8508118 0,4635306 0,02151543 0,03237575
6 0,9293046 0,5863379 0,04712224 0,06347328
6 0,917332 0,5885245 0,04776925 0,06545785
