0 0,4617498 0,1970409 0,01271459 0,03860134
0 0,4810519 0,2048885 0,01405439 0,03056169
0 0,2372778 0,4738764 0,0474201 0,09083155
0 0,4610343 0,2341126 0,01203299 0,02260792
0 0,4625036 0,2470977 0,01270407 0,02409947
1 0,5099149 0,6735555 0,07764179 0,175054
2 0,4613665 0,2475507 0,01548111 0,01590097
2 0,4629322 0,2616549 0,01642394 0,01740658
2 0,4607254 0,1927778 0,01554379 0,04549497
2 0,481634 0,2136548 0,01824656 0,02733076
2 0,2342639 0,4820758 0,05155218 0,1038164
3 0,2735636 0,5696698 0,07746664 0,1685437
3 0,4118555 0,697848 0,0961141 0,1650784
3 0,5348015 0,2637678 0,02487946 0,05225879
7 0,4888575 0,7033803 0,08521688 0,4650033
6 0,5339639 0,263068 0,01076168 0,02317858
6 0,5370963 0,2714084 0,01117277 0,02400899
