0 0,2097909 0,3933211 0,04983206 0,05643219
0 0,2576329 0,3813496 0,0426691 0,05282235
0 0,7694424 0,4587002 0,1007373 0,1181656
0 0,8071379 0,5223715 0,1361871 0,1629142
1 0,5754384 0,2359031 0,03213114 0,0497008
2 0,06508726 0,6535153 0,1612652 0,1332965
2 0,1730961 0,6266404 0,1285495 0,1220434
2 0,2115345 0,41261 0,063905 0,0483166
2 0,2590091 0,3997815 0,05501786 0,04461795
2 0,7662964 0,4934185 0,1299167 0,112118
2 0,8024793 0,5652235 0,1744971 0,1634327
3 0,3643492 0,3537008 0,0713104 0,06654418
3 0,4996846 0,3993493 0,08520705 0,09847629
3 0,4130332 0,3379117 0,0554935 0,05771971
4 0,5372754 0,3249264 0,08998585 0,1501814
5 0,1676527 0,4087714 0,04085682 0,04834807
5 0,7483267 0,4312194 0,05803496 0,08045644
6 0,4104078 0,3394663 0,01777115 0,03080928
6 0,420897 0,3411032 0,01759708 0,03169578
6 0,5796516 0,2606512 0,01566112 0,03144246
6 0,5609778 0,2567769 0,01253939 0,02665299
