0 0,1169351 0,4373323 0,07502237 0,07534468
0 0,1820036 0,4198002 0,06244843 0,06920427
0 0,896871 0,6079602 0,1994497 0,2315874
1 0,5772748 0,2392274 0,04092962 0,06367326
2 0,1198525 0,4612315 0,09531461 0,06766069
2 0,1842681 0,4424009 0,07978234 0,06109971
2 0,8888697 0,6607875 0,252826 0,246578
3 0,3206977 0,3815831 0,09694752 0,08646226
3 0,4742496 0,4644321 0,1209002 0,1497765
3 0,3837423 0,3595055 0,07213268 0,07250661
4 0,5290213 0,3518038 0,1136142 0,1941162
5 0,05840802 0,459318 0,06156988 0,06431592
5 0,83676 0,5334522 0,1009632 0,1341469
6 0,3808842 0,3611607 0,02319282 0,03769076
6 0,3924654 0,3637953 0,02307639 0,03901833
6 0,5822133 0,2692153 0,01941764 0,03907579
