0 0,08884108 0,231956 0,08773264 0,1159026
0 0,1606784 0,200824 0,07295489 0,1083292
0 0,8674157 0,9203193 0,1471013 0,2436368
1 0,6368516 0,1169331 0,05909395 0,1326245
2 0,09778059 0,257012 0,100373 0,1159561
2 0,1675161 0,2252548 0,08478381 0,1069757
2 0,8519672 0,9312244 0,1646801 0,3023755
3 0,317696 0,1387229 0,1075661 0,1584241
3 0,5182231 0,4978312 0,1225316 0,2172815
3 0,3874571 0,08199388 0,08094984 0,1363551
4 0,56991 0,2422057 0,1413345 0,2596995
5 0,02671313 0,2662091 0,07614374 0,08732766
5 0,8398235 0,73857 0,08885813 0,1517965
6 0,3836533 0,08032602 0,02657652 0,06192929
