0 0,5881816 0,4838694 0,02741414 0,03799745
0 0,6150171 0,4838918 0,02825624 0,03805071
1 0,5068215 0,4239249 0,03534445 0,04765987
2 0,8958494 0,6764436 0,06956452 0,0713158
2 0,2987621 0,2445366 0,01629132 0,01049078
2 0,5877101 0,4969068 0,03663588 0,03256908
2 0,6144736 0,4969467 0,03762966 0,03261763
3 0,6524501 0,9325067 0,2861717 0,683629
3 0,6182324 0,5514967 0,07836819 0,09679651
3 0,4883914 0,809022 0,1927935 0,4285014
4 0,5308559 0,5145817 0,08105353 0,1762395
5 0,5663138 0,486949 0,01865244 0,0314616
6 0,4853838 0,8331965 0,06404451 0,1715544
6 0,4957615 0,7692471 0,05604643 0,138019
6 0,4999713 0,4450346 0,01727146 0,03236306
