0 0,2230319 0,365804 0,04556024 0,06581771
0 0,2668012 0,3485066 0,03944409 0,0621435
0 0,7123969 0,6173409 0,07495528 0,1294916
0 0,7248655 0,7343262 0,09067547 0,1656518
1 0,5707046 0,2501629 0,03097689 0,06795263
2 0,1678824 0,7920405 0,09606599 0,1492414
2 0,2468246 0,7679046 0,07971638 0,1413961
2 0,2256882 0,3829078 0,05647868 0,06295002
2 0,2688993 0,3650721 0,04933292 0,05881292
2 0,7085562 0,6391568 0,09327763 0,141847
2 0,7200648 0,7574541 0,1121299 0,1882113
3 0,3667153 0,3110307 0,06662959 0,08910191
3 0,4964625 0,4563026 0,07585558 0,1179367
4 0,532423 0,3335979 0,08492297 0,1607475
5 0,08457589 0,7944391 0,07502109 0,1020744
5 0,1852564 0,3852355 0,0379909 0,05175066
5 0,7039874 0,5508155 0,04598236 0,08749056
