0 0,6170059 0,3944703 0,03015608 0,04477364
0 0,654715 0,4016256 0,03662843 0,04894793
1 0,4624322 0,2850166 0,03503042 0,04338151
2 0,8208393 0,8238909 0,236977 0,2563739
2 0,6161739 0,411706 0,04005885 0,03561181
2 0,6536119 0,4201737 0,04838151 0,03948843
3 0,1276786 0,5292283 0,3231055 0,2471629
3 0,5203019 0,4289526 0,05700526 0,09784621
3 0,1975192 0,4597407 0,201537 0,1417314
4 0,4545803 0,3700992 0,06891704 0,1546097
5 0,5900209 0,3932629 0,01942229 0,03544772
6 0,1859045 0,4666002 0,06736475 0,07180145
6 0,2292925 0,4567487 0,05941635 0,0664407
6 0,4691611 0,3115976 0,01677841 0,02921832
