0 0,3314304 0,7946758 0,08099312 0,2261601
0 0,5034597 0,1391678 0,02205512 0,04240507
0 0,5285352 0,1418422 0,02339166 0,04305649
1 0,3892703 0,09319454 0,03057906 0,05128992
2 0,6486449 0,4395289 0,0544768 0,07622397
2 0,6162924 0,3752181 0,0466857 0,06157774
2 0,3364512 0,8226873 0,09850717 0,2670402
2 0,5032318 0,1521949 0,02967572 0,03765446
2 0,528092 0,1550096 0,03116173 0,03832519
3 0,302432 0,4744042 0,123271 0,2448003
3 0,4670813 0,2261382 0,04469326 0,09559077
3 0,2612003 0,399637 0,1212517 0,1954562
4 0,3999169 0,1836702 0,04698783 0,1669472
5 0,6890814 0,4941466 0,03944939 0,09153199
5 0,4835109 0,1401273 0,01550978 0,03382587
6 0,2552295 0,4113663 0,04352917 0,08159506
6 0,2788787 0,3793801 0,03835279 0,07490242
6 0,3915161 0,109042 0,01518697 0,03323841
