0 0,5878497 0,5439813 0,02763629 0,03485486
0 0,6148412 0,546698 0,02839738 0,03511637
1 0,5069433 0,4583969 0,035813 0,04430175
2 0,9067817 0,7208444 0,07181746 0,06372623
2 0,3052745 0,3554558 0,01548386 0,01004356
2 0,5873538 0,5571908 0,03696293 0,02814519
2 0,6143179 0,5599207 0,03791833 0,02848145
3 0,6600922 0,8693771 0,3109267 0,6176552
3 0,6188168 0,5911703 0,07977068 0,08576798
3 0,4841407 0,7583638 0,2031587 0,3590124
4 0,530285 0,5458856 0,08303878 0,1637045
5 0,5658355 0,5449126 0,0188821 0,0291591
6 0,4806501 0,7780902 0,06841317 0,1531854
6 0,4922979 0,7321613 0,05942494 0,1226599
6 0,4997748 0,4819391 0,01767063 0,02988994
