0 0,5867736 0,2381544 0,02755564 0,0532707
0 0,6130475 0,2384432 0,02860034 0,05335462
1 0,5068075 0,2560546 0,03403866 0,07064092
2 0,858934 0,6595759 0,0580281 0,1060791
2 0,802361 0,5744036 0,05070478 0,08785382
2 0,5857384 0,2505578 0,03569609 0,05316931
2 0,6117654 0,2508603 0,03668523 0,05326182
3 0,5842277 0,8852695 0,1474113 0,4206192
3 0,603712 0,3964479 0,06698477 0,1336732
3 0,4925783 0,7722964 0,1225186 0,3462004
4 0,5278547 0,360921 0,07295614 0,2150809
5 0,9288694 0,7407125 0,05488539 0,09693924
5 0,5652598 0,2408826 0,01885599 0,04134506
6 0,4908681 0,7933278 0,03990909 0,1256359
6 0,4971232 0,7252415 0,03729212 0,1128723
