0 0,5066186 0,6751374 0,04885685 0,1262767
0 0,4767313 0,6007954 0,04093826 0,1036483
0 0,5404999 0,288635 0,01814628 0,02996421
0 0,5604376 0,2910751 0,01914561 0,03046864
1 0,461592 0,2484874 0,02145073 0,033741
2 0,6601686 0,4703174 0,03891802 0,04163843
2 0,635771 0,4349964 0,03433931 0,03518343
2 0,5067484 0,699522 0,06432274 0,1379484
2 0,4771833 0,622997 0,05392069 0,1097577
2 0,5401359 0,298399 0,02423662 0,02583998
2 0,5599709 0,3009577 0,02541274 0,0263477
3 0,4303162 0,4655088 0,0644491 0,124005
3 0,5199283 0,3411132 0,03582525 0,06176412
3 0,3943947 0,4279287 0,06026655 0,1045046
4 0,4695721 0,3103099 0,03527349 0,1117689
5 0,6884954 0,4942107 0,02588004 0,05597472
5 0,5379956 0,7597288 0,03749251 0,1229881
5 0,5246048 0,2890017 0,01253688 0,02409756
6 0,3913566 0,4341458 0,01994398 0,04698473
6 0,4029551 0,419009 0,01869529 0,04416358
6 0,4609921 0,2603409 0,0105868 0,02245981
