0 0,5082824 0,9653264 0,0640828 0,1456007
0 0,4705157 0,9100525 0,05033249 0,1108778
0 0,5406098 0,7338842 0,01837301 0,02566716
0 0,5610663 0,7349492 0,0193637 0,02610919
1 0,4611455 0,675626 0,02104497 0,02695233
2 0,682326 0,8414235 0,04574299 0,03233851
2 0,6509802 0,819348 0,03915787 0,02654278
2 0,4195266 0,5616499 0,01551479 0,01034686
2 0,4206288 0,5563371 0,01653954 0,01129809
2 0,4705211 0,9447103 0,0675146 0,107232
2 0,5405115 0,7441721 0,0249424 0,01971921
2 0,5610055 0,7453901 0,02620888 0,02010705
3 0,4200746 0,8211046 0,07418311 0,1018255
3 0,5202528 0,7566947 0,03779387 0,0487563
3 0,3819345 0,8000785 0,06825456 0,0837393
4 0,4678201 0,730128 0,0356687 0,09701927
5 0,71763 0,8466008 0,03004169 0,05838727
5 0,5243751 0,7354507 0,01268101 0,02157956
6 0,3780538 0,8049036 0,02276719 0,04372911
6 0,3920138 0,7967708 0,02045113 0,04073127
6 0,4602017 0,6912391 0,01042655 0,01928583
