0 0,4860063 0,2964717 0,01851502 0,03926241
0 0,4972709 0,3158143 0,02011037 0,04258001
1 0,5081749 0,6925979 0,07403326 0,1673642
2 0,3344511 0,3902193 0,03057331 0,03383064
2 0,3249061 0,4268737 0,03424254 0,03951573
2 0,486003 0,3083008 0,02440003 0,03533655
2 0,4971772 0,3282673 0,02654871 0,03890634
3 0,5317016 0,382029 0,0599907 0,09888208
3 0,3896178 0,6140367 0,0642601 0,2013024
3 0,5753374 0,4259334 0,07415235 0,1167457
4 0,4886381 0,6698811 0,08521688 0,4032044
5 0,3406863 0,3507062 0,0137614 0,0388338
5 0,4778464 0,285146 0,01041332 0,03153741
6 0,576741 0,4232334 0,02442813 0,04918849
