0 0,6235195 0,3165668 0,02922118 0,04824096
0 0,6557504 0,3300538 0,03311348 0,05098408
1 0,498037 0,2515542 0,02903718 0,05042261
2 0,8038174 0,8319497 0,09756148 0,1232735
2 0,6222361 0,3306201 0,03774136 0,04365474
2 0,654116 0,3446057 0,04238993 0,04658681
3 0,3584875 0,7373517 0,1572295 0,2936845
3 0,5739359 0,4343385 0,0534336 0,1222897
3 0,3377571 0,586083 0,1304782 0,1990857
4 0,5016688 0,3535751 0,04229704 0,18461
5 0,5990251 0,3096868 0,01947141 0,03648263
6 0,3307157 0,5982608 0,04508597 0,08189607
6 0,3576348 0,5645465 0,03994 0,07567236
6 0,4997326 0,2642787 0,0135763 0,0327574
