0 0,06659171 0,4292302 0,06295112 0,06786644
0 0,1187763 0,4203448 0,05643621 0,06600732
0 0,7672935 0,4555964 0,100649 0,1217041
0 0,8036807 0,5172005 0,1353399 0,1662389
1 0,5767525 0,2214009 0,03166074 0,0323844
2 0,06508726 0,6535153 0,1612652 0,1332965
2 0,1730961 0,6266404 0,1285495 0,1220434
2 0,0689719 0,4512189 0,07781959 0,06063628
2 0,1207434 0,4419965 0,07000953 0,05860353
2 0,7638503 0,4887816 0,1273232 0,1180642
2 0,7985734 0,5577468 0,1699237 0,1685105
3 0,3643492 0,3537008 0,0713104 0,06654418
3 0,5708315 0,3822317 0,09989065 0,1017395
3 0,3838184 0,3369132 0,04952785 0,04759747
4 0,5372754 0,3249264 0,08998585 0,1501814
5 0,02746284 0,4410492 0,04675397 0,05218357
5 0,7483267 0,4312194 0,05803496 0,08045644
6 0,3799691 0,3393523 0,01241535 0,02824259
6 0,3949153 0,3373134 0,01162905 0,02800828
6 0,5796516 0,2606512 0,01566112 0,03144246
6 0,5609778 0,2567769 0,01253939 0,02665299
