0 0,5862389 0,4840403 0,02777618 0,04004088
0 0,6130686 0,4840631 0,02862936 0,04009691
1 0,50631 0,4109956 0,03502521 0,0316326
2 0,8958494 0,6764436 0,06956452 0,0713158
2 0,2987621 0,2445366 0,01629132 0,01049078
2 0,5853918 0,4969749 0,03645992 0,03606129
2 0,6121488 0,4970151 0,03747225 0,03611472
3 0,6524501 0,9325067 0,2861717 0,683629
4 0,5308559 0,5145817 0,08105353 0,1762395
5 0,5663138 0,486949 0,01865244 0,0314616
6 0,4640325 0,980643 0,06218746 0,2042092
6 0,4999713 0,4450346 0,01727146 0,03236306
