0 0,096127 0,4192904 0,05626366 0,0742048
0 0,1438463 0,4113024 0,05059404 0,07261014
0 0,7115929 0,6105627 0,07549685 0,1321481
0 0,7237509 0,7247736 0,0911293 0,1679648
1 0,572368 0,2367779 0,03018939 0,05204201
2 0,1678824 0,7920405 0,09606599 0,1492414
2 0,2468246 0,7679046 0,07971638 0,1413961
2 0,1000277 0,4378923 0,06655777 0,07210982
2 0,1471185 0,4296912 0,06020275 0,07030773
2 0,7077012 0,6306884 0,09258014 0,1441461
2 0,718883 0,7456834 0,111022 0,1888268
3 0,3667153 0,3110307 0,06662959 0,08910191
3 0,5603257 0,4321575 0,08774632 0,1370557
3 0,3834454 0,2702635 0,04833165 0,05554956
4 0,532423 0,3335979 0,08492297 0,1607475
5 0,08457589 0,7944391 0,07502109 0,1020744
5 0,06088769 0,4296309 0,04351661 0,05197394
5 0,7039874 0,5508155 0,04598236 0,08749056
6 0,3797036 0,2725159 0,01208422 0,03307724
6 0,3943612 0,2709086 0,01129988 0,03284854
6 0,5750698 0,250654 0,01548409 0,03926325
