0 0,4382454 0,1544186 0,01852953 0,04150712
0 0,4458385 0,1715978 0,01972556 0,04479229
1 0,7872805 0,6460932 0,1417394 0,2589346
2 0,3066505 0,3524461 0,03817284 0,05753833
2 0,3044305 0,4055042 0,04294527 0,06983662
2 0,4385884 0,1673157 0,02343622 0,03656614
2 0,4461252 0,1851759 0,02503651 0,03990972
3 0,5517141 0,8771129 0,2140084 0,6269672
3 0,6128734 0,2561209 0,06002986 0,09962362
4 0,6487586 0,6386358 0,2289354 0,572242
5 0,3062265 0,2975993 0,01705199 0,05611289
5 0,4333208 0,1459065 0,01009935 0,03210568
6 0,6094236 0,2542414 0,02047503 0,04263914
6 0,6222737 0,2706984 0,02175552 0,04494792
