0 0,6144826 0,3942214 0,03032553 0,04711932
0 0,6517781 0,401316 0,03679794 0,05145216
1 0,4626573 0,2718561 0,03474572 0,02842385
2 0,8208393 0,8238909 0,236977 0,2563739
2 0,6131803 0,4111238 0,03937066 0,03994668
2 0,6501313 0,419489 0,0475477 0,04410875
3 0,1276786 0,5292283 0,3231055 0,2471629
3 0,5196978 0,4031667 0,0655534 0,07515019
3 0,06477988 0,4970785 0,2382764 0,1785428
4 0,4545803 0,3700992 0,06891704 0,1546097
5 0,8271944 0,03906316 0,07059592 0,1306543
5 0,5900209 0,3932629 0,01942229 0,03544772
6 0,04858366 0,5090369 0,06942365 0,08401778
6 0,1070486 0,4850777 0,0578019 0,07275933
6 0,4691611 0,3115976 0,01677841 0,02921832
