0 0,5016691 0,1391504 0,02235377 0,04445028
0 0,5266966 0,141822 0,02368152 0,04512525
1 0,3883924 0,08066642 0,02975997 0,03681618
2 0,6486449 0,4395289 0,0544768 0,07622397
2 0,6162924 0,3752181 0,0466857 0,06157774
2 0,5011054 0,1520255 0,02944803 0,04104626
2 0,525911 0,1548349 0,03093243 0,0417515
3 0,302432 0,4744042 0,123271 0,2448003
3 0,449311 0,1883122 0,0533573 0,08629441
3 0,2041132 0,4994586 0,1051175 0,2223416
4 0,3999169 0,1836702 0,04698783 0,1669472
5 0,6890814 0,4941466 0,03944939 0,09153199
5 0,4835109 0,1401273 0,01550978 0,03382587
6 0,2016607 0,5153551 0,04789829 0,08213609
6 0,2133458 0,4696968 0,04334489 0,0747771
6 0,3915161 0,109042 0,01518697 0,03323841
