0 0,585895 0,5439598 0,02801067 0,03685266
0 0,6128819 0,5466763 0,02877635 0,03711921
1 0,5065837 0,4456071 0,03526765 0,02948391
2 0,9067817 0,7208444 0,07181746 0,06372623
2 0,3052745 0,3554558 0,01548386 0,01004356
2 0,5850174 0,5570273 0,03679657 0,0316976
2 0,611976 0,5597567 0,03775883 0,0320363
3 0,6600922 0,8693771 0,3109267 0,6176552
3 0,5691121 0,5664437 0,07773948 0,07114002
3 0,4773294 0,9554113 0,2174948 0,7392983
4 0,530285 0,5458856 0,08303878 0,1637045
5 0,5658355 0,5449126 0,0188821 0,0291591
6 0,486741 0,9996396 0,08564425 0,2669948
6 0,4556528 0,8880267 0,06819189 0,1925537
6 0,4997748 0,4819391 0,01767063 0,02988994
