0 0,1080107 0,8971623 0,0913381 0,2112944
0 0,2122827 0,7413417 0,06954375 0,1620674
0 0,6747482 0,2835667 0,0278849 0,05594361
0 0,702243 0,3078465 0,03008026 0,0618484
1 0,5537289 0,1597195 0,02685493 0,03296614
2 0,597267 0,7056668 0,06003422 0,1360593
2 0,6152877 0,6087592 0,05206418 0,1052372
2 0,1150168 0,9265286 0,1060325 0,2464363
2 0,2163418 0,7686145 0,08295509 0,1822915
2 0,6726744 0,2969099 0,03472304 0,05516428
2 0,6997094 0,3219531 0,03709197 0,06184798
3 0,396901 0,3511743 0,08277926 0,1230631
3 0,5860394 0,2826656 0,05766439 0,08936912
3 0,37081 0,3151493 0,05783829 0,08846003
4 0,5416346 0,2454001 0,05343473 0,1397302
5 0,5770594 0,8017074 0,03415376 0,1349221
5 0,6564758 0,2707115 0,01947236 0,03978121
6 0,3673174 0,3206909 0,01854974 0,04006809
6 0,3808547 0,3077217 0,01764467 0,03826505
6 0,5587667 0,1845316 0,01377976 0,02920127
