0 0,6399188 0,9689986 0,07621378 0,2041773
0 0,5909283 0,7927097 0,05628669 0,147533
0 0,539075 0,2885905 0,01838785 0,03146768
0 0,558973 0,2910277 0,01940531 0,0319916
1 0,4613241 0,2398674 0,02127349 0,02369845
2 0,6601686 0,4703174 0,03891802 0,04163843
2 0,635771 0,4349964 0,03433931 0,03518343
2 0,5902076 0,8221493 0,07130849 0,1623637
2 0,5384399 0,298234 0,02407575 0,02840376
2 0,5582288 0,3007876 0,02527058 0,02894074
3 0,4303162 0,4655088 0,0644491 0,124005
3 0,5033384 0,3176864 0,04198092 0,05651557
3 0,3708569 0,4731231 0,03706047 0,1130087
4 0,4695721 0,3103099 0,03527349 0,1117689
5 0,6884954 0,4942107 0,02588004 0,05597472
5 0,5246048 0,2890017 0,01253688 0,02409756
6 0,3706681 0,4810563 0,02003151 0,04634342
6 0,3719426 0,4605658 0,01889685 0,04329967
6 0,4609921 0,2603409 0,0105868 0,02245981
