0 0,7768938 0,4522866 0,03587502 0,05192924
0 0,7551298 0,4493492 0,03613859 0,05388761
0 0,3465461 0,2817159 0,0284504 0,04941362
1 0,348131 0,2016845 0,03997099 0,0617134
2 0,5724122 0,3566989 0,02487779 0,02162427
2 0,7749192 0,4679092 0,04356498 0,046655
2 0,7532381 0,4655986 0,04399991 0,04837519
3 0,6854957 0,5058281 0,137684 0,1497585
3 0,3935788 0,3454453 0,0801844 0,09755713
3 0,7617046 0,6129432 0,1338908 0,1584244
4 0,4118038 0,3531659 0,1239393 0,2162549
5 0,5932704 0,3505934 0,01516241 0,02917379
5 0,7914693 0,4577686 0,02294493 0,0363099
6 0,767034 0,6159763 0,05241084 0,09105238
6 0,7434953 0,6202754 0,05255353 0,09517613
