0 0,6170701 0,3944769 0,0301466 0,04469413
0 0,6547896 0,4016337 0,03661752 0,04886276
0 0,4692647 0,3118387 0,02299735 0,03001332
1 0,462453 0,2862102 0,03498939 0,04525208
2 0,8208393 0,8238909 0,236977 0,2563739
2 0,6162532 0,4117206 0,040075 0,03547102
2 0,6537037 0,420191 0,048401 0,03933799
3 0,1276786 0,5292283 0,3231055 0,2471629
3 0,5173293 0,432442 0,06212404 0,1022504
3 0,2054698 0,4590579 0,1975738 0,1396144
4 0,4545803 0,3700992 0,06891704 0,1546097
5 0,5900209 0,3932629 0,01942229 0,03544772
6 0,1941851 0,4655557 0,06643514 0,0714545
6 0,2365525 0,4569051 0,05899858 0,06670111
