0 0,3860163 0,2738461 0,02789277 0,06701708
0 0,3835534 0,2662338 0,03024027 0,06997693
0 0,5644279 0,4824028 0,03191251 0,06129807
0 0,6026648 0,463178 0,03822774 0,05831391
0 0,431971 0,4516611 0,03068951 0,05115527
1 0,4262002 0,3933302 0,0438523 0,06928325
2 0,3853306 0,2670186 0,03505787 0,08367944
2 0,3825031 0,2466887 0,03790906 0,06732857
2 0,5591596 0,4912134 0,0328849 0,07909665
2 0,6008576 0,4801074 0,04757971 0,05836263
3 0,5190963 0,8706763 0,3239494 0,7333893
3 0,5887579 0,5028635 0,08483803 0,09942871
3 0,6043726 0,1155083 0,1079496 0,1856731
4 0,4437576 0,5304929 0,07906625 0,2466837
5 0,3865041 0,2850627 0,01282066 0,04209334
5 0,5516697 0,479408 0,02354592 0,04120773
6 0,5987533 0,1189496 0,03646958 0,07521915
6 0,6214966 0,08527452 0,04134601 0,08556575
