0 0,62128 0,3158231 0,02955002 0,05030537
0 0,6533042 0,3292325 0,03348905 0,0531199
1 0,498029 0,2387716 0,02901918 0,03592438
2 0,8038174 0,8319497 0,09756148 0,1232735
2 0,6195935 0,3295406 0,03746432 0,04715538
2 0,6512338 0,3434244 0,04212826 0,05018669
3 0,3584875 0,7373517 0,1572295 0,2936845
3 0,5558843 0,3689731 0,05935502 0,098023
3 0,2677257 0,7020651 0,1237937 0,251986
4 0,5016688 0,3535751 0,04229704 0,18461
5 0,5990251 0,3096868 0,01947141 0,03648263
6 0,2624855 0,7230415 0,04801227 0,07884149
6 0,2832146 0,659814 0,04219642 0,07062963
6 0,4997326 0,2642787 0,0135763 0,0327574
