0 0,7646565 0,4518062 0,09964186 0,1235549
0 0,7994761 0,5109347 0,1330661 0,1670814
1 0,5787927 0,214362 0,0326553 0,05058503
2 0,06508726 0,6535153 0,1612652 0,1332965
2 0,1730961 0,6266404 0,1285495 0,1220434
2 0,7610062 0,4832811 0,1238687 0,1221206
2 0,7940754 0,5490023 0,1640528 0,1708944
3 0,3643492 0,3537008 0,0713104 0,06654418
3 0,5518526 0,4431732 0,09234875 0,1571119
3 0,3324668 0,3438792 0,05545983 0,0490759
4 0,5372754 0,3249264 0,08998585 0,1501814
5 0,7483267 0,4312194 0,05803496 0,08045644
6 0,3284884 0,3463752 0,01518989 0,02905566
6 0,3440552 0,3442516 0,01434031 0,02880865
6 0,5796516 0,2606512 0,01566112 0,03144246
6 0,5609778 0,2567769 0,01253939 0,02665299
