0 0,8822309 0,5887518 0,1912975 0,2314681
1 0,581534 0,2119828 0,04178125 0,06497109
2 0,8729476 0,6344385 0,2327005 0,2455172
2 0,987044 0,8275928 0,4042183 0,4681863
3 0,3206977 0,3815831 0,09694752 0,08646226
3 0,5429822 0,5604506 0,1428216 0,3080847
3 0,2889863 0,3660912 0,07066286 0,06002033
4 0,5290213 0,3518038 0,1136142 0,1941162
5 0,83676 0,5334522 0,1009632 0,1341469
6 0,2842245 0,369073 0,02056116 0,03530115
6 0,3029612 0,3663965 0,0193345 0,03494239
6 0,5822133 0,2692153 0,01941764 0,03907579
