0 0,710597 0,6021829 0,07544255 0,133345
0 0,7223754 0,7130095 0,09080011 0,1683598
1 0,5745283 0,2302354 0,03169709 0,06768608
2 0,1678824 0,7920405 0,09606599 0,1492414
2 0,2468246 0,7679046 0,07971638 0,1413961
2 0,7067036 0,6206422 0,09131116 0,1449712
2 0,7175079 0,7318067 0,1091702 0,1875786
3 0,3667153 0,3110307 0,06662959 0,08910191
3 0,53964 0,561515 0,07348579 0,2060164
3 0,3330833 0,2757487 0,05413431 0,05696619
4 0,532423 0,3335979 0,08492297 0,1607475
5 0,08457589 0,7944391 0,07502109 0,1020744
5 0,7039874 0,5508155 0,04598236 0,08749056
6 0,329243 0,2780491 0,01484913 0,03386778
6 0,344497 0,2763764 0,01400286 0,03362823
6 0,5750698 0,250654 0,01548409 0,03926325
