0 0,4198847 0,1118182 0,01575246 0,03538311
0 0,4251539 0,1236801 0,0166004 0,03763533
1 0,7984052 0,6429458 0,1593434 0,3057719
2 0,3066505 0,3524461 0,03817284 0,05753833
2 0,3044305 0,4055042 0,04294527 0,06983662
2 0,4202497 0,1226853 0,01967955 0,03160959
2 0,4254904 0,1350387 0,02077809 0,03384942
3 0,3662448 0,8427862 0,1847991 0,4338655
3 0,5759941 0,2092147 0,04826891 0,08159041
4 0,6487586 0,6386358 0,2289354 0,572242
5 0,3062265 0,2975993 0,01705199 0,05611289
6 0,5733956 0,2081006 0,01704925 0,03634417
6 0,5831441 0,2205854 0,01795232 0,03802174
