0 0,7028102 0,1527221 0,04618704 0,08795613
0 0,7301794 0,1400016 0,05768847 0,09733289
0 0,6014878 0,4018385 0,02576071 0,05561787
0 0,6392139 0,4000376 0,03565592 0,05589116
0 0,4643235 0,3124971 0,02446988 0,03170937
0 0,4443388 0,3112893 0,02361083 0,02954978
1 0,4632308 0,2653594 0,03479883 0,04568142
2 0,8208393 0,8238909 0,236977 0,2563739
2 0,6994781 0,1434945 0,05317581 0,1096026
2 0,7299928 0,1119791 0,07175547 0,09515399
2 0,5961648 0,4080164 0,02486265 0,07297313
2 0,636317 0,4165058 0,04349166 0,05427945
3 0,3556468 0,4983352 0,1802647 0,173052
3 0,5801685 0,4130759 0,07265604 0,07116032
4 0,4545803 0,3700992 0,06891704 0,1546097
5 0,6943663 0,1682083 0,02449393 0,05496895
5 0,5900209 0,3932629 0,01942229 0,03544772
