0 0,7178284 0,1518839 0,05135024 0,08295494
0 0,7512288 0,1221273 0,06697637 0,1047728
0 0,6113162 0,3939168 0,0302363 0,04895431
0 0,6480947 0,4009367 0,03665191 0,05339456
1 0,4631754 0,2657753 0,03483444 0,04456234
2 0,8208393 0,8238909 0,236977 0,2563739
2 0,7184218 0,1239669 0,06525624 0,07511133
2 0,7519795 0,08830404 0,08504891 0,09737521
2 0,609598 0,4103804 0,03842849 0,04368156
2 0,6459709 0,4186198 0,04640251 0,04806828
3 0,1276786 0,5292283 0,3231055 0,2471629
3 0,5958883 0,4240128 0,08461058 0,082228
4 0,4545803 0,3700992 0,06891704 0,1546097
5 0,701983 0,1608028 0,02654099 0,05871785
5 0,5900209 0,3932629 0,01942229 0,03544772
6 0,4691611 0,3115976 0,01677841 0,02921832
