0 0,4994001 0,1391346 0,02253667 0,04613668
0 0,524366 0,1418025 0,02383673 0,04683071
1 0,3879023 0,074121 0,03074741 0,05107999
2 0,6486449 0,4395289 0,0544768 0,07622397
2 0,6162924 0,3752181 0,0466857 0,06157774
2 0,4985306 0,1517844 0,02910843 0,04403484
2 0,5232704 0,1545872 0,03057051 0,04476899
3 0,302432 0,4744042 0,123271 0,2448003
3 0,5074111 0,1961457 0,05513149 0,07386523
3 0,1491687 0,7119776 0,1679059 0,3628291
4 0,3999169 0,1836702 0,04698783 0,1669472
5 0,6890814 0,4941466 0,03944939 0,09153199
5 0,4835109 0,1401273 0,01550978 0,03382587
6 0,1445373 0,7385607 0,07266665 0,1213388
6 0,1653758 0,6571364 0,06314653 0,1064168
6 0,3915161 0,109042 0,01518697 0,03323841
