0 0,005438358 0,1535785 0,09630668 0,1294262
0 0,5834129 0,5439388 0,02826375 0,03853089
0 0,6103932 0,5466551 0,02903289 0,03880146
1 0,5057243 0,4395124 0,03555027 0,0446763
2 0,9067817 0,7208444 0,07181746 0,06372623
2 0,3052745 0,3554558 0,01548386 0,01004356
2 0,006955981 0,1211693 0,1244584 0,1308213
2 0,5821828 0,5567924 0,0365113 0,03487313
2 0,6091343 0,5595214 0,03747863 0,03521305
3 0,6600922 0,8693771 0,3109267 0,6176552
3 0,6376535 0,5741469 0,06483316 0,06250912
4 0,530285 0,5458856 0,08303878 0,1637045
5 0,04164049 0,1769186 0,04835916 0,08432442
5 0,5658355 0,5449126 0,0188821 0,0291591
6 0,4997748 0,4819391 0,01767063 0,02988994
