0 0,5824395 0,2384873 0,0282495 0,05722696
0 0,6086944 0,2387769 0,02936047 0,05731595
1 0,5054898 0,236041 0,03426185 0,07048905
2 0,858934 0,6595759 0,0580281 0,1060791
2 0,802361 0,5744036 0,05070478 0,08785382
2 0,5807431 0,2506151 0,03551078 0,05914623
2 0,6067547 0,2509179 0,03662443 0,05924535
3 0,5842277 0,8852695 0,1474113 0,4206192
3 0,6257758 0,3362184 0,0610677 0,1022998
4 0,5278547 0,360921 0,07295614 0,2150809
5 0,9288694 0,7407125 0,05488539 0,09693924
5 0,5652598 0,2408826 0,01885599 0,04134506
6 0,5002984 0,2621441 0,01657623 0,04241991
