0 0,4923539 0,1458302 0,01999944 0,05101591
0 0,5186309 0,1417658 0,02382231 0,04933107
0 0,3925243 0,1175814 0,02096912 0,03818387
1 0,3878646 0,07363743 0,03080758 0,05204034
2 0,6486449 0,4395289 0,0544768 0,07622397
2 0,6162924 0,3752181 0,0466857 0,06157774
2 0,4885521 0,1511113 0,02004424 0,06528091
2 0,5169996 0,1539289 0,02954084 0,04974437
3 0,417224 0,3556063 0,08676711 0,1509207
3 0,4934868 0,1849934 0,0501247 0,06709945
4 0,3999169 0,1836702 0,04698783 0,1669472
5 0,6890814 0,4941466 0,03944939 0,09153199
5 0,4835109 0,1401273 0,01550978 0,03382587
