0 0,4583658 0,3754917 0,02659211 0,04529494
0 0,4805348 0,3658617 0,02436551 0,04250854
1 0,4133784 0,332508 0,04187405 0,06751609
2 0,7211031 0,4569558 0,03396052 0,0365991
2 0,6810981 0,4455779 0,02874774 0,03419286
2 0,4577286 0,3887709 0,03441629 0,04339534
2 0,4798582 0,3785248 0,03167382 0,04041845
3 0,7276793 0,7657992 0,2128443 0,3892017
3 0,5262719 0,4033324 0,04185832 0,07442832
4 0,4595362 0,4510679 0,1010756 0,1937323
5 0,7617224 0,4535033 0,02672946 0,04442877
5 0,442733 0,3851328 0,01869005 0,03594786
