0 0,8348572 0,4586343 0,03529006 0,04845494
0 0,8174336 0,4562315 0,03570139 0,05009729
0 0,3445783 0,2826303 0,02917007 0,0520128
1 0,3445434 0,1901256 0,0422543 0,08817428
2 0,5724122 0,3566989 0,02487779 0,02162427
2 0,8329757 0,4724573 0,04245961 0,04545057
2 0,8156076 0,4705499 0,04300267 0,04696238
3 0,6854957 0,5058281 0,137684 0,1497585
3 0,4268335 0,3190113 0,03852713 0,07339835
3 0,8300571 0,6009315 0,1220098 0,1368652
4 0,4118038 0,3531659 0,1239393 0,2162549
5 0,5932704 0,3505934 0,01516241 0,02917379
5 0,8450527 0,4629714 0,02166528 0,0327574
6 0,8340328 0,603739 0,05113816 0,07948664
6 0,8157558 0,6070772 0,05161244 0,0826166
