0 0,8087635 0,2976744 0,05208296 0,07907188
0 0,7854543 0,2951729 0,05381924 0,0841434
2 0,4111899 0,09971344 0,03389311 0,04042417
2 0,3630505 0,08472669 0,03415006 0,04245228
2 0,8046508 0,3177835 0,05983627 0,07806629
2 0,7814703 0,316591 0,0619213 0,08302009
3 0,261499 0,4206905 0,5127779 0,6309032
3 0,9611053 0,6946849 0,2442898 0,401328
5 0,4505898 0,09310633 0,02178395 0,05337834
5 0,8192189 0,3027021 0,03189445 0,05001765
6 0,9631074 0,6923016 0,1212741 0,1915976
6 0,9434804 0,7258146 0,1294464 0,2131305
