0 0,7616148 0,4474466 0,09789222 0,1240458
0 0,7946846 0,5038045 0,1296746 0,1659676
1 0,5790026 0,2138637 0,03261721 0,05186844
2 0,06508726 0,6535153 0,1612652 0,1332965
2 0,1730961 0,6266404 0,1285495 0,1220434
2 0,7578305 0,4770665 0,1197259 0,1247055
2 0,7891154 0,5392625 0,1572071 0,1712497
3 0,3756394 0,3585551 0,0729802 0,07099873
3 0,5776265 0,5140569 0,1704451 0,2598679
3 0,2384352 0,3566347 0,06683855 0,05183548
4 0,5372754 0,3249264 0,08998585 0,1501814
5 0,7483267 0,4312194 0,05803496 0,08045644
6 0,2342156 0,359236 0,02053508 0,03056848
6 0,2509513 0,3569528 0,01956123 0,03029764
6 0,5798263 0,2606874 0,01569152 0,03148723
6 0,5612575 0,256835 0,01258403 0,02672422
