0 0,8732471 0,5769991 0,1841621 0,2266735
0 0,9865 0,7416577 0,3179688 0,3932087
1 0,5818 0,2113518 0,04174346 0,06662339
2 0,8637403 0,6190019 0,2201303 0,2403615
2 0,9674744 0,7946763 0,3707224 0,4356328
3 0,3316747 0,3893884 0,100851 0,09392673
3 0,5855694 0,766598 0,3708176 0,8153009
3 0,1749533 0,3822785 0,08728704 0,06409985
4 0,5290213 0,3518038 0,1136142 0,1941162
5 0,83676 0,5334522 0,1009632 0,1341469
6 0,1698453 0,3854113 0,02839163 0,03752267
6 0,1902649 0,3824944 0,02695073 0,03712201
6 0,5824326 0,2692745 0,01946419 0,03914505
