0 0,7094337 0,5924193 0,07489669 0,1333592
0 0,7207803 0,6993814 0,08982778 0,1672141
1 0,5747445 0,2297707 0,03169996 0,06879061
2 0,1678824 0,7920405 0,09606599 0,1492414
2 0,2468246 0,7679046 0,07971638 0,1413961
2 0,7055805 0,6092241 0,08956409 0,14465
2 0,7159715 0,7161441 0,1067066 0,1849136
3 0,3785284 0,3268496 0,06751385 0,09525669
3 0,5554721 0,6988572 0,1207376 0,310565
3 0,2409655 0,2857816 0,065245 0,05958772
4 0,532423 0,3335979 0,08492297 0,1607475
5 0,08457589 0,7944391 0,07502109 0,1020744
5 0,7039874 0,5508155 0,04598236 0,08749056
6 0,2369433 0,2881699 0,02016543 0,03532588
6 0,2533187 0,2863743 0,01919796 0,03506595
6 0,5752227 0,2509944 0,01551032 0,0393188
