0 0,4176019 0,1067456 0,01547873 0,03569496
0 0,4226117 0,1180276 0,01628992 0,03788954
1 0,799462 0,6431249 0,1603382 0,3087053
2 0,3066505 0,3524461 0,03817284 0,05753833
2 0,3044305 0,4055042 0,04294527 0,06983662
2 0,4179075 0,117047 0,0192593 0,03304303
2 0,4228857 0,1287761 0,02029461 0,03525019
3 0,530435 0,151269 0,03540826 0,06147742
4 0,6487586 0,6386358 0,2289354 0,572242
5 0,3062265 0,2975993 0,01705199 0,05611289
6 0,5287238 0,1508899 0,01313788 0,02890116
6 0,5352393 0,1592343 0,01368511 0,02996153
