0 0,3856428 0,2811137 0,02672163 0,06013423
0 0,3832728 0,2645683 0,03062719 0,06922722
0 0,5704945 0,4712871 0,03554326 0,05619767
0 0,6070218 0,4616311 0,0383594 0,05683059
1 0,4262002 0,3933302 0,0438523 0,06928325
2 0,3846463 0,262978 0,03349918 0,05581683
2 0,382148 0,24401 0,03840107 0,06458122
2 0,5692711 0,4880399 0,04480469 0,05486584
2 0,6056162 0,4788845 0,04851228 0,0552288
3 0,6717605 0,4800971 0,1157309 0,1072688
3 0,6243991 0,08634233 0,1246775 0,2170257
4 0,4437576 0,5304929 0,07906625 0,2466837
5 0,3865041 0,2850627 0,01282066 0,04209334
5 0,5516697 0,479408 0,02354592 0,04120773
6 0,6176502 0,09096956 0,04051203 0,08379245
6 0,6453161 0,05000633 0,04659474 0,09784466
6 0,4304592 0,44903 0,02161497 0,04427218
