0 0,7058557 0,1623783 0,04650104 0,078565
0 0,7339622 0,1373043 0,05915588 0,09700859
0 0,6075637 0,3935617 0,0299294 0,05037957
0 0,6437359 0,4004934 0,03623939 0,05488414
1 0,4632308 0,2653594 0,03479883 0,04568142
2 0,8208393 0,8238909 0,236977 0,2563739
2 0,7060691 0,1373973 0,05854094 0,0733909
2 0,7341688 0,1075921 0,07428974 0,09227884
2 0,6054724 0,4094905 0,03726542 0,04695696
2 0,6411867 0,4175842 0,04498869 0,05151904
3 0,2147294 0,5088525 0,2582579 0,2120113
3 0,661077 0,4310255 0,1132088 0,09567338
4 0,4545803 0,3700992 0,06891704 0,1546097
5 0,6943663 0,1682083 0,02449393 0,05496895
5 0,5900209 0,3932629 0,01942229 0,03544772
6 0,46831 0,3117086 0,01696312 0,02949995
