0 0,4966789 0,1391199 0,02262303 0,04754424
0 0,521572 0,1417832 0,02387744 0,04825282
1 0,3878646 0,07363743 0,03080758 0,05204034
2 0,6486449 0,4395289 0,0544768 0,07622397
2 0,6162924 0,3752181 0,0466857 0,06157774
2 0,4955241 0,1514777 0,02866659 0,04672891
2 0,5201882 0,1542723 0,03008604 0,04748708
3 0,3394028 0,4226239 0,1034115 0,2102611
3 0,5427724 0,1876355 0,06185138 0,07976013
4 0,3999169 0,1836702 0,04698783 0,1669472
5 0,6890814 0,4941466 0,03944939 0,09153199
5 0,4835109 0,1401273 0,01550978 0,03382587
6 0,3916969 0,1105266 0,0152851 0,03348023
