0 0,04358894 0,1681898 0,08102641 0,1282386
0 0,5753527 0,5508224 0,02594322 0,04469085
0 0,604243 0,546614 0,02924925 0,04135713
0 0,5081173 0,4850075 0,02548274 0,03278881
1 0,5056318 0,4390863 0,03550723 0,04576123
2 0,9067817 0,7208444 0,07181746 0,06372623
2 0,3052745 0,3554558 0,01548386 0,01004356
2 0,04952121 0,1595411 0,09049729 0,156114
2 0,5710349 0,5562061 0,02737689 0,05928823
2 0,6023587 0,5588888 0,03664196 0,04057637
3 0,6846732 0,6957421 0,1554046 0,1942622
3 0,6142909 0,5668453 0,05752325 0,0568122
3 0,206878 0,003130436 0,2081873 0,504644
4 0,530285 0,5458856 0,08303878 0,1637045
5 0,0583927 0,1914424 0,04383761 0,07789677
5 0,5658355 0,5449126 0,0188821 0,0291591
6 0,2121779 0,01390088 0,07834415 0,1797411
