0 0,5795252 0,2387188 0,02840561 0,05872589
0 0,6057675 0,2390081 0,02954173 0,05881637
1 0,5053977 0,235468 0,03423202 0,07137126
2 0,858934 0,6595759 0,0580281 0,1060791
2 0,802361 0,5744036 0,05070478 0,08785382
2 0,5775401 0,2506097 0,03521878 0,06162512
2 0,6035428 0,2509121 0,03638673 0,06172556
3 0,591193 0,7777103 0,1336711 0,3492017
3 0,6545332 0,3143275 0,06981504 0,1097427
4 0,5278547 0,360921 0,07295614 0,2150809
5 0,9288694 0,7407125 0,05488539 0,09693924
5 0,5652598 0,2408826 0,01885599 0,04134506
6 0,5017049 0,2651018 0,01668745 0,04274297
