0 0,5351036 0,28848 0,01858807 0,03374839
0 0,5548909 0,2909088 0,01962733 0,03430021
1 0,4610068 0,2351021 0,02145839 0,03416073
2 0,6601686 0,4703174 0,03891802 0,04163843
2 0,635771 0,4349964 0,03433931 0,03518343
2 0,5339903 0,2977235 0,02346915 0,03271848
2 0,5536594 0,3002625 0,02468604 0,03330225
3 0,4488895 0,4422495 0,06204918 0,1117072
3 0,5745142 0,3202366 0,04868966 0,05305243
3 0,3465098 0,859558 0,0879077 0,3610753
4 0,4695721 0,3103099 0,03527349 0,1117689
5 0,6884954 0,4942107 0,02588004 0,05597472
5 0,5246048 0,2890017 0,01253688 0,02409756
6 0,3454559 0,8863843 0,04426822 0,1202267
6 0,3505098 0,8051343 0,03913242 0,1033265
6 0,4613541 0,2612537 0,01064512 0,02259868
