0 0,842626 0,4598018 0,03548366 0,04919386
0 0,8257498 0,4574776 0,03591478 0,05083829
1 0,344171 0,1892737 0,04224044 0,09025991
2 0,5724122 0,3566989 0,02487779 0,02162427
2 0,8409753 0,4731724 0,04257184 0,04788429
2 0,8241634 0,4713203 0,04310983 0,04945743
3 0,6444463 0,4768046 0,1238244 0,1347317
3 0,4253334 0,3015641 0,04497477 0,06725699
3 0,9166877 0,5857077 0,1054494 0,1107223
4 0,4118038 0,3531659 0,1239393 0,2162549
5 0,5932704 0,3505934 0,01516241 0,02917379
5 0,8508118 0,4635306 0,02151543 0,03237575
6 0,9192237 0,5881791 0,04766989 0,06514379
6 0,9066485 0,5904758 0,04831195 0,06723547
