0 0,4564781 0,2131821 0,01102936 0,02821177
0 0,4576259 0,2240236 0,01161343 0,02987456
1 0,5099149 0,6735555 0,07764179 0,175054
2 0,3344511 0,3902193 0,03057331 0,03383064
2 0,3249061 0,4268737 0,03424254 0,03951573
2 0,4566257 0,2213741 0,01401928 0,0259102
2 0,4577723 0,232558 0,01476219 0,02756351
3 0,5374846 0,2708709 0,02581012 0,0542534
4 0,4886381 0,6698811 0,08521688 0,4032044
5 0,3406863 0,3507062 0,0137614 0,0388338
6 0,5366005 0,2700881 0,01110744 0,0238772
6 0,5399036 0,2788829 0,01154524 0,02475858
