0 0,8115898 0,3112831 0,05334902 0,08686757
0 0,788659 0,2961189 0,05420172 0,08555675
2 0,4111899 0,09971344 0,03389311 0,04042417
2 0,3630505 0,08472669 0,03415006 0,04245228
2 0,8122203 0,3188782 0,06413418 0,1155031
2 0,7851004 0,3168127 0,06241626 0,08716905
3 0,2216927 0,1927862 0,2391612 0,2899305
3 0,9758247 0,66962 0,2287572 0,3634787
5 0,4505898 0,09310633 0,02178395 0,05337834
5 0,8192189 0,3027021 0,03189445 0,05001765
6 0,9773266 0,6680225 0,115063 0,176437
6 0,9602963 0,6971012 0,1224741 0,1946382
