0 0,7552689 0,4553289 0,08449477 0,1273867
0 0,7891411 0,4955686 0,1251447 0,163059
1 0,5790026 0,2138637 0,03261721 0,05186844
2 0,06508726 0,6535153 0,1612652 0,1332965
2 0,1730961 0,6266404 0,1285495 0,1220434
2 0,7496132 0,4617285 0,08732861 0,1551067
2 0,7835103 0,5281845 0,1492186 0,1698922
3 0,3839757 0,3819969 0,06885505 0,09058142
3 0,5792732 0,4156245 0,07596117 0,1257418
3 0,2241504 0,3585726 0,0686256 0,05226058
4 0,5372754 0,3249264 0,08998585 0,1501814
5 0,7483267 0,4312194 0,05803496 0,08045644
6 0,2198936 0,3611897 0,02137688 0,03080112
6 0,2368103 0,358882 0,02038333 0,03052652
6 0,5731519 0,2657645 0,01712489 0,03533679
6 0,5818366 0,2611044 0,01604456 0,03200585
6 0,5744178 0,2595652 0,01475799 0,03009522
6 0,5628713 0,2571698 0,01284325 0,02713639
