0 0,854555 0,5786573 0,15073 0,2162598
0 0,9649529 0,7124922 0,2927093 0,3666228
1 0,5818 0,2113518 0,04174346 0,06662339
2 0,8408695 0,5818467 0,1499577 0,249675
2 0,9465192 0,7593035 0,3353521 0,4009299
3 0,3306202 0,4278858 0,1071436 0,1304661
3 0,5840807 0,5013023 0,1139447 0,2176906
3 0,1574931 0,3847572 0,08993376 0,06473523
4 0,5290213 0,3518038 0,1136142 0,1941162
5 0,83676 0,5334522 0,1009632 0,1341469
6 0,1523311 0,387913 0,02964222 0,03786784
6 0,1730144 0,3849586 0,02816668 0,03746033
6 0,5743806 0,2769355 0,02172834 0,045268
6 0,5849651 0,2699579 0,02000743 0,0399493
6 0,5757103 0,2674599 0,01805258 0,03701752
