0 0,5739586 0,4917769 0,02529842 0,04847637
0 0,6039568 0,4848992 0,0290699 0,0445894
1 0,5052806 0,4041981 0,03511646 0,04703951
2 0,8958494 0,6764436 0,06956452 0,0713158
2 0,2987621 0,2445366 0,01629132 0,01049078
2 0,5697425 0,4975261 0,02662653 0,06343028
2 0,6020377 0,4971051 0,036268 0,04482248
3 0,6826349 0,6832931 0,1421897 0,2120384
4 0,5308559 0,5145817 0,08105353 0,1762395
5 0,02864569 0,01806998 0,05304823 0,09321439
5 0,5663138 0,486949 0,01865244 0,0314616
6 0,5095727 0,4505466 0,01831818 0,03438729
