0 0,7061569 0,5836869 0,06712961 0,1261586
0 0,7188985 0,6833207 0,08820677 0,1646014
1 0,5747445 0,2297707 0,03169996 0,06879061
2 0,1678824 0,7920405 0,09606599 0,1492414
2 0,2468246 0,7679046 0,07971638 0,1413961
2 0,7026181 0,5791683 0,07211435 0,1419966
2 0,7142027 0,6980194 0,1035529 0,180894
3 0,3897352 0,3888241 0,06022483 0,1246362
3 0,5646551 0,5090793 0,06195438 0,1686185
3 0,226983 0,2873043 0,06698772 0,05998886
4 0,532423 0,3335979 0,08492297 0,1607475
5 0,08457589 0,7944391 0,07502109 0,1020744
5 0,7039874 0,5508155 0,04598236 0,08749056
6 0,2229329 0,2897061 0,0210017 0,03554875
6 0,2394818 0,2878915 0,02001475 0,03528565
6 0,5676516 0,2788617 0,01661193 0,04398072
6 0,5769792 0,254904 0,01581293 0,03995872
