0 0,4169329 0,1107377 0,01586801 0,03849226
0 0,4219125 0,11673 0,01625156 0,03875613
1 0,799462 0,6431249 0,1603382 0,3087053
2 0,3066505 0,3524461 0,03817284 0,05753833
2 0,3044305 0,4055042 0,04294527 0,06983662
2 0,4161483 0,1134546 0,01926142 0,04949427
2 0,4221113 0,1269668 0,02017155 0,03731573
3 0,5048141 0,3566559 0,09140944 0,1503198
3 0,4332803 0,9399562 0,175652 0,4472197
3 0,5251397 0,1445339 0,03403252 0,05929428
4 0,6487586 0,6386358 0,2289354 0,572242
5 0,3062265 0,2975993 0,01705199 0,05611289
6 0,5235198 0,1442251 0,0127064 0,0280602
6 0,5297021 0,1521429 0,01321948 0,02905983
6 0,7495733 0,7154837 0,07485294 0,1637029
