0 0,4907345 0,1456265 0,01953837 0,05203563
0 0,5181428 0,1417631 0,02380621 0,04948002
1 0,3878646 0,07363743 0,03080758 0,05204034
2 0,6486449 0,4395289 0,0544768 0,07622397
2 0,6162924 0,3752181 0,0466857 0,06157774
2 0,4868959 0,1509674 0,01943606 0,06694961
2 0,5164746 0,1538711 0,02944803 0,05007601
3 0,4243101 0,3494182 0,08509293 0,1447033
3 0,4851748 0,1853191 0,04846144 0,06538373
4 0,3999169 0,1836702 0,04698783 0,1669472
5 0,6890814 0,4941466 0,03944939 0,09153199
5 0,4835109 0,1401273 0,01550978 0,03382587
6 0,3926762 0,1185607 0,01581559 0,03479421
