0 0,3683639 0,015576 0,06446281 0,1601326
0 0,5025276 0,366921 0,01994374 0,04245454
0 0,5284207 0,3518221 0,02374828 0,03963053
1 0,4045488 0,3091663 0,02774587 0,04418731
2 0,6899712 0,444879 0,06723356 0,05357951
2 0,6447195 0,4242113 0,05400157 0,04266524
2 0,4432251 0,2295904 0,01445028 0,01197642
2 0,445881 0,225087 0,01531217 0,01275301
2 0,3670447 0,009999812 0,0798434 0,1942161
2 0,4990741 0,3732707 0,02029032 0,05486697
2 0,527372 0,3635832 0,02927762 0,03906035
3 0,4345808 0,4662557 0,08948117 0,1255614
3 0,49725 0,3765631 0,0481146 0,05799603
4 0,4147722 0,3903316 0,04367301 0,1305556
5 0,7487029 0,442279 0,04872292 0,08591813
5 0,3706289 0,0521428 0,02930784 0,1049215
5 0,4955146 0,3647631 0,0154649 0,02823842
6 0,4088095 0,3456765 0,01440373 0,02944803
