0 0,6630915 0,281901 0,02497566 0,06126076
0 0,6923537 0,3001583 0,03059345 0,06506413
1 0,554543 0,1539626 0,02738416 0,04550213
2 0,597267 0,7056668 0,06003422 0,1360593
2 0,6152877 0,6087592 0,05206418 0,1052372
2 0,6585755 0,284453 0,02536601 0,07616854
2 0,689017 0,3121759 0,03618836 0,06822354
3 0,4828954 0,3663409 0,07397002 0,1184658
3 0,6179907 0,3070838 0,05515331 0,0789569
3 0,1484315 0,5268549 0,1285443 0,1849095
4 0,5416346 0,2454001 0,05343473 0,1397302
5 0,5770594 0,8017074 0,03415376 0,1349221
5 0,6564758 0,2707115 0,01947236 0,03978121
6 0,1396223 0,5388305 0,03631937 0,07415807
6 0,1743262 0,5055827 0,03330015 0,06850311
6 0,5528393 0,1918005 0,01417208 0,03034139
