0 0,5725695 0,2452782 0,02561355 0,0618363
0 0,6021655 0,2392958 0,02960968 0,06011879
1 0,5053977 0,235468 0,03423202 0,07137126
2 0,858934 0,6595759 0,0580281 0,1060791
2 0,802361 0,5744036 0,05070478 0,08785382
2 0,568245 0,2509108 0,02707493 0,07692605
2 0,599663 0,2508851 0,03599799 0,06405717
3 0,6332929 0,6183782 0,1047072 0,2233447
3 0,5979117 0,3229514 0,0526433 0,08994675
4 0,5278547 0,360921 0,07295614 0,2150809
5 0,9288694 0,7407125 0,05488539 0,09693924
5 0,5652598 0,2408826 0,01885599 0,04134506
6 0,5093074 0,2810866 0,01734143 0,04450089
