0 0,5302373 0,293272 0,01622069 0,03736883
0 0,5521595 0,2908335 0,01961064 0,03520972
1 0,4610068 0,2351021 0,02145839 0,03416073
2 0,6601686 0,4703174 0,03891802 0,04163843
2 0,635771 0,4349964 0,03433931 0,03518343
2 0,5271037 0,2971928 0,01628798 0,04854643
2 0,5506957 0,2998948 0,02423197 0,03528112
3 0,4995395 0,4083983 0,06054467 0,08347934
3 0,5302742 0,3169701 0,03728426 0,0437429
3 0,3415031 0,9390264 0,1004186 0,430204
4 0,4695721 0,3103099 0,03527349 0,1117689
5 0,6884954 0,4942107 0,02588004 0,05597472
5 0,5246048 0,2890017 0,01253688 0,02409756
6 0,3401845 0,9711329 0,04977629 0,1389743
6 0,3463092 0,8726662 0,04339123 0,1172998
6 0,4633006 0,2661607 0,01095834 0,0233472
