0 0,5743468 0,2453746 0,02594042 0,0609417
0 0,6026788 0,2392548 0,02960753 0,05996013
0 0,5081311 0,2788961 0,02372682 0,05193448
1 0,5053977 0,235468 0,03423202 0,07137126
2 0,858934 0,6595759 0,0580281 0,1060791
2 0,802361 0,5744036 0,05070478 0,08785382
2 0,5699774 0,2508336 0,02742916 0,07536227
2 0,6002123 0,25089 0,03605807 0,0637607
3 0,6299288 0,6314179 0,1085426 0,234896
3 0,6058823 0,3205658 0,05482423 0,09244168
4 0,5278547 0,360921 0,07295614 0,2150809
5 0,9288694 0,7407125 0,05488539 0,09693924
5 0,5652598 0,2408826 0,01885599 0,04134506
