0 0,7384004 0,4471462 0,07126218 0,1173252
0 0,7829678 0,4864101 0,1196181 0,1584714
1 0,5790026 0,2138637 0,03261721 0,05186844
2 0,06508726 0,6535153 0,1612652 0,1332965
2 0,1730961 0,6266404 0,1285495 0,1220434
2 0,7343523 0,4384028 0,07310379 0,1451879
2 0,7773851 0,5160093 0,1403189 0,1669692
3 0,4174928 0,4032011 0,0945133 0,1102092
3 0,5525611 0,3767387 0,05367732 0,09029609
3 0,2241504 0,3585726 0,0686256 0,05226058
4 0,5372754 0,3249264 0,08998585 0,1501814
5 0,7483267 0,4312194 0,05803496 0,08045644
6 0,2198936 0,3611897 0,02137688 0,03080112
6 0,2368103 0,358882 0,02038333 0,03052652
6 0,5472265 0,2687702 0,01584584 0,03586823
6 0,5803924 0,260805 0,01579058 0,03163338
