0 0,8154206 0,5486059 0,1178273 0,184724
0 0,9423248 0,6818857 0,2658681 0,3374519
1 0,5818 0,2113518 0,04174346 0,06662339
2 0,8063683 0,5317893 0,1179851 0,2185376
2 0,9249085 0,7227072 0,299768 0,3659362
3 0,3635261 0,4674977 0,14915 0,1715061
3 0,5474759 0,4257436 0,07022172 0,1331826
3 0,1574931 0,3847572 0,08993376 0,06473523
4 0,5290213 0,3518038 0,1136142 0,1941162
5 0,83676 0,5334522 0,1009632 0,1341469
6 0,1523311 0,387913 0,02964222 0,03786784
6 0,1730144 0,3849586 0,02816668 0,03746033
6 0,5415538 0,2809025 0,01970118 0,04613763
6 0,5831438 0,2694665 0,01961619 0,03937095
