0 0,3551991 0,2033763 0,05960166 0,1098536
0 0,3976139 0,1495538 0,04940253 0,09094852
0 0,3291255 0,2912602 0,126008 0,2356743
1 0,2790094 0,0627625 0,248998 0,3361292
2 0,8015714 0,1876882 0,06517422 0,04489523
2 0,7524934 0,1878623 0,06047124 0,04523826
2 0,3492067 0,2230138 0,06953335 0,1398024
2 0,3970469 0,1758686 0,06083897 0,09048188
3 0,4947593 0,2109043 0,06030491 0,1618996
4 0,4987449 0,4569022 0,4264975 0,6107861
5 0,8503246 0,1657225 0,0451898 0,05871737
5 0,337042 0,2084092 0,04522479 0,08208036
