0 0,4134338 0,1080667 0,01596588 0,03481621
0 0,4210889 0,1152039 0,01616967 0,03936487
1 0,799462 0,6431249 0,1603382 0,3087053
2 0,3066505 0,3524461 0,03817284 0,05753833
2 0,3044305 0,4055042 0,04294527 0,06983662
2 0,4121493 0,1079906 0,0191156 0,04848993
2 0,4212114 0,1248489 0,02000153 0,03916574
3 0,4641951 0,4495893 0,1057673 0,2295479
3 0,5651481 0,7825341 0,1494624 0,3402438
3 0,5251397 0,1445339 0,03403252 0,05929428
4 0,6487586 0,6386358 0,2289354 0,572242
5 0,3062265 0,2975993 0,01705199 0,05611289
6 0,5235198 0,1442251 0,0127064 0,0280602
6 0,5297021 0,1521429 0,01321948 0,02905983
6 0,6845869 0,589171 0,05886054 0,1312408
