0 0,384331 0,2768834 0,02730593 0,05673081
0 0,3839755 0,2687289 0,02960286 0,07025021
0 0,5436613 0,4966239 0,029383 0,06501889
0 0,5959078 0,4655814 0,03784823 0,05992079
1 0,4262002 0,3933302 0,0438523 0,06928325
2 0,3833798 0,2769414 0,03380117 0,07933086
2 0,3830304 0,2506785 0,03711471 0,07021803
2 0,5376346 0,4970853 0,02971661 0,08446449
2 0,5935875 0,4819455 0,04610151 0,06217861
3 0,6083656 0,6420872 0,2110545 0,3109674
3 0,5071903 0,541199 0,08431655 0,1114359
3 0,6043726 0,1155083 0,1079496 0,1856731
4 0,4437576 0,5304929 0,07906625 0,2466837
5 0,3865041 0,2850627 0,01282066 0,04209334
5 0,5516697 0,479408 0,02354592 0,04120773
6 0,5987533 0,1189496 0,03646958 0,07521915
6 0,6214966 0,08527452 0,04134601 0,08556575
6 0,4355067 0,4565948 0,02573225 0,0529694
6 0,4301941 0,4486233 0,02139539 0,04381073
