0 0,5315322 0,2934462 0,01657295 0,03658533
0 0,5525483 0,2908441 0,01961803 0,03509891
0 0,462995 0,2655883 0,0148944 0,02533531
1 0,4610068 0,2351021 0,02145839 0,03416073
2 0,6601686 0,4703174 0,03891802 0,04163843
2 0,635771 0,4349964 0,03433931 0,03518343
2 0,5284163 0,2973382 0,0167836 0,04728109
2 0,5511147 0,2999474 0,02429843 0,03502721
3 0,4951571 0,4113729 0,06165025 0,08636451
3 0,5365838 0,317031 0,03876883 0,04485363
3 0,3415031 0,9390264 0,1004186 0,430204
4 0,4695721 0,3103099 0,03527349 0,1117689
5 0,6884954 0,4942107 0,02588004 0,05597472
5 0,5246048 0,2890017 0,01253688 0,02409756
6 0,3401845 0,9711329 0,04977629 0,1389743
6 0,3463092 0,8726662 0,04339123 0,1172998
