0 0,6490902 0,2776227 0,02382392 0,0596987
0 0,6877716 0,2966049 0,0304082 0,06528372
1 0,554543 0,1539626 0,02738416 0,04550213
2 0,597267 0,7056668 0,06003422 0,1360593
2 0,6152877 0,6087592 0,05206418 0,1052372
2 0,6451127 0,2732583 0,02434009 0,07503885
2 0,6842412 0,3077536 0,03547704 0,0695433
3 0,539759 0,3639221 0,07369488 0,1281022
3 0,5729975 0,2834542 0,04981631 0,07140142
3 0,1484315 0,5268549 0,1285443 0,1849095
4 0,5416346 0,2454001 0,05343473 0,1397302
5 0,5770594 0,8017074 0,03415376 0,1349221
5 0,6564758 0,2707115 0,01947236 0,03978121
6 0,1396223 0,5388305 0,03631937 0,07415807
6 0,1743262 0,5055827 0,03330015 0,06850311
6 0,5446981 0,2017843 0,01470315 0,03192371
6 0,5586191 0,1847169 0,01378977 0,02923036
