0 0,5196851 0,2972406 0,01530957 0,03815579
0 0,5489005 0,2907461 0,0195024 0,03595281
1 0,4610068 0,2351021 0,02145839 0,03416073
2 0,6601686 0,4703174 0,03891802 0,04163843
2 0,635771 0,4349964 0,03433931 0,03518343
2 0,5163206 0,2962494 0,01512873 0,05002964
2 0,5472097 0,2994471 0,02365649 0,03713715
3 0,5261693 0,375725 0,05491304 0,07994866
3 0,497313 0,3233777 0,03762701 0,04551446
3 0,3415031 0,9390264 0,1004186 0,430204
4 0,4695721 0,3103099 0,03527349 0,1117689
5 0,6884954 0,4942107 0,02588004 0,05597472
5 0,5246048 0,2890017 0,01253688 0,02409756
6 0,3401845 0,9711329 0,04977629 0,1389743
6 0,3463092 0,8726662 0,04339123 0,1172998
6 0,4664807 0,2741766 0,01147059 0,02458119
6 0,4610529 0,2604878 0,0105961 0,0224824
