0 0,4374104 0,4003595 0,02555257 0,056243
0 0,4717264 0,3707074 0,02560455 0,0475089
1 0,4131678 0,3319647 0,04185653 0,06871557
2 0,7211031 0,4569558 0,03396052 0,0365991
2 0,6810981 0,4455779 0,02874774 0,03419286
2 0,4330995 0,4016388 0,02772072 0,07298917
2 0,4702106 0,3830475 0,03184894 0,04953802
3 0,5913956 0,4748908 0,07645905 0,1183998
3 0,4805431 0,4448741 0,04793936 0,09205323
4 0,4595362 0,4510679 0,1010756 0,1937323
5 0,7617224 0,4535033 0,02672946 0,04442877
5 0,442733 0,3851328 0,01869005 0,03594786
6 0,447016 0,3926259 0,02091208 0,04835522
6 0,4034041 0,380442 0,02189657 0,04508835
