0 0,519456 0,7442088 0,01554233 0,03540029
0 0,5492598 0,7354656 0,01966995 0,03175965
1 0,4609042 0,6632729 0,02086177 0,02715898
2 0,682326 0,8414235 0,04574299 0,03233851
2 0,6509802 0,819348 0,03915787 0,02654278
2 0,4195266 0,5616499 0,01551479 0,01034686
2 0,4206288 0,5563371 0,01653954 0,01129809
2 0,5159843 0,7433163 0,0152815 0,04754622
2 0,5478187 0,7447506 0,02415913 0,03198658
3 0,5274302 0,7738886 0,05922523 0,06246075
3 0,4964386 0,7479973 0,03908503 0,03860922
4 0,4678201 0,730128 0,0356687 0,09701927
5 0,71763 0,8466008 0,03004169 0,05838727
5 0,5243751 0,7354507 0,01268101 0,02157956
6 0,4654649 0,6949072 0,01141348 0,02116552
6 0,4602597 0,6912779 0,01043701 0,01930559
