0 0,8510413 0,4714865 0,03616291 0,05126643
0 0,8307732 0,459015 0,03635401 0,0528574
1 0,344171 0,1892737 0,04224044 0,09025991
2 0,5724122 0,3566989 0,02487779 0,02162427
2 0,8521469 0,4728541 0,04277432 0,07320112
2 0,829748 0,4719629 0,04342949 0,05513334
3 0,4068475 0,3566159 0,03765211 0,09632677
3 0,9269181 0,5839099 0,1033827 0,1077196
4 0,4118038 0,3531659 0,1239393 0,2162549
5 0,5932704 0,3505934 0,01516241 0,02917379
5 0,8508118 0,4635306 0,02151543 0,03237575
6 0,9293046 0,5863379 0,04712224 0,06347328
6 0,917332 0,5885245 0,04776925 0,06545785
6 0,3972349 0,2784432 0,01742423 0,05774194
