0 0,4549409 0,2128354 0,01176578 0,02723849
0 0,4572827 0,2212065 0,01147586 0,03110248
1 0,5099149 0,6735555 0,07764179 0,175054
2 0,3344511 0,3902193 0,03057331 0,03383064
2 0,3249061 0,4268737 0,03424254 0,03951573
2 0,4542753 0,2124413 0,0144791 0,03765911
2 0,4573877 0,2288151 0,01456204 0,03068858
3 0,4141625 0,4946625 0,06809968 0,1506177
3 0,4159959 0,734785 0,101533 0,1798908
3 0,5348015 0,2637678 0,02487946 0,05225879
4 0,4886381 0,6698811 0,08521688 0,4032044
5 0,3406863 0,3507062 0,0137614 0,0388338
6 0,5339639 0,263068 0,01076168 0,02317858
6 0,5370963 0,2714084 0,01117277 0,02400899
