0 0,7310408 0,4453151 0,07130504 0,1218324
0 0,7769485 0,4774801 0,113898 0,1530102
1 0,5790026 0,2138637 0,03261721 0,05186844
2 0,06508726 0,6535153 0,1612652 0,1332965
2 0,1730961 0,6266404 0,1285495 0,1220434
2 0,7290843 0,4278025 0,07853687 0,1366422
2 0,771493 0,5042423 0,131672 0,1631262
3 0,4672886 0,4016101 0,08896437 0,1022878
3 0,5525611 0,3767387 0,05367732 0,09029609
3 0,2241504 0,3585726 0,0686256 0,05226058
4 0,5372754 0,3249264 0,08998585 0,1501814
5 0,7483267 0,4312194 0,05803496 0,08045644
6 0,2198936 0,3611897 0,02137688 0,03080112
6 0,2368103 0,358882 0,02038333 0,03052652
6 0,523222 0,271553 0,01485956 0,03636324
6 0,5691563 0,2662283 0,01693016 0,03541875
6 0,5696651 0,2585794 0,01395696 0,02887517
