0 0,8743229 0,9923746 0,1710875 0,2786194
1 0,6462398 0,0846771 0,06229281 0,1365861
2 0,8573574 0,9778255 0,1836038 0,3101209
3 0,4732338 0,4892864 0,1256441 0,2368953
3 0,5891475 0,4062517 0,08193713 0,2415104
3 0,102695 0,05858105 0,1176237 0,09854412
4 0,56991 0,2422057 0,1413345 0,2596995
5 0,8398235 0,73857 0,08885813 0,1517965
6 0,0967278 0,06182867 0,0404612 0,06078762
6 0,1229583 0,06123221 0,03808898 0,060206
6 0,5551936 0,167926 0,02614176 0,08252817
6 0,6227279 0,163004 0,03110731 0,08004624
6 0,6475474 0,1304587 0,03124434 0,07480454
