0 0,04227409 0,01210266 0,08846146 0,1377841
0 0,5518788 0,5034174 0,02544755 0,05538103
0 0,5949404 0,4857428 0,02886039 0,04652256
1 0,5052806 0,4041981 0,03511646 0,04703951
2 0,8958494 0,6764436 0,06956452 0,0713158
2 0,2987621 0,2445366 0,01629132 0,01049078
2 0,04801685 0,02663559 0,100468 0,160601
2 0,5477514 0,4976246 0,028467 0,06422296
2 0,5924068 0,497081 0,03483868 0,04965526
3 0,6374754 0,5692034 0,09317243 0,1131097
4 0,5308559 0,5145817 0,08105353 0,1762395
5 0,02864569 0,01806998 0,05304823 0,09321439
5 0,5663138 0,486949 0,01865244 0,0314616
6 0,5378596 0,4667851 0,0214653 0,04050827
6 0,5116013 0,4517092 0,0185402 0,0348177
