0 0,4113636 0,1089556 0,01665577 0,04009008
0 0,4202346 0,1136228 0,01605597 0,03967178
1 0,799462 0,6431249 0,1603382 0,3087053
2 0,3066505 0,3524461 0,03817284 0,05753833
2 0,3044305 0,4055042 0,04294527 0,06983662
2 0,4100364 0,1049469 0,02037248 0,0493558
2 0,420288 0,1226634 0,01980665 0,04062742
3 0,4699514 0,5472271 0,1039779 0,281115
3 0,5651481 0,7825341 0,1494624 0,3402438
3 0,5251397 0,1445339 0,03403252 0,05929428
4 0,6487586 0,6386358 0,2289354 0,572242
5 0,3062265 0,2975993 0,01705199 0,05611289
6 0,5235198 0,1442251 0,0127064 0,0280602
6 0,5297021 0,1521429 0,01321948 0,02905983
6 0,6407709 0,5040066 0,04900849 0,1108716
6 0,7379539 0,6929184 0,07187402 0,1577066
