0 0,4514654 0,3861919 0,02550399 0,05117053
0 0,475693 0,3685221 0,02512819 0,04571855
0 0,4193202 0,3852092 0,02950746 0,05179656
1 0,4131678 0,3319647 0,04185653 0,06871557
2 0,7211031 0,4569558 0,03396052 0,0365991
2 0,6810981 0,4455779 0,02874774 0,03419286
2 0,4478409 0,3938188 0,02806875 0,06553698
2 0,4745057 0,3810536 0,03179789 0,0461117
3 0,6361319 0,5529622 0,08186042 0,176534
3 0,5063914 0,4041584 0,03992158 0,07290298
4 0,4595362 0,4510679 0,1010756 0,1937323
5 0,7617224 0,4535033 0,02672946 0,04442877
5 0,442733 0,3851328 0,01869005 0,03594786
