0 0,4703245 0,155218 0,02056101 0,05732673
0 0,5097491 0,1417219 0,02335614 0,05115694
1 0,3878646 0,07363743 0,03080758 0,05204034
2 0,6486449 0,4395289 0,0544768 0,07622397
2 0,6162924 0,3752181 0,0466857 0,06157774
2 0,4664434 0,1491467 0,02302513 0,06669128
2 0,5075594 0,1528504 0,02789637 0,05450195
3 0,4687891 0,2468874 0,05246741 0,1073367
3 0,4400964 0,1980872 0,05067846 0,06908733
4 0,3999169 0,1836702 0,04698783 0,1669472
5 0,6890814 0,4941466 0,03944939 0,09153199
5 0,4835109 0,1401273 0,01550978 0,03382587
6 0,395939 0,1453244 0,01758045 0,03923833
6 0,3929203 0,1205395 0,01594621 0,03511912
6 0,3794542 0,1114123 0,0154191 0,03362781
