0 0,07152772 0,1802214 0,07448176 0,1179073
0 0,001628637 0,1470191 0,09936678 0,1452159
0 0,5512052 0,5599681 0,02593952 0,05259344
0 0,594647 0,5465628 0,02908158 0,04340658
1 0,5056318 0,4390863 0,03550723 0,04576123
2 0,9067817 0,7208444 0,07181746 0,06372623
2 0,3052745 0,3554558 0,01548386 0,01004356
2 0,07599932 0,1915029 0,08458561 0,1397952
2 0,006429166 0,1210487 0,1207242 0,1572363
2 0,592086 0,5578411 0,03516257 0,04593623
3 0,6386111 0,6052864 0,09503418 0,09947994
3 0,5660816 0,5719466 0,06057686 0,0620783
3 0,206878 0,003130436 0,2081873 0,504644
4 0,530285 0,5458856 0,08303878 0,1637045
5 0,0583927 0,1914424 0,04383761 0,07789677
5 0,5658355 0,5449126 0,0188821 0,0291591
6 0,2121779 0,01390088 0,07834415 0,1797411
6 0,5378183 0,4947026 0,02186811 0,0366661
6 0,5114241 0,4858466 0,01894331 0,03190866
