0 0,3633397 0,0454334 0,05917165 0,1453432
0 0,4835212 0,3833863 0,02066681 0,04860425
0 0,5204163 0,3552999 0,02347612 0,04132873
1 0,4045488 0,3091663 0,02774587 0,04418731
2 0,6899712 0,444879 0,06723356 0,05357951
2 0,6447195 0,4242113 0,05400157 0,04266524
2 0,4432251 0,2295904 0,01445028 0,01197642
2 0,445881 0,225087 0,01531217 0,01275301
2 0,3633104 0,06281888 0,07184488 0,1688984
2 0,4797014 0,3793858 0,02304205 0,05630732
2 0,5187957 0,3663765 0,02790421 0,04343498
3 0,481359 0,4062058 0,05378854 0,07748312
3 0,4536685 0,3971499 0,04935515 0,06240577
4 0,4147722 0,3903316 0,04367301 0,1305556
5 0,7487029 0,442279 0,04872292 0,08591813
5 0,3706289 0,0521428 0,02930784 0,1049215
5 0,4955146 0,3647631 0,0154649 0,02823842
6 0,4089339 0,3459485 0,01454198 0,029737
6 0,3971249 0,3489006 0,01394045 0,02847451
