0 0,6418836 0,2761849 0,02551633 0,06342232
0 0,683054 0,2929479 0,03007615 0,06508666
1 0,554543 0,1539626 0,02738416 0,04550213
2 0,597267 0,7056668 0,06003422 0,1360593
2 0,6152877 0,6087592 0,05206418 0,1052372
2 0,6390337 0,2673955 0,02842224 0,07270038
2 0,6793832 0,3032354 0,03464496 0,0703671
3 0,5631033 0,3382055 0,05698258 0,1073034
3 0,5729975 0,2834542 0,04981631 0,07140142
3 0,1484315 0,5268549 0,1285443 0,1849095
4 0,5416346 0,2454001 0,05343473 0,1397302
5 0,5770594 0,8017074 0,03415376 0,1349221
5 0,6564758 0,2707115 0,01947236 0,03978121
6 0,1396223 0,5388305 0,03631937 0,07415807
6 0,1743262 0,5055827 0,03330015 0,06850311
6 0,5366647 0,2116364 0,01521879 0,03350484
6 0,5516204 0,1932986 0,01425225 0,03057742
6 0,5496584 0,181145 0,01346976 0,02869576
