0 0,5506775 0,2574592 0,0255022 0,0675801
0 0,5933017 0,2400114 0,02937871 0,06192333
1 0,5053977 0,235468 0,03423202 0,07137126
2 0,858934 0,6595759 0,0580281 0,1060791
2 0,802361 0,5744036 0,05070478 0,08785382
2 0,5468144 0,2520413 0,02859271 0,0783512
2 0,5902984 0,2507652 0,03478771 0,06793988
3 0,6174045 0,4311096 0,07723987 0,152489
3 0,5601723 0,3551836 0,05508506 0,09830952
4 0,5278547 0,360921 0,07295614 0,2150809
5 0,9288694 0,7407125 0,05488539 0,09693924
5 0,5652598 0,2408826 0,01885599 0,04134506
6 0,5345073 0,334071 0,01989061 0,05047351
6 0,5111804 0,2850181 0,01752633 0,04493642
