0 0,3142831 0,2753856 0,07564026 0,1469408
0 0,3845322 0,1630796 0,05386838 0,09993589
1 0,2790094 0,0627625 0,248998 0,3361292
2 0,8015714 0,1876882 0,06517422 0,04489523
2 0,7524934 0,1878623 0,06047124 0,04523826
2 0,3032179 0,2708707 0,09175742 0,1755545
2 0,3829044 0,1895337 0,06519082 0,1059537
3 0,6439601 0,3000573 0,1756812 0,1934834
3 0,4918337 0,3512 0,08587694 0,274653
4 0,4987449 0,4569022 0,4264975 0,6107861
5 0,8503246 0,1657225 0,0451898 0,05871737
6 0,5556355 0,2818054 0,06494731 0,1973804
6 0,3583979 0,2889189 0,08512679 0,2031481
