0 0,513907 0,2999814 0,0163523 0,04139531
0 0,5454738 0,2906554 0,01931947 0,03646296
1 0,4610068 0,2351021 0,02145839 0,03416073
2 0,6601686 0,4703174 0,03891802 0,04163843
2 0,635771 0,4349964 0,03433931 0,03518343
2 0,5109494 0,2953429 0,01813889 0,04811817
2 0,5435838 0,2989692 0,02302587 0,03868783
3 0,5228646 0,3533518 0,04156452 0,0679397
3 0,497313 0,3233777 0,03762701 0,04551446
3 0,3415031 0,9390264 0,1004186 0,430204
4 0,4695721 0,3103099 0,03527349 0,1117689
5 0,6884954 0,4942107 0,02588004 0,05597472
5 0,5246048 0,2890017 0,01253688 0,02409756
6 0,3401845 0,9711329 0,04977629 0,1389743
6 0,3463092 0,8726662 0,04339123 0,1172998
6 0,4696288 0,282112 0,01197776 0,02581561
6 0,4637788 0,2673609 0,011035 0,0235312
6 0,4524873 0,2614833 0,01065812 0,02265054
