0 0,5315541 0,7396692 0,0167641 0,03314413
0 0,5529928 0,7352959 0,01978898 0,03084719
0 0,4621087 0,69275 0,0147697 0,02075672
1 0,4609042 0,6632729 0,02086177 0,02715898
2 0,682326 0,8414235 0,04574299 0,03233851
2 0,6509802 0,819348 0,03915787 0,02654278
2 0,4195266 0,5616499 0,01551479 0,01034686
2 0,4206288 0,5563371 0,01653954 0,01129809
2 0,5284363 0,7439796 0,01695067 0,04415315
2 0,5518532 0,7449868 0,0248636 0,0296091
3 0,493992 0,7920588 0,06739891 0,07098453
3 0,5372375 0,745306 0,03998816 0,03757334
4 0,4678201 0,730128 0,0356687 0,09701927
5 0,71763 0,8466008 0,03004169 0,05838727
5 0,5243751 0,7354507 0,01268101 0,02157956
