0 0,4300824 0,4090006 0,02789521 0,06314164
0 0,4679156 0,3728082 0,02599186 0,04883081
1 0,4131678 0,3319647 0,04185653 0,06871557
2 0,7211031 0,4569558 0,03396052 0,0365991
2 0,6810981 0,4455779 0,02874774 0,03419286
2 0,4257838 0,4047835 0,03209901 0,07386303
2 0,4661244 0,3849266 0,03187293 0,05223978
3 0,4805431 0,4448741 0,04793936 0,09205323
4 0,4595362 0,4510679 0,1010756 0,1937323
5 0,7617224 0,4535033 0,02672946 0,04442877
5 0,442733 0,3851328 0,01869005 0,03594786
6 0,4714417 0,3994476 0,02025127 0,05021518
6 0,4255422 0,3866258 0,02142796 0,04673761
