0 0,09075412 0,0198009 0,2003243 0,3622172
0 0,5135391 0,7474116 0,01667953 0,03880024
0 0,5457532 0,7356264 0,01948786 0,03232665
1 0,4609042 0,6632729 0,02086177 0,02715898
2 0,682326 0,8414235 0,04574299 0,03233851
2 0,6509802 0,819348 0,03915787 0,02654278
2 0,4195266 0,5616499 0,01551479 0,01034686
2 0,4206288 0,5563371 0,01653954 0,01129809
2 0,1057393 0,07127261 0,2105539 0,3755016
2 0,510456 0,7426974 0,0184803 0,04498617
2 0,544074 0,7445177 0,02348125 0,03376226
3 0,5235311 0,7626998 0,04419905 0,05336232
3 0,4964386 0,7479973 0,03908503 0,03860922
4 0,4678201 0,730128 0,0356687 0,09701927
5 0,71763 0,8466008 0,03004169 0,05838727
5 0,5243751 0,7354507 0,01268101 0,02157956
6 0,4685184 0,6970354 0,01198941 0,02226573
6 0,4628645 0,6930936 0,01092476 0,02023345
6 0,4516595 0,6914463 0,01045209 0,01945215
