0 0,8529046 0,4752743 0,03892004 0,05643404
0 0,8336174 0,4598891 0,03641731 0,05342484
1 0,344171 0,1892737 0,04224044 0,09025991
2 0,5724122 0,3566989 0,02487779 0,02162427
2 0,855101 0,471942 0,04666305 0,07217562
2 0,8328595 0,4722927 0,04344332 0,0574387
3 0,4068475 0,3566159 0,03765211 0,09632677
3 0,9269181 0,5839099 0,1033827 0,1077196
4 0,4118038 0,3531659 0,1239393 0,2162549
5 0,5932704 0,3505934 0,01516241 0,02917379
5 0,8508118 0,4635306 0,02151543 0,03237575
6 0,9293046 0,5863379 0,04712224 0,06347328
6 0,917332 0,5885245 0,04776925 0,06545785
6 0,4319869 0,2870103 0,01894352 0,05587131
6 0,3623774 0,2698485 0,02012843 0,05959791
