0 0,4538926 0,2129844 0,01192516 0,03166592
0 0,45709 0,2196267 0,01138467 0,03136504
1 0,5099149 0,6735555 0,07764179 0,175054
2 0,3344511 0,3902193 0,03057331 0,03383064
2 0,3249061 0,4268737 0,03424254 0,03951573
2 0,4532744 0,2094504 0,01497391 0,03864706
2 0,4571751 0,2267333 0,01443893 0,03184956
3 0,3990688 0,5617305 0,06286645 0,1789441
3 0,4159959 0,734785 0,101533 0,1798908
3 0,5348015 0,2637678 0,02487946 0,05225879
4 0,4886381 0,6698811 0,08521688 0,4032044
5 0,3406863 0,3507062 0,0137614 0,0388338
6 0,5339639 0,263068 0,01076168 0,02317858
6 0,5370963 0,2714084 0,01117277 0,02400899
6 0,4883088 0,5687494 0,02721986 0,07328439
