0 0,7263721 0,442731 0,06784415 0,1126711
0 0,7706116 0,4680846 0,1076305 0,1464549
1 0,5790026 0,2138637 0,03261721 0,05186844
2 0,06508726 0,6535153 0,1612652 0,1332965
2 0,1730961 0,6266404 0,1285495 0,1220434
2 0,7265284 0,4196626 0,08099586 0,1147779
2 0,7653579 0,4919455 0,1226373 0,1582925
3 0,4906387 0,4016882 0,0753642 0,1170377
3 0,5525611 0,3767387 0,05367732 0,09029609
3 0,2241504 0,3585726 0,0686256 0,05226058
4 0,5372754 0,3249264 0,08998585 0,1501814
5 0,7483267 0,4312194 0,05803496 0,08045644
6 0,2198936 0,3611897 0,02137688 0,03080112
6 0,2368103 0,358882 0,02038333 0,03052652
6 0,5087277 0,2732335 0,01443511 0,03666335
6 0,5410644 0,2694847 0,01554126 0,03599524
6 0,5739287 0,2594639 0,01467472 0,02996945
