0 0,7885051 0,5290774 0,105326 0,1684457
0 0,9008649 0,6258181 0,2171456 0,2824682
1 0,5818 0,2113518 0,04174346 0,06662339
2 0,7877901 0,4957721 0,1252691 0,1728573
2 0,8859732 0,6565237 0,2385615 0,3056982
3 0,4615189 0,4684162 0,1108604 0,18819
3 0,5474759 0,4257436 0,07022172 0,1331826
3 0,1574931 0,3847572 0,08993376 0,06473523
4 0,5290213 0,3518038 0,1136142 0,1941162
5 0,83676 0,5334522 0,1009632 0,1341469
6 0,1523311 0,387913 0,02964222 0,03786784
6 0,1730144 0,3849586 0,02816668 0,03746033
6 0,4924448 0,2868373 0,01763439 0,04745084
6 0,5337224 0,2818493 0,01930451 0,04634649
6 0,5751089 0,2672977 0,01792842 0,03682762
