0 0,8450248 0,4677294 0,03687775 0,05585176
0 0,8277222 0,4580794 0,0361526 0,05183452
0 0,3514187 0,2675911 0,029854 0,06587672
1 0,344171 0,1892737 0,04224044 0,09025991
2 0,5724122 0,3566989 0,02487779 0,02162427
2 0,8458019 0,474332 0,04389411 0,07268241
2 0,8263742 0,4715844 0,04329509 0,0520063
3 0,5800501 0,4157522 0,08570981 0,1078423
3 0,4068305 0,3194004 0,03314567 0,07543945
3 0,9269181 0,5839099 0,1033827 0,1077196
4 0,4118038 0,3531659 0,1239393 0,2162549
5 0,5932704 0,3505934 0,01516241 0,02917379
5 0,8508118 0,4635306 0,02151543 0,03237575
6 0,9293046 0,5863379 0,04712224 0,06347328
6 0,917332 0,5885245 0,04776925 0,06545785
