0 0,8665345 0,9377468 0,1627804 0,2639963
1 0,6462398 0,0846771 0,06229281 0,1365861
2 0,8508384 0,9230379 0,1747442 0,2887359
3 0,505882 0,5050189 0,1110575 0,3240803
3 0,5891475 0,4062517 0,08193713 0,2415104
3 0,102695 0,05858105 0,1176237 0,09854412
4 0,56991 0,2422057 0,1413345 0,2596995
5 0,8398235 0,73857 0,08885813 0,1517965
6 0,0967278 0,06182867 0,0404612 0,06078762
6 0,1229583 0,06123221 0,03808898 0,060206
6 0,5336065 0,1695028 0,02448219 0,08332288
6 0,5815837 0,1660036 0,02812338 0,08155775
