0 0,6905531 0,5205433 0,05735981 0,1137109
0 0,7123128 0,6271629 0,08039933 0,1499478
1 0,5747445 0,2297707 0,03169996 0,06879061
2 0,1678824 0,7920405 0,09606599 0,1492414
2 0,2468246 0,7679046 0,07971638 0,1413961
2 0,6923683 0,4988191 0,06802422 0,12429
2 0,7082152 0,6361219 0,09143668 0,1635742
3 0,4884318 0,4597105 0,06695589 0,160674
3 0,5444851 0,4150467 0,0473485 0,1252426
3 0,226983 0,2873043 0,06698772 0,05998886
4 0,532423 0,3335979 0,08492297 0,1607475
5 0,08457589 0,7944391 0,07502109 0,1020744
5 0,7039874 0,5508155 0,04598236 0,08749056
6 0,2229329 0,2897061 0,0210017 0,03554875
6 0,2394818 0,2878915 0,02001475 0,03528565
6 0,5063362 0,286304 0,0135293 0,04536784
6 0,5370912 0,2825723 0,01509851 0,04467094
