0 0,409627 0,109264 0,01664975 0,04081893
0 0,4192761 0,11185 0,01590335 0,03972828
1 0,799462 0,6431249 0,1603382 0,3087053
2 0,3066505 0,3524461 0,03817284 0,05753833
2 0,3044305 0,4055042 0,04294527 0,06983662
2 0,4084169 0,1021217 0,02085033 0,04510021
2 0,4192606 0,1202207 0,01957205 0,04186243
3 0,4712171 0,6053052 0,1432498 0,3165653
3 0,5651481 0,7825341 0,1494624 0,3402438
3 0,5251397 0,1445339 0,03403252 0,05929428
4 0,6487586 0,6386358 0,2289354 0,572242
5 0,3062265 0,2975993 0,01705199 0,05611289
6 0,5235198 0,1442251 0,0127064 0,0280602
6 0,5297021 0,1521429 0,01321948 0,02905983
6 0,6194531 0,4625744 0,04448575 0,1014039
6 0,6721244 0,564957 0,05598247 0,1253248
