0 0,6745501 0,1537068 0,04094344 0,08097833
0 0,7143115 0,151282 0,05071777 0,09272963
0 0,5647672 0,4115347 0,02191401 0,05856127
0 0,6188846 0,3980091 0,03212684 0,05696166
1 0,4632308 0,2653594 0,03479883 0,04568142
2 0,8208393 0,8238909 0,236977 0,2563739
2 0,6711259 0,1683731 0,04940528 0,08568245
2 0,7130455 0,1300325 0,06128114 0,09884036
2 0,5618659 0,3992073 0,02748078 0,05838364
2 0,6150319 0,4116323 0,03671134 0,0614627
3 0,520696 0,4329284 0,09414315 0,0989188
3 0,5032868 0,4058169 0,06534481 0,06522375
4 0,4545803 0,3700992 0,06891704 0,1546097
5 0,6943663 0,1682083 0,02449393 0,05496895
5 0,5900209 0,3932629 0,01942229 0,03544772
6 0,4409629 0,3152746 0,02315801 0,03859484
6 0,4533835 0,3136551 0,02028275 0,03445357
6 0,4677783 0,3115673 0,01680559 0,02919334
