0 0,3618504 0,05065346 0,05673283 0,1430124
0 0,4777255 0,3882037 0,02014419 0,0470975
0 0,5157564 0,3573266 0,02319866 0,0418334
1 0,4045488 0,3091663 0,02774587 0,04418731
2 0,6899712 0,444879 0,06723356 0,05357951
2 0,6447195 0,4242113 0,05400157 0,04266524
2 0,4432251 0,2295904 0,01445028 0,01197642
2 0,445881 0,225087 0,01531217 0,01275301
2 0,3631932 0,07671452 0,06921542 0,1503546
2 0,4747154 0,3804007 0,02459392 0,04854405
2 0,5138721 0,3679579 0,02707452 0,04525274
3 0,4822571 0,399645 0,06656688 0,07840204
3 0,4536685 0,3971499 0,04935515 0,06240577
4 0,4147722 0,3903316 0,04367301 0,1305556
5 0,7487029 0,442279 0,04872292 0,08591813
5 0,3706289 0,0521428 0,02930784 0,1049215
5 0,4955146 0,3647631 0,0154649 0,02823842
6 0,4070409 0,3448569 0,01374885 0,02811229
