0 0,6361197 0,2741684 0,02455634 0,06082678
0 0,6778018 0,2888778 0,02958345 0,06449533
1 0,554543 0,1539626 0,02738416 0,04550213
2 0,597267 0,7056668 0,06003422 0,1360593
2 0,6152877 0,6087592 0,05206418 0,1052372
2 0,6347106 0,26243 0,02978092 0,06392914
2 0,6740268 0,2982364 0,03363138 0,07081819
3 0,5736632 0,3282276 0,06862074 0,1043772
3 0,5729975 0,2834542 0,04981631 0,07140142
3 0,1484315 0,5268549 0,1285443 0,1849095
4 0,5416346 0,2454001 0,05343473 0,1397302
5 0,5770594 0,8017074 0,03415376 0,1349221
5 0,6564758 0,2707115 0,01947236 0,03978121
6 0,1396223 0,5388305 0,03631937 0,07415807
6 0,1743262 0,5055827 0,03330015 0,06850311
6 0,531564 0,2178923 0,01554179 0,03451794
6 0,5426842 0,2042564 0,01483333 0,03231889
6 0,5577714 0,1841614 0,01374567 0,02914584
