0 0,2993749 0,2997005 0,08197135 0,1484373
0 0,3767648 0,1711156 0,05635384 0,104048
1 0,2790094 0,0627625 0,248998 0,3361292
2 0,8015714 0,1876882 0,06517422 0,04489523
2 0,7524934 0,1878623 0,06047124 0,04523826
2 0,28801 0,2831342 0,1025284 0,1641455
2 0,3745736 0,1975265 0,06768808 0,1132886
3 0,6042233 0,2886237 0,1520144 0,2358994
3 0,4918337 0,3512 0,08587694 0,274653
4 0,4987449 0,4569022 0,4264975 0,6107861
5 0,8503246 0,1657225 0,0451898 0,05871737
6 0,6143325 0,2796819 0,07979673 0,1956671
6 0,4811119 0,2844911 0,05402118 0,1995541
