0 0,4231192 0,4159358 0,02892852 0,06251281
0 0,4634733 0,3752586 0,02638271 0,05003566
1 0,4131678 0,3319647 0,04185653 0,06871557
2 0,7211031 0,4569558 0,03396052 0,0365991
2 0,6810981 0,4455779 0,02874774 0,03419286
2 0,4194713 0,4068071 0,03551555 0,06617606
2 0,4613948 0,3870869 0,03187764 0,05488771
3 0,5380087 0,4446157 0,06136286 0,102446
3 0,4805431 0,4448741 0,04793936 0,09205323
4 0,4595362 0,4510679 0,1010756 0,1937323
5 0,7617224 0,4535033 0,02672946 0,04442877
5 0,442733 0,3851328 0,01869005 0,03594786
6 0,4866784 0,4037026 0,01980624 0,0513863
6 0,4531945 0,3943499 0,02075216 0,04882306
