0 0,119018 0,06760108 0,177309 0,3308241
0 0,5083703 0,749643 0,01634735 0,03766119
0 0,5417596 0,7358104 0,01922274 0,03273022
1 0,4609042 0,6632729 0,02086177 0,02715898
2 0,682326 0,8414235 0,04574299 0,03233851
2 0,6509802 0,819348 0,03915787 0,02654278
2 0,4195266 0,5616499 0,01551479 0,01034686
2 0,4206288 0,5563371 0,01653954 0,01129809
2 0,1288555 0,1242678 0,2026806 0,3391047
2 0,5061296 0,7419153 0,02022678 0,03755897
2 0,5398483 0,7442433 0,02269709 0,03540175
3 0,5227692 0,7582139 0,05312294 0,04885302
3 0,4964386 0,7479973 0,03908503 0,03860922
4 0,4678201 0,730128 0,0356687 0,09701927
5 0,71763 0,8466008 0,03004169 0,05838727
5 0,5243751 0,7354507 0,01268101 0,02157956
6 0,4704763 0,6983997 0,01235974 0,02297488
6 0,4662286 0,6954387 0,01155719 0,02143955
6 0,4592875 0,6912612 0,01042929 0,01930362
