0 0,8551434 0,4785007 0,03949988 0,05651629
0 0,8368312 0,4608778 0,03638601 0,05374539
1 0,344171 0,1892737 0,04224044 0,09025991
2 0,5724122 0,3566989 0,02487779 0,02162427
2 0,8580952 0,4712497 0,04820967 0,06536669
2 0,8363473 0,4726464 0,04336739 0,05953631
3 0,4631735 0,3526852 0,0623109 0,09082401
3 0,4068475 0,3566159 0,03765211 0,09632677
3 0,9269181 0,5839099 0,1033827 0,1077196
4 0,4118038 0,3531659 0,1239393 0,2162549
5 0,5932704 0,3505934 0,01516241 0,02917379
5 0,8508118 0,4635306 0,02151543 0,03237575
6 0,9293046 0,5863379 0,04712224 0,06347328
6 0,917332 0,5885245 0,04776925 0,06545785
6 0,4514434 0,2918065 0,01972881 0,05481517
6 0,4064774 0,2807207 0,0178344 0,05724579
