0 0,4530872 0,2127286 0,01175842 0,03237176
0 0,4568733 0,2178534 0,01127458 0,03142458
1 0,5099149 0,6735555 0,07764179 0,175054
2 0,3344511 0,3902193 0,03057331 0,03383064
2 0,3249061 0,4268737 0,03424254 0,03951573
2 0,452587 0,2067313 0,01509288 0,03546154
2 0,4569382 0,2244068 0,0142948 0,03282547
3 0,3892012 0,5988727 0,09739587 0,1797472
3 0,4159959 0,734785 0,101533 0,1798908
3 0,5348015 0,2637678 0,02487946 0,05225879
4 0,4886381 0,6698811 0,08521688 0,4032044
5 0,3406863 0,3507062 0,0137614 0,0388338
6 0,5339639 0,263068 0,01076168 0,02317858
6 0,5370963 0,2714084 0,01117277 0,02400899
6 0,4852163 0,5360812 0,02553949 0,06809157
6 0,4927336 0,6155357 0,02965415 0,08093387
