0 0,5750834 0,3209198 0,02338701 0,05945235
0 0,6250713 0,3198849 0,03121281 0,05830133
1 0,498033 0,2313168 0,02910551 0,05127168
2 0,8038174 0,8319497 0,09756148 0,1232735
2 0,5724581 0,3094543 0,02860725 0,0616383
2 0,6212233 0,3303259 0,03572929 0,0639236
3 0,5767602 0,4436882 0,08150542 0,1114421
3 0,5445834 0,3794302 0,05623323 0,0684067
4 0,5016688 0,3535751 0,04229704 0,18461
5 0,5990251 0,3096868 0,01947141 0,03648263
6 0,4996703 0,3309667 0,01707309 0,04190189
6 0,4996982 0,3024033 0,01557088 0,03793991
6 0,4984012 0,2642789 0,01357636 0,03275734
