0 0,7256539 0,4404718 0,06370968 0,09624821
0 0,7642872 0,4587093 0,1011923 0,1392401
1 0,5790026 0,2138637 0,03261721 0,05186844
2 0,06508726 0,6535153 0,1612652 0,1332965
2 0,1730961 0,6266404 0,1285495 0,1220434
2 0,7276545 0,4153068 0,08178198 0,08853054
2 0,7592888 0,4797397 0,1137036 0,1528188
3 0,5352491 0,4421462 0,1171231 0,1643144
3 0,5525611 0,3767387 0,05367732 0,09029609
3 0,2241504 0,3585726 0,0686256 0,05226058
4 0,5372744 0,3259023 0,08998585 0,1521938
5 0,7483267 0,4312194 0,05803496 0,08045644
6 0,2198936 0,3611897 0,02137688 0,03080112
6 0,2368103 0,358882 0,02038333 0,03052652
6 0,5072005 0,2810466 0,01435423 0,03694755
6 0,5371935 0,277473 0,01534814 0,03632057
6 0,5785853 0,2604298 0,01547533 0,03116745
