0 0,7853802 0,5229943 0,09676045 0,1428573
0 0,8814089 0,5995138 0,1948183 0,2563864
1 0,5818 0,2113518 0,04174346 0,06662339
2 0,7880287 0,4881309 0,1246482 0,1362298
2 0,8679 0,6257042 0,2115608 0,2790064
3 0,5178492 0,5567222 0,1801482 0,3222565
3 0,5474759 0,4257436 0,07022172 0,1331826
3 0,1574931 0,3847572 0,08993376 0,06473523
4 0,5290233 0,3530266 0,1136142 0,196655
5 0,83676 0,5334522 0,1009632 0,1341469
6 0,1523311 0,387913 0,02964222 0,03786784
6 0,1730144 0,3849586 0,02816668 0,03746033
6 0,4905409 0,2967424 0,01750693 0,04790682
6 0,528824 0,291961 0,01899403 0,04686755
6 0,5808784 0,2688549 0,0191341 0,03865236
