0 0,8587085 0,8828549 0,1539676 0,2489463
1 0,6462398 0,0846771 0,06229281 0,1365861
2 0,8443291 0,8681879 0,1654319 0,2684748
3 0,5704065 0,7550198 0,1693786 0,4684522
3 0,5891475 0,4062517 0,08193713 0,2415104
3 0,102695 0,05858105 0,1176237 0,09854412
4 0,5698027 0,2434107 0,1413924 0,2618048
5 0,8398235 0,73857 0,08885813 0,1517965
6 0,0967278 0,06182867 0,0404612 0,06078762
6 0,1229583 0,06123221 0,03808898 0,060206
6 0,5307304 0,1801077 0,02401835 0,08278596
6 0,5749813 0,1766835 0,02735895 0,08116668
6 0,6505349 0,1609621 0,0330506 0,07902271
