0 0,6908845 0,5127829 0,05407822 0,09885535
0 0,7099547 0,6070634 0,07711095 0,1434633
1 0,5747445 0,2297707 0,03169996 0,06879061
2 0,1678824 0,7920405 0,09606599 0,1492414
2 0,2468246 0,7679046 0,07971638 0,1413961
2 0,6940948 0,4915521 0,06773466 0,1054285
2 0,7061177 0,6142931 0,08686137 0,1567719
3 0,5258996 0,5562952 0,09518251 0,2162231
3 0,5444851 0,4150467 0,0473485 0,1252426
3 0,226983 0,2873043 0,06698772 0,05998886
4 0,5324038 0,3344563 0,08492297 0,1624248
5 0,08457589 0,7944391 0,07502109 0,1020744
5 0,7039874 0,5508155 0,04598236 0,08749056
6 0,2229329 0,2897061 0,0210017 0,03554875
6 0,2394818 0,2878915 0,02001475 0,03528565
6 0,5047892 0,2933571 0,01339212 0,04541087
6 0,5332649 0,2898192 0,01484227 0,04476333
6 0,5741346 0,2485721 0,01532406 0,0389238
