0 0,408474 0,1090927 0,01612702 0,0380007
0 0,4182525 0,1099566 0,01571718 0,03952843
1 0,799462 0,6431249 0,1603382 0,3087053
2 0,3066505 0,3524461 0,03817284 0,05753833
2 0,3044305 0,4055042 0,04294527 0,06983662
2 0,4074863 0,09990948 0,02066821 0,03761184
2 0,4181714 0,1176199 0,019308 0,04281622
3 0,3728087 0,7857051 0,188178 0,4948769
3 0,5651481 0,7825341 0,1494624 0,3402438
3 0,5251397 0,1445339 0,03403252 0,05929428
4 0,6485598 0,6400827 0,229071 0,5746436
5 0,3062265 0,2975993 0,01705199 0,05611289
6 0,5235198 0,1442251 0,0127064 0,0280602
6 0,5297021 0,1521429 0,01321948 0,02905983
6 0,6162107 0,4700004 0,04357642 0,1000957
6 0,6630177 0,5631858 0,05362588 0,1212784
