0 0,8179473 0,3130269 0,05245924 0,08152097
0 0,7917858 0,2970455 0,05437237 0,08638287
2 0,4111899 0,09971344 0,03389311 0,04042417
2 0,3630505 0,08472669 0,03415006 0,04245228
2 0,8187135 0,3157139 0,06326485 0,1137851
2 0,7886017 0,3170002 0,06270087 0,09036011
3 0,1668755 0,09811962 0,2764515 0,2297931
3 0,9758247 0,66962 0,2287572 0,3634787
5 0,4505898 0,09310633 0,02178395 0,05337834
5 0,8192189 0,3027021 0,03189445 0,05001765
6 0,9773266 0,6680225 0,115063 0,176437
6 0,9602963 0,6971012 0,1224741 0,1946382
