0 0,3814724 0,2742904 0,0257946 0,05923831
0 0,385199 0,2759668 0,02752578 0,06756788
0 0,5195569 0,5142113 0,0282647 0,06094965
0 0,5747093 0,4731329 0,03591585 0,06191796
1 0,4262002 0,3933302 0,0438523 0,06928325
2 0,3822812 0,2885669 0,0327484 0,05726212
2 0,3845299 0,2621281 0,03460068 0,07362092
2 0,5167564 0,4997006 0,03732109 0,05565947
2 0,5712509 0,4874569 0,04138076 0,06956887
3 0,6225598 0,5112999 0,1243702 0,1284775
3 0,5071903 0,541199 0,08431655 0,1114359
3 0,6043726 0,1155083 0,1079496 0,1856731
4 0,4438245 0,5318006 0,07919845 0,2498061
5 0,3865041 0,2850627 0,01282066 0,04209334
5 0,5516697 0,479408 0,02354592 0,04120773
6 0,5987533 0,1189496 0,03646958 0,07521915
6 0,6214966 0,08527452 0,04134601 0,08556575
6 0,4426196 0,4779317 0,03105459 0,06514314
6 0,4374644 0,4688037 0,02687496 0,05600941
6 0,4306189 0,4492751 0,02174741 0,04455066
