0 0,4603609 0,1582002 0,01882344 0,04972881
0 0,4995311 0,1416762 0,0226796 0,05177587
1 0,3878646 0,07363743 0,03080758 0,05204034
2 0,6486449 0,4395289 0,0544768 0,07622397
2 0,6162924 0,3752181 0,0466857 0,06157774
2 0,4585426 0,1461496 0,02555624 0,04653335
2 0,4968892 0,1515665 0,02599603 0,05783987
3 0,5073656 0,2028089 0,06381732 0,08837801
3 0,4400964 0,1980872 0,05067846 0,06908733
4 0,3999702 0,18449 0,04707125 0,1685941
5 0,6890814 0,4941466 0,03944939 0,09153199
5 0,4835109 0,1401273 0,01550978 0,03382587
6 0,3975717 0,161889 0,01813349 0,04082602
6 0,3954018 0,1438811 0,01698256 0,03786916
6 0,3917855 0,1112723 0,01533422 0,03360182
