0 0,08563426 0,1838698 0,06887513 0,1073375
0 0,0261527 0,1647819 0,08750561 0,1335441
0 0,5834992 0,5465084 0,02852213 0,04437503
1 0,5056318 0,4390863 0,03550723 0,04576123
2 0,9067817 0,7208444 0,07181746 0,06372623
2 0,3052745 0,3554558 0,01548386 0,01004356
2 0,08924863 0,2067489 0,08769912 0,1060444
2 0,03151631 0,14441 0,1037301 0,1488171
2 0,5803699 0,5565792 0,03332174 0,04996887
3 0,6430341 0,5781584 0,08334446 0,07307306
3 0,5660816 0,5719466 0,06057686 0,0620783
3 0,206878 0,003130436 0,2081873 0,504644
4 0,5302686 0,5468622 0,08306399 0,1659683
5 0,0583927 0,1914424 0,04383761 0,07789677
5 0,5658355 0,5449126 0,0188821 0,0291591
6 0,2121779 0,01390088 0,07834415 0,1797411
6 0,5484862 0,506452 0,02306736 0,03894743
6 0,5290139 0,4992028 0,02088755 0,03526023
6 0,5020031 0,4826871 0,0179137 0,03027654
