0 0,3616016 0,0555172 0,05306277 0,12935
0 0,3662376 0,00684458 0,06796405 0,1806995
0 0,474236 0,3904966 0,01860029 0,04118937
0 0,5107076 0,3595225 0,02283198 0,04210603
1 0,4045488 0,3091663 0,02774587 0,04418731
2 0,6899712 0,444879 0,06723356 0,05357951
2 0,6447195 0,4242113 0,05400157 0,04266524
2 0,4432251 0,2295904 0,01445028 0,01197642
2 0,445881 0,225087 0,01531217 0,01275301
2 0,3639345 0,08633417 0,06541568 0,1234503
2 0,4722507 0,3804251 0,0246188 0,03755665
2 0,5085764 0,3696467 0,02616236 0,046808
3 0,5192099 0,3752732 0,06413579 0,06812888
3 0,4536685 0,3971499 0,04935515 0,06240577
4 0,4148261 0,3910987 0,04377776 0,1322199
5 0,7487029 0,442279 0,04872292 0,08591813
5 0,3706289 0,0521428 0,02930784 0,1049215
5 0,4955146 0,3647631 0,0154649 0,02823842
6 0,4083613 0,3446779 0,01389718 0,02839041
