0 0,5824226 0,2408939 0,0286755 0,06263089
1 0,5053977 0,235468 0,03423202 0,07137126
2 0,858934 0,6595759 0,0580281 0,1060791
2 0,802361 0,5744036 0,05070478 0,08785382
2 0,5789952 0,2505603 0,03302658 0,07070613
3 0,6295257 0,3473819 0,07567549 0,1254817
3 0,5601723 0,3551836 0,05508506 0,09830952
4 0,5278361 0,3616819 0,07295614 0,2165467
5 0,9288694 0,7407125 0,05488539 0,09693924
5 0,5652598 0,2408826 0,01885599 0,04134506
6 0,5433329 0,3594599 0,02072436 0,05254096
6 0,5268892 0,3244621 0,01902336 0,04856622
6 0,502409 0,2665878 0,01674321 0,04290539
