0 0,2877344 0,3137978 0,08303902 0,1337544
0 0,3678395 0,1803498 0,059129 0,1080995
1 0,2790094 0,0627625 0,248998 0,3361292
2 0,8015714 0,1876882 0,06517422 0,04489523
2 0,7524934 0,1878623 0,06047124 0,04523826
2 0,2774546 0,2883762 0,1064833 0,136885
2 0,3650279 0,2066537 0,070526 0,1206735
3 0,5443913 0,1997672 0,1048331 0,161357
3 0,4918337 0,3512 0,08587694 0,274653
4 0,4987428 0,4597942 0,4264975 0,6153663
5 0,8503246 0,1657225 0,0451898 0,05871737
6 0,6183337 0,3074518 0,07917231 0,1944088
6 0,4974709 0,3122551 0,05255473 0,1979516
6 0,2705653 0,2921188 0,1112998 0,2057471
