0 0,5058205 0,3021064 0,01488698 0,03575999
0 0,5373355 0,2904418 0,01870418 0,03694487
1 0,4610068 0,2351021 0,02145839 0,03416073
2 0,6601686 0,4703174 0,03891802 0,04163843
2 0,635771 0,4349964 0,03433931 0,03518343
2 0,5046073 0,2930531 0,020327 0,03269911
2 0,5350787 0,297815 0,02146417 0,04129195
3 0,5484192 0,328417 0,04988194 0,05767691
3 0,497313 0,3233777 0,03762701 0,04551446
3 0,3415031 0,9390264 0,1004186 0,430204
4 0,4695798 0,3108989 0,03527874 0,1129867
5 0,6884954 0,4942107 0,02588004 0,05597472
5 0,5246048 0,2890017 0,01253688 0,02409756
6 0,3401845 0,9711329 0,04977629 0,1389743
6 0,3463092 0,8726662 0,04339123 0,1172998
6 0,4719168 0,2925277 0,01230896 0,02673298
6 0,4678349 0,2819915 0,01165283 0,02511746
6 0,4615341 0,2617114 0,01067427 0,02266812
