0 0,7398983 0,4473222 0,07155347 0,1155391
0 0,7839865 0,4879208 0,120557 0,1593072
0 0,5521588 0,2684919 0,02230746 0,03754407
0 0,5799141 0,2608355 0,02158082 0,03282917
1 0,5790026 0,2138637 0,03261721 0,05186844
2 0,06508726 0,6535153 0,1612652 0,1332965
2 0,1730961 0,6266404 0,1285495 0,1220434
2 0,7354891 0,4404497 0,07299995 0,1458672
2 0,7783895 0,5180092 0,141786 0,1675319
3 0,4102518 0,4025081 0,09353578 0,1114197
3 0,5526305 0,3767925 0,05371296 0,09034348
3 0,2241504 0,3585726 0,0686256 0,05226058
4 0,5372754 0,3249264 0,08998585 0,1501814
5 0,7483267 0,4312194 0,05803496 0,08045644
6 0,2198936 0,3611897 0,02137688 0,03080112
6 0,2368103 0,358882 0,02038333 0,03052652
