0 0,4181548 0,4193833 0,02866113 0,05570436
0 0,458522 0,3779899 0,02676091 0,05106646
1 0,4131678 0,3319647 0,04185653 0,06871557
2 0,7211031 0,4569558 0,03396052 0,0365991
2 0,6810981 0,4455779 0,02874774 0,03419286
2 0,4154588 0,4070985 0,03720579 0,05334967
2 0,4561528 0,3894673 0,03186044 0,05737096
3 0,5326139 0,4070646 0,05648744 0,08170831
3 0,4805431 0,4448741 0,04793936 0,09205323
4 0,4595513 0,4520788 0,1010756 0,1958413
5 0,7617224 0,4535033 0,02672946 0,04442877
5 0,442733 0,3851328 0,01869005 0,03594786
6 0,4884032 0,4124408 0,01971051 0,05179435
6 0,4572229 0,4034226 0,02057561 0,04937929
6 0,4073754 0,3815567 0,02181783 0,04538423
