0 0,1391828 0,1016131 0,1550293 0,2864572
0 0,5052115 0,7504759 0,0153158 0,03288426
0 0,5374243 0,7360104 0,01888376 0,03294726
1 0,4609042 0,6632729 0,02086177 0,02715898
2 0,682326 0,8414235 0,04574299 0,03233851
2 0,6509802 0,819348 0,03915787 0,02654278
2 0,4195266 0,5616499 0,01551479 0,01034686
2 0,4206288 0,5563371 0,01653954 0,01129809
2 0,1449897 0,1587285 0,1910388 0,2890849
2 0,5039316 0,7411269 0,02082059 0,0278047
2 0,5352964 0,7439368 0,02183729 0,03683163
3 0,5498707 0,7508077 0,05205965 0,04507893
3 0,4964386 0,7479973 0,03908503 0,03860922
4 0,4678152 0,7307566 0,03568202 0,09842671
5 0,71763 0,8466008 0,03004169 0,05838727
5 0,5243751 0,7354507 0,01268101 0,02157956
6 0,4666755 0,7004447 0,01165903 0,02179953
6 0,4607181 0,6916001 0,01052335 0,01946989
