0 0,8573889 0,4808679 0,03835618 0,05277273
0 0,8402909 0,4619424 0,0362581 0,05379939
1 0,344171 0,1892737 0,04224044 0,09025991
2 0,5724122 0,3566989 0,02487779 0,02162427
2 0,8607339 0,4708978 0,04773188 0,05518281
2 0,8400769 0,4730098 0,04320377 0,06133226
3 0,4353653 0,3222466 0,05557501 0,07821763
3 0,4068475 0,3566159 0,03765211 0,09632677
3 0,9269181 0,5839099 0,1033827 0,1077196
4 0,4117904 0,3544385 0,1239393 0,2186577
5 0,5932704 0,3505934 0,01516241 0,02917379
5 0,8508118 0,4635306 0,02151543 0,03237575
6 0,9293046 0,5863379 0,04712224 0,06347328
6 0,917332 0,5885245 0,04776925 0,06545785
6 0,4532674 0,3019878 0,01972201 0,05478495
6 0,4120474 0,2922778 0,01801303 0,0570339
