0 0,4526366 0,2122205 0,01137877 0,03015482
0 0,4566419 0,2159576 0,01114994 0,03127503
1 0,5099149 0,6735555 0,07764179 0,175054
2 0,3344511 0,3902193 0,03057331 0,03383064
2 0,3249061 0,4268737 0,03424254 0,03951573
2 0,4522916 0,204655 0,01491266 0,02960306
2 0,4566869 0,2219294 0,0141359 0,03357357
3 0,3045494 0,6723198 0,136858 0,2304199
3 0,4159959 0,734785 0,101533 0,1798908
3 0,5348015 0,2637678 0,02487946 0,05225879
4 0,4886456 0,6710114 0,08521688 0,4053547
5 0,3406863 0,3507062 0,0137614 0,0388338
6 0,5339639 0,263068 0,01076168 0,02317858
6 0,5370963 0,2714084 0,01117277 0,02400899
6 0,4849723 0,5413584 0,02521971 0,06743008
6 0,4917465 0,6140004 0,02889273 0,07893223
