0 0,5707973 0,3198065 0,02125204 0,05319434
0 0,6184248 0,3176907 0,03020662 0,05803347
1 0,498033 0,2313168 0,02910551 0,05127168
2 0,8038174 0,8319497 0,09756148 0,1232735
2 0,5696162 0,3065518 0,02855033 0,04940122
2 0,6144032 0,3272812 0,03400671 0,06505144
3 0,6263353 0,417388 0,0864656 0,1073517
3 0,5445834 0,3794302 0,05623323 0,0684067
4 0,5016679 0,3544158 0,04229704 0,1863092
5 0,5990251 0,3096868 0,01947141 0,03648263
6 0,4996706 0,3396208 0,0170784 0,04203421
6 0,4996963 0,312255 0,01567504 0,03831285
6 0,4997272 0,2674515 0,01374182 0,03318429
