0 0,7281712 0,4393489 0,0618968 0,08568907
0 0,7572882 0,4563769 0,08979952 0,1297841
1 0,5790026 0,2138637 0,03261721 0,05186844
2 0,06508726 0,6535153 0,1612652 0,1332965
2 0,1730961 0,6266404 0,1285495 0,1220434
2 0,7311594 0,4139757 0,08189547 0,07259655
2 0,7523887 0,4661259 0,09428316 0,1544151
3 0,6055294 0,5329592 0,1384259 0,2596202
3 0,5525611 0,3767387 0,05367732 0,09029609
3 0,2241504 0,3585726 0,0686256 0,05226058
4 0,5372591 0,3394619 0,08998585 0,1800008
5 0,7483267 0,4312194 0,05803496 0,08045644
6 0,2198936 0,3611897 0,02137688 0,03080112
6 0,2368103 0,358882 0,02038333 0,03052652
6 0,5075003 0,3148781 0,01420307 0,03804016
6 0,5371571 0,3109205 0,01517498 0,03738934
6 0,5696591 0,266169 0,0169546 0,03540778
