0 0,7882366 0,5206094 0,09334451 0,1275906
0 0,8612679 0,5847315 0,1640937 0,2265952
1 0,5818 0,2113518 0,04174346 0,06662339
2 0,7926842 0,4860854 0,1242776 0,1144793
2 0,848421 0,592919 0,1664249 0,2575328
3 0,6424724 0,8417353 0,3631165 0,9031135
3 0,5474759 0,4257436 0,07022172 0,1331826
3 0,1574931 0,3847572 0,08993376 0,06473523
4 0,5290517 0,369994 0,1136142 0,2316339
5 0,83676 0,5334522 0,1009632 0,1341469
6 0,1523311 0,387913 0,02964222 0,03786784
6 0,1730144 0,3849586 0,02816668 0,03746033
6 0,4911582 0,3394166 0,01728436 0,04963619
6 0,5288953 0,3340271 0,01872963 0,04854989
6 0,5699694 0,2774678 0,0214566 0,04538375
