0 0,8187557 0,5503753 0,1187135 0,1829481
0 0,9459652 0,6868085 0,2701871 0,3422031
0 0,5478151 0,280515 0,02786058 0,04855227
0 0,5825313 0,2694262 0,02674633 0,04096842
1 0,5818 0,2113518 0,04174346 0,06662339
2 0,8089411 0,5359504 0,1178854 0,2197739
2 0,928364 0,7285652 0,3053866 0,3714629
3 0,3543445 0,4658235 0,1505963 0,1735777
3 0,5475649 0,4258401 0,07028377 0,1332808
3 0,1574931 0,3847572 0,08993376 0,06473523
4 0,5290213 0,3518038 0,1136142 0,1941162
5 0,83676 0,5334522 0,1009632 0,1341469
6 0,1523311 0,387913 0,02964222 0,03786784
6 0,1730144 0,3849586 0,02816668 0,03746033
