0 0,8475938 0,8292179 0,1376249 0,219202
1 0,6462398 0,0846771 0,06229281 0,1365861
2 0,8367297 0,804817 0,1481426 0,2254619
3 0,5891475 0,4062517 0,08193713 0,2415104
3 0,102695 0,05858105 0,1176237 0,09854412
4 0,5683323 0,2599383 0,1421772 0,2901806
5 0,8398235 0,73857 0,08885813 0,1517965
6 0,0967278 0,06182867 0,0404612 0,06078762
6 0,1229583 0,06123221 0,03808898 0,060206
6 0,5286295 0,2246269 0,02283973 0,08007938
6 0,5711111 0,2205365 0,0259192 0,07856476
6 0,6234596 0,1629363 0,03115827 0,08001685
6 0,6466038 0,1276016 0,03103119 0,07442933
