0 0,06368905 0,02586603 0,07780305 0,1106308
0 0,5380347 0,5074067 0,02341944 0,04291669
0 0,577204 0,4903237 0,02643555 0,04754874
1 0,5052806 0,4041981 0,03511646 0,04703951
2 0,8958494 0,6764436 0,06956452 0,0713158
2 0,2987621 0,2445366 0,01629132 0,01049078
2 0,06866759 0,05413491 0,0980527 0,1006972
2 0,5369253 0,4946558 0,03193331 0,03512889
2 0,5730983 0,4970582 0,02841187 0,06012771
3 0,6653507 0,5084927 0,05160415 0,06007236
4 0,5307412 0,528792 0,08106804 0,2081693
5 0,02864569 0,01806998 0,05304823 0,09321439
5 0,5663138 0,486949 0,01865244 0,0314616
6 0,5289322 0,5018044 0,02032685 0,04036403
6 0,5113375 0,4515619 0,01851201 0,0347631
