0 0,6933273 0,5103254 0,0523774 0,0898208
0 0,7067657 0,5906979 0,07017893 0,1314736
1 0,5747445 0,2297707 0,03169996 0,06879061
2 0,1678824 0,7920405 0,09606599 0,1492414
2 0,2468246 0,7679046 0,07971638 0,1413961
2 0,6972396 0,4901942 0,06713164 0,09328446
2 0,7036727 0,5888503 0,07575011 0,1470159
3 0,5748757 0,7349254 0,09187162 0,2981726
3 0,5444851 0,4150467 0,0473485 0,1252426
3 0,226983 0,2873043 0,06698772 0,05998886
4 0,5321403 0,3463452 0,08492297 0,1854575
5 0,08457589 0,7944391 0,07502109 0,1020744
5 0,7039874 0,5508155 0,04598236 0,08749056
6 0,2229329 0,2897061 0,0210017 0,03554875
6 0,2394818 0,2878915 0,02001475 0,03528565
6 0,5046532 0,3235391 0,0131335 0,04542923
6 0,5326046 0,3197106 0,01453114 0,0447852
6 0,5643234 0,2792625 0,01644927 0,04405504
6 0,5809417 0,2637253 0,0165047 0,04141271
