0 0,4079529 0,1085998 0,01592684 0,0336709
0 0,4172804 0,1099272 0,01574245 0,03951502
1 0,799462 0,6431249 0,1603382 0,3087053
2 0,3066505 0,3524461 0,03817284 0,05753833
2 0,3044305 0,4055042 0,04294527 0,06983662
2 0,4072102 0,09842974 0,02028918 0,02958947
2 0,4169217 0,1146665 0,01935065 0,04761136
3 0,5651481 0,7825341 0,1494624 0,3402438
3 0,5251397 0,1445339 0,03403252 0,05929428
4 0,6458384 0,6598994 0,2309051 0,6066663
5 0,3062265 0,2975993 0,01705199 0,05611289
6 0,5235198 0,1442251 0,0127064 0,0280602
6 0,5297021 0,1521429 0,01321948 0,02905983
6 0,6115649 0,5197406 0,04161453 0,09841478
6 0,6555431 0,6163348 0,0507313 0,1185561
6 0,739397 0,6956831 0,07223725 0,1584363
