0 0,381741 0,2746253 0,02537718 0,0520044
0 0,3854969 0,2751327 0,02745104 0,06678694
0 0,5175531 0,5142612 0,02700764 0,05442458
0 0,5661136 0,4800358 0,0331102 0,06163794
1 0,4262002 0,3933302 0,0438523 0,06928325
2 0,382881 0,2903339 0,03167289 0,04425257
2 0,3851608 0,2664721 0,03485307 0,08086175
2 0,5157316 0,4987009 0,03673851 0,04541585
2 0,5611382 0,4901131 0,0349679 0,07734808
3 0,6745004 0,4725398 0,08361101 0,09169382
3 0,5071903 0,541199 0,08431655 0,1114359
3 0,6043726 0,1155083 0,1079496 0,1856731
4 0,4447573 0,5500014 0,08102965 0,2930621
5 0,3865041 0,2850627 0,01282066 0,04209334
5 0,5516697 0,479408 0,02354592 0,04120773
6 0,5987533 0,1189496 0,03646958 0,07521915
6 0,6214966 0,08527452 0,04134601 0,08556575
6 0,4452444 0,5293962 0,03085476 0,06828299
6 0,4326604 0,4523374 0,02341047 0,0480547
6 0,4109605 0,4558256 0,02152839 0,04486066
