0 0,09078482 0,1863924 0,06660986 0,09494758
0 0,03865579 0,1682399 0,08188134 0,1287487
0 0,5767866 0,5494444 0,02673644 0,04466918
1 0,5056318 0,4390863 0,03550723 0,04576123
2 0,9067817 0,7208444 0,07181746 0,06372623
2 0,3052745 0,3554558 0,01548386 0,01004356
2 0,09375539 0,2111211 0,08664039 0,08546484
2 0,04545233 0,1570362 0,09322391 0,1534514
2 0,5726284 0,5558827 0,02880889 0,05735505
3 0,6659068 0,5673118 0,05173248 0,05291256
3 0,5660816 0,5719466 0,06057686 0,0620783
3 0,206878 0,003130436 0,2081873 0,504644
4 0,5300394 0,5604844 0,08341509 0,1974974
5 0,0583927 0,1914424 0,04383761 0,07789677
5 0,5658355 0,5449126 0,0188821 0,0291591
6 0,2121779 0,01390088 0,07834415 0,1797411
6 0,5111598 0,4857595 0,01891518 0,03186411
