0 0,362371 0,05945706 0,05111027 0,1121451
0 0,3673453 0,01484448 0,06526494 0,169973
0 0,4730605 0,3907545 0,01772442 0,03670776
0 0,5051153 0,3646625 0,02112859 0,04189086
1 0,4045488 0,3091663 0,02774587 0,04418731
2 0,6899712 0,444879 0,06723356 0,05357951
2 0,6447195 0,4242113 0,05400157 0,04266524
2 0,4432251 0,2295904 0,01445028 0,01197642
2 0,445881 0,225087 0,01531217 0,01275301
2 0,3652938 0,09196138 0,06206214 0,09687191
2 0,3664471 0,0002116561 0,08172467 0,1959669
2 0,4717433 0,3798879 0,02413371 0,03041983
2 0,5019251 0,3718995 0,02223483 0,0524435
3 0,5583225 0,3527746 0,04874957 0,0554024
3 0,4536685 0,3971499 0,04935515 0,06240577
4 0,4155759 0,4017753 0,04522994 0,1552907
5 0,7487029 0,442279 0,04872292 0,08591813
5 0,3706289 0,0521428 0,02930784 0,1049215
5 0,4955146 0,3647631 0,0154649 0,02823842
6 0,4135485 0,3855379 0,0168612 0,03576976
6 0,4122575 0,3804901 0,01560754 0,03296936
6 0,408913 0,3459158 0,01452428 0,02970034
6 0,3960017 0,3493587 0,01397407 0,02851582
