0 0,5757768 0,2441717 0,02676767 0,06153488
1 0,5053977 0,235468 0,03423202 0,07137126
2 0,858934 0,6595759 0,0580281 0,1060791
2 0,802361 0,5744036 0,05070478 0,08785382
2 0,5715233 0,2505289 0,02880931 0,07452822
3 0,6553347 0,3022522 0,05156183 0,08456486
3 0,5601723 0,3551836 0,05508506 0,09830952
4 0,5275774 0,3722046 0,07295614 0,236607
5 0,9288694 0,7407125 0,05488539 0,09693924
5 0,5652598 0,2408826 0,01885599 0,04134506
6 0,5422989 0,3871616 0,02022249 0,05193359
6 0,5262707 0,3512384 0,01859915 0,04806268
6 0,5109375 0,2845217 0,01750255 0,04488164
