0 0,280714 0,3175338 0,08221585 0,1215912
1 0,2790094 0,0627625 0,248998 0,3361292
2 0,8015714 0,1876882 0,06517422 0,04489523
2 0,7524934 0,1878623 0,06047124 0,04523826
2 0,2716269 0,2881697 0,1061161 0,1165396
3 0,5146104 0,1358399 0,04275358 0,1098791
3 0,4918337 0,3512 0,08587694 0,274653
4 0,4987146 0,4988474 0,4264975 0,6750298
5 0,8503246 0,1657225 0,0451898 0,05871737
6 0,6087579 0,4211307 0,07044685 0,1889782
6 0,4974995 0,4271924 0,04773787 0,1922675
6 0,356117 0,2890313 0,08580583 0,2032324
