0 0,859427 0,4823726 0,03740937 0,04812217
0 0,843633 0,4655955 0,03634226 0,05484694
1 0,344171 0,1892737 0,04224044 0,09025991
2 0,5724122 0,3566989 0,02487779 0,02162427
2 0,8628681 0,4709232 0,04643446 0,0450331
2 0,8445225 0,4736094 0,04361653 0,06963518
3 0,4184663 0,2965721 0,02660802 0,05979091
3 0,4068475 0,3566159 0,03765211 0,09632677
3 0,9269181 0,5839099 0,1033827 0,1077196
4 0,4116023 0,3720788 0,1239393 0,2517303
5 0,5932704 0,3505934 0,01516241 0,02917379
5 0,8508118 0,4635306 0,02151543 0,03237575
6 0,9293046 0,5863379 0,04712224 0,06347328
6 0,917332 0,5885245 0,04776925 0,06545785
6 0,452156 0,3446162 0,01933762 0,05512553
6 0,4115776 0,3370156 0,01768011 0,05741566
6 0,3615351 0,2696443 0,02023438 0,05964452
