0 0,4525475 0,2116063 0,01139328 0,0266149
0 0,4564534 0,2155316 0,01129144 0,03118986
1 0,5099149 0,6735555 0,07764179 0,175054
2 0,3344511 0,3902193 0,03057331 0,03383064
2 0,3249061 0,4268737 0,03424254 0,03951573
2 0,4523508 0,2033163 0,01472557 0,02322626
2 0,4564146 0,2191011 0,01438841 0,03720844
3 0,4159959 0,734785 0,101533 0,1798908
3 0,5348015 0,2637678 0,02487946 0,05225879
4 0,4887477 0,6865958 0,08521688 0,4345357
5 0,3406863 0,3507062 0,0137614 0,0388338
6 0,5339639 0,263068 0,01076168 0,02317858
6 0,5370963 0,2714084 0,01117277 0,02400899
6 0,4852904 0,5789127 0,02457258 0,06679988
