0 0,5694363 0,3181093 0,02017045 0,04822725
0 0,6107885 0,318352 0,02737898 0,05712217
1 0,498033 0,2313168 0,02910551 0,05127168
2 0,8038174 0,8319497 0,09756148 0,1232735
2 0,5691144 0,3044556 0,02802867 0,04152644
2 0,6059238 0,3236342 0,02841443 0,0710547
3 0,6820855 0,4017449 0,07384855 0,07347649
3 0,5445834 0,3794302 0,05623323 0,0684067
4 0,5016561 0,3660674 0,04229704 0,209652
5 0,5990251 0,3096868 0,01947141 0,03648263
6 0,4996772 0,3709356 0,01674834 0,04166698
6 0,4997016 0,3415751 0,01539651 0,03801429
6 0,4997141 0,2804189 0,01441929 0,03493655
6 0,4861493 0,2642789 0,01387045 0,03275734
