0 0,7937869 0,5204334 0,09556168 0,1289025
0 0,8222156 0,5403796 0,1116688 0,1651144
1 0,5818 0,2113518 0,04174346 0,06662339
2 0,7990677 0,4862356 0,1266704 0,1153007
2 0,8097347 0,5368179 0,1079719 0,2013502
3 0,5273875 0,5090252 0,09460112 0,2233101
3 0,5474759 0,4257436 0,07022172 0,1331826
3 0,1574931 0,3847572 0,08993376 0,06473523
7 0,5290768 0,3851582 0,1136142 0,2625069
5 0,83676 0,5334522 0,1009632 0,1341469
6 0,1523311 0,387913 0,02964222 0,03786784
6 0,1730144 0,3849586 0,02816668 0,03746033
6 0,4917893 0,3830255 0,01705703 0,05133116
6 0,5289682 0,3770345 0,0184592 0,0502013
6 0,5574511 0,2789804 0,02067834 0,04571474
