0 0,6967254 0,5105867 0,05325329 0,09113845
0 0,6994179 0,5475819 0,05619639 0,1027957
1 0,5747445 0,2297707 0,03169996 0,06879061
2 0,189666 0,7856638 0,09145474 0,1470672
2 0,267378 0,7618965 0,07557687 0,1394001
2 0,7009579 0,4911017 0,06811666 0,09386483
2 0,6956166 0,5395053 0,05978608 0,1187427
3 0,5310096 0,5117134 0,0554958 0,1707239
3 0,5444851 0,4150467 0,0473485 0,1252426
3 0,226983 0,2873043 0,06698772 0,05998886
7 0,5319055 0,3569344 0,08492297 0,2056658
5 0,1080714 0,7877464 0,07183167 0,1010417
5 0,7039874 0,5508155 0,04598236 0,08749056
6 0,2229329 0,2897061 0,0210017 0,03554875
6 0,2394818 0,2878915 0,02001475 0,03528565
6 0,5045154 0,3541017 0,0128724 0,04541409
6 0,5319354 0,3499926 0,01421708 0,04477447
6 0,5548946 0,2804064 0,01598561 0,04426777
