0 0,4080039 0,1080894 0,01562065 0,0296182
0 0,413125 0,09954375 0,01655304 0,04182029
1 0,799462 0,6431249 0,1603382 0,3087053
2 0,3061293 0,3658253 0,03934151 0,0604912
2 0,3037744 0,4222211 0,04443067 0,07390958
2 0,4074623 0,09760916 0,01982698 0,02315289
2 0,4127531 0,1085607 0,01983923 0,04338175
3 0,4228674 0,7818325 0,1491686 0,343856
3 0,5651481 0,7825341 0,1494624 0,3402438
3 0,5251397 0,1445339 0,03403252 0,05929428
7 0,6434628 0,6772006 0,2324737 0,6333807
5 0,3057351 0,3084647 0,01754653 0,05793732
6 0,5235198 0,1442251 0,0127064 0,0280602
6 0,5297021 0,1521429 0,01321948 0,02905983
6 0,6070547 0,5680313 0,03972995 0,09660584
6 0,6483757 0,6673014 0,04799789 0,1156987
6 0,713161 0,6446872 0,06568658 0,1451762
