0 0,382476 0,2749548 0,02486649 0,04548806
0 0,3850571 0,2911373 0,02737108 0,06719494
0 0,5171065 0,5133408 0,02734077 0,05419919
0 0,5460925 0,4897404 0,02651411 0,05727953
1 0,4262002 0,3933302 0,0438523 0,06928325
2 0,3838037 0,2910902 0,03068358 0,03412622
2 0,3832815 0,276396 0,03326011 0,07020354
2 0,515735 0,4975529 0,03663543 0,04506841
2 0,5404657 0,4959108 0,02527457 0,07878661
3 0,5918326 0,5196813 0,09175926 0,1125159
3 0,5071903 0,541199 0,08431655 0,1114359
3 0,6043726 0,1155083 0,1079496 0,1856731
7 0,4455952 0,5663543 0,08266267 0,3316088
5 0,3865041 0,2850627 0,01282066 0,04209334
5 0,5516697 0,479408 0,02354592 0,04120773
6 0,5987533 0,1189496 0,03646958 0,07521915
6 0,6214966 0,08527452 0,04134601 0,08556575
6 0,4479587 0,5826217 0,03064767 0,07146451
6 0,4421893 0,5601052 0,02657032 0,06082064
6 0,4338555 0,4541302 0,02438623 0,05011749
6 0,4301348 0,4485488 0,02135372 0,04372299
