0 0,5606638 0,2479221 0,02232349 0,05715328
1 0,5053977 0,235468 0,03423202 0,07137126
2 0,8424701 0,6350573 0,05585504 0,1006173
2 0,788905 0,5543882 0,04901356 0,08378732
2 0,5563074 0,2519893 0,02243626 0,0747236
3 0,6120375 0,3500291 0,05612463 0,09751338
3 0,5601723 0,3551836 0,05508506 0,09830952
7 0,5273473 0,3815566 0,07295614 0,2541115
5 0,9081663 0,7106118 0,05170941 0,09285642
5 0,5652598 0,2408826 0,01885599 0,04134506
6 0,541261 0,4149737 0,01972032 0,05129635
6 0,5256481 0,378198 0,01817238 0,04753202
6 0,5156648 0,2944621 0,01797271 0,04598778
6 0,5002964 0,2621453 0,01657644 0,04242015
