0 0,5045286 0,3007268 0,0146102 0,03208929
0 0,5212225 0,293789 0,0136658 0,0345664
1 0,4610068 0,2351021 0,02145839 0,03416073
2 0,6531112 0,4602932 0,03757125 0,03973013
2 0,6299363 0,4267252 0,03327334 0,03373057
2 0,5041517 0,29114 0,0202854 0,02689838
2 0,5179139 0,2961999 0,01244253 0,0480479
3 0,535058 0,3273332 0,0394367 0,04669398
3 0,497313 0,3233777 0,03762701 0,04551446
3 0,3415031 0,9390264 0,1004186 0,430204
7 0,4697858 0,3264314 0,03541696 0,1448154
5 0,6798518 0,4824147 0,02463764 0,05386585
5 0,5246048 0,2890017 0,01253688 0,02409756
6 0,3401845 0,9711329 0,04977629 0,1389743
6 0,3463092 0,8726662 0,04339123 0,1172998
6 0,4724365 0,3357511 0,01205212 0,02702582
6 0,4649133 0,270232 0,01121837 0,02397221
6 0,4609907 0,260341 0,01058671 0,02245981
