0 0,03257585 0,008028209 0,08746633 0,1269729
0 0,561228 0,4978229 0,02377176 0,04934859
0 0,6003188 0,4852388 0,02902931 0,04554093
0 0,52062 0,4571819 0,02690196 0,03971523
0 0,4996743 0,4451756 0,02379695 0,03473282
1 0,5052806 0,4041981 0,03511646 0,04703951
2 0,8958494 0,6764436 0,06956452 0,0713158
2 0,2987621 0,2445366 0,01629132 0,01049078
2 0,03702819 0,009707212 0,0956775 0,163312
2 0,5566372 0,4979668 0,02421337 0,06652948
2 0,5981264 0,4971031 0,03570741 0,04703075
3 0,6786097 0,6130224 0,1307597 0,1601874
4 0,5308559 0,5145817 0,08105353 0,1762395
5 0,02864569 0,01806998 0,05304823 0,09321439
5 0,5663138 0,486949 0,01865244 0,0314616
