0 0,4139362 0,4189851 0,02850896 0,05041838
0 0,4390329 0,3943179 0,02429551 0,04926652
1 0,4131678 0,3319647 0,04185653 0,06871557
2 0,7100102 0,4539844 0,03248215 0,03593862
2 0,6708168 0,4428305 0,02745575 0,0336014
2 0,4122383 0,4051489 0,03759831 0,04440755
2 0,4353097 0,4002531 0,02629042 0,06681478
3 0,5210761 0,4159469 0,03846997 0,07751304
3 0,4805431 0,4448741 0,04793936 0,09205323
7 0,4599477 0,4786424 0,1010756 0,2505298
5 0,7497184 0,4504434 0,02574587 0,04384971
5 0,442733 0,3851328 0,01869005 0,03594786
6 0,4583333 0,4747357 0,01992646 0,05157855
6 0,4346403 0,3891727 0,02121708 0,04742229
