0 0,1614338 0,1362852 0,131184 0,2138864
0 0,04207865 0,002477467 0,2541659 0,4412454
0 0,5038726 0,7499086 0,0150387 0,02900885
0 0,5209864 0,740544 0,01384956 0,03148398
1 0,4609042 0,6632729 0,02086177 0,02715898
2 0,6731388 0,8351714 0,04377478 0,03060617
2 0,643708 0,8144209 0,03768349 0,02529599
2 0,4195266 0,5616499 0,01551479 0,01034686
2 0,4206288 0,5563371 0,01653954 0,01129809
2 0,1626343 0,1883314 0,1723514 0,2059634
2 0,5034583 0,740015 0,02077138 0,02156417
2 0,5176213 0,7431229 0,0125398 0,04536004
3 0,5358806 0,7501832 0,0409134 0,03959423
3 0,4964386 0,7479973 0,03908503 0,03860922
7 0,4676823 0,7475206 0,03603801 0,1361198
5 0,7060407 0,8394067 0,02828693 0,05567169
5 0,5243751 0,7354507 0,01268101 0,02157956
6 0,4703188 0,749734 0,01252234 0,02523288
6 0,4663191 0,7439247 0,01175517 0,02354176
6 0,463954 0,6938561 0,01113001 0,02062452
6 0,4602003 0,6912391 0,01042649 0,01928586
