0 0,8611643 0,4833837 0,03625458 0,04379478
0 0,852396 0,4603533 0,03907013 0,05776751
1 0,344171 0,1892737 0,04224044 0,09025991
2 0,5662451 0,3554596 0,02483106 0,02175534
2 0,8645558 0,4713162 0,04494834 0,03711355
2 0,8503489 0,4716901 0,04559863 0,06165385
3 0,4298405 0,3297261 0,03454 0,07639843
3 0,4068475 0,3566159 0,03765211 0,09632677
3 0,9269181 0,5839099 0,1033827 0,1077196
7 0,4114347 0,387814 0,1239393 0,2825549
5 0,5874045 0,3493339 0,01518804 0,02940536
5 0,8508118 0,4635306 0,02151543 0,03237575
6 0,9293046 0,5863379 0,04712224 0,06347328
6 0,917332 0,5885245 0,04776925 0,06545785
6 0,4110996 0,3824936 0,01734316 0,05775672
6 0,3776971 0,2736288 0,01828003 0,05878633
