0 0,4527766 0,2111166 0,01133189 0,02329797
0 0,4547863 0,2060549 0,01172006 0,03310537
1 0,5099149 0,6735555 0,07764179 0,175054
2 0,3320638 0,3996064 0,03148034 0,03522795
2 0,3220344 0,4381421 0,03537443 0,04132885
2 0,4526926 0,2026282 0,0145078 0,01808053
2 0,454441 0,2131193 0,01429147 0,03418428
3 0,3320532 0,6858435 0,1094005 0,1638417
3 0,4159959 0,734785 0,101533 0,1798908
3 0,5348015 0,2637678 0,02487946 0,05225879
7 0,4888379 0,7003673 0,08521688 0,4596054
5 0,3386003 0,3585743 0,01418436 0,03989029
6 0,5339639 0,263068 0,01076168 0,02317858
6 0,5370963 0,2714084 0,01117277 0,02400899
6 0,4856076 0,6163968 0,02392688 0,06611374
