0 0,5694017 0,3163807 0,02055705 0,04788947
0 0,5936082 0,315174 0,02073997 0,05327922
1 0,498033 0,2313168 0,02910551 0,05127168
2 0,8581653 0,9830203 0,1244409 0,1667333
2 0,7876397 0,7875726 0,09012401 0,1116719
2 0,5694602 0,3027214 0,02803272 0,04142159
2 0,5884932 0,3173129 0,01889616 0,07358873
3 0,6036671 0,4074817 0,06707144 0,07551235
3 0,5445834 0,3794302 0,05623323 0,0684067
7 0,5016456 0,3764551 0,04229704 0,2301471
5 0,5990251 0,3096868 0,01947141 0,03648263
6 0,4996839 0,4026357 0,01641455 0,04127866
6 0,4997069 0,3713469 0,01511395 0,03769815
6 0,4997067 0,2877179 0,01480114 0,03592926
6 0,4997305 0,2642789 0,01357636 0,03275734
