0 0,7367384 0,43971 0,06482172 0,09129226
0 0,7315059 0,4380725 0,06538635 0,1066411
1 0,5790026 0,2138637 0,03261721 0,05186844
2 0,1713893 0,6287683 0,1289805 0,1225365
2 0,2715868 0,6037751 0,1005469 0,1125187
2 0,7406363 0,4145398 0,08522838 0,08038002
2 0,7270789 0,4287702 0,0672186 0,1304729
3 0,5180371 0,3823524 0,04828912 0,09306192
3 0,5525611 0,3767387 0,05367732 0,09029609
3 0,2241504 0,3585726 0,0686256 0,05226058
7 0,5372423 0,3542867 0,08998585 0,2100805
5 0,06748807 0,6167809 0,09373158 0,1215251
5 0,7483267 0,4312194 0,05803496 0,08045644
6 0,2198936 0,3611897 0,02137688 0,03080112
6 0,2368103 0,358882 0,02038333 0,03052652
6 0,5080301 0,3603028 0,01403964 0,03955132
6 0,5373053 0,3558336 0,0149886 0,03886795
6 0,5597624 0,2673162 0,01646847 0,03561026
