0 0,8004555 0,5216582 0,09875017 0,136193
0 0,8011182 0,5297772 0,1048297 0,1638028
1 0,5818 0,2113518 0,04174346 0,06662339
2 0,01172316 0,9367843 0,3141207 0,3574241
2 0,8066024 0,487815 0,1305197 0,1259027
2 0,7920963 0,5129989 0,1050624 0,1922314
3 0,5016081 0,4341496 0,06027028 0,1386282
3 0,5474759 0,4257436 0,07022172 0,1331826
3 0,1574931 0,3847572 0,08993376 0,06473523
7 0,5290824 0,3884976 0,1136142 0,2692568
5 0,83676 0,5334522 0,1009632 0,1341469
6 0,1523311 0,387913 0,02964222 0,03786784
6 0,1730144 0,3849586 0,02816668 0,03746033
6 0,4920922 0,3964201 0,01704553 0,05200219
6 0,5292137 0,3902287 0,01844698 0,05085272
6 0,5574511 0,2789804 0,02067834 0,04571474
