0 0,6978146 0,5516379 0,05885929 0,1145254
0 0,7171128 0,668095 0,08635497 0,1613016
0 0,5476472 0,2815369 0,02139825 0,05052745
0 0,5753301 0,2505571 0,02103561 0,04421377
1 0,5747445 0,2297707 0,03169996 0,06879061
2 0,1678824 0,7920405 0,09606599 0,1492414
2 0,2468246 0,7679046 0,07971638 0,1413961
2 0,6956701 0,5381275 0,06294507 0,1335887
2 0,7125549 0,6810576 0,1003999 0,1765648
3 0,4162877 0,4441186 0,08121598 0,1478553
3 0,5445435 0,4151909 0,04737478 0,1253042
3 0,226983 0,2873043 0,06698772 0,05998886
4 0,532423 0,3335979 0,08492297 0,1607475
5 0,08457589 0,7944391 0,07502109 0,1020744
5 0,7039874 0,5508155 0,04598236 0,08749056
6 0,2229329 0,2897061 0,0210017 0,03554875
6 0,2394818 0,2878915 0,02001475 0,03528565
