0 0,7004272 0,5123645 0,05463958 0,09556448
0 0,6932 0,5308785 0,05466598 0,1071709
1 0,5747445 0,2297707 0,03169996 0,06879061
2 0,2456092 0,7692894 0,07990217 0,1415579
2 0,3202053 0,7464546 0,06519526 0,1343356
2 0,7049782 0,4935891 0,06992006 0,09968585
2 0,690986 0,5159826 0,0586251 0,1225861
3 0,5131889 0,4206303 0,0428665 0,1282254
3 0,5444851 0,4150467 0,0473485 0,1252426
3 0,226983 0,2873043 0,06698772 0,05998886
7 0,5318539 0,3592617 0,08492297 0,2100692
5 0,1683231 0,7705848 0,06385204 0,09840786
5 0,7039874 0,5508155 0,04598236 0,08749056
6 0,2229329 0,2897061 0,0210017 0,03554875
6 0,2394818 0,2878915 0,02001475 0,03528565
6 0,5045896 0,3638819 0,01282686 0,04551512
6 0,5319052 0,3596752 0,01416141 0,04487395
6 0,5548946 0,2804064 0,01598561 0,04426777
