0 0,4084134 0,1077514 0,01543987 0,02764404
0 0,4112542 0,09697044 0,01618636 0,03969693
1 0,799462 0,6431249 0,1603382 0,3087053
2 0,3045938 0,4052349 0,04280758 0,06961393
2 0,3018152 0,4721272 0,04890186 0,08675027
2 0,4079586 0,09710717 0,019591 0,02049673
2 0,4110147 0,1068394 0,01933229 0,03892899
3 0,5311937 0,6564386 0,1283302 0,2681501
3 0,5651481 0,7825341 0,1494624 0,3402438
3 0,5251397 0,1445339 0,03403252 0,05929428
7 0,6429468 0,6809599 0,2328108 0,6390396
5 0,3042998 0,3401884 0,01900306 0,06336194
6 0,5235198 0,1442251 0,0127064 0,0280602
6 0,5297021 0,1521429 0,01321948 0,02905983
6 0,6047096 0,5828992 0,03920001 0,09624794
6 0,6452048 0,6831468 0,04724491 0,1151112
6 0,713161 0,6446872 0,06568658 0,1451762
