0 0,3834274 0,2750303 0,02454409 0,04236168
0 0,3837326 0,2952948 0,02650166 0,0628674
0 0,517463 0,5121279 0,0277124 0,05639529
0 0,5357008 0,4990726 0,02798903 0,06217882
1 0,4262002 0,3933302 0,0438523 0,06928325
2 0,9506062 0,6475799 0,159321 0,1274705
2 0,3848329 0,2913998 0,03015727 0,03000277
2 0,3818249 0,2794598 0,03191885 0,06199056
2 0,5165285 0,4962124 0,03663015 0,04879779
2 0,5297009 0,4990124 0,02806175 0,07975972
3 0,5216118 0,5596516 0,09728622 0,1314889
3 0,5071903 0,541199 0,08431655 0,1114359
3 0,6043726 0,1155083 0,1079496 0,1856731
7 0,4457803 0,5699663 0,08302179 0,3400828
5 0,3865041 0,2850627 0,01282066 0,04209334
5 0,5516697 0,479408 0,02354592 0,04120773
6 0,5987533 0,1189496 0,03646958 0,07521915
6 0,6214966 0,08527452 0,04134601 0,08556575
6 0,4499872 0,5978599 0,03057888 0,07227296
6 0,443975 0,5734556 0,02651945 0,06144351
6 0,4338555 0,4541302 0,02438623 0,05011749
6 0,4301348 0,4485488 0,02135372 0,04372299
