0 0,668977 0,155155 0,0361973 0,05131626
0 0,6816357 0,1811906 0,041242 0,07811064
0 0,5610108 0,4101482 0,01957315 0,04668576
0 0,5741798 0,4046292 0,02041572 0,05370164
1 0,4632308 0,2653594 0,03479883 0,04568142
2 0,8230795 0,8318392 0,2401717 0,2619269
2 0,7331767 0,6485007 0,1301771 0,12231
2 0,668165 0,1764551 0,04646879 0,0328362
2 0,680438 0,1600388 0,04988098 0,07730591
2 0,5613949 0,3952135 0,02710474 0,0373677
2 0,5688239 0,4018416 0,01863825 0,07045329
3 0,4970812 0,4176276 0,07354107 0,07436675
3 0,5032868 0,4058169 0,06534481 0,06522375
7 0,4548834 0,4004411 0,06904012 0,2216857
5 0,6943663 0,1682083 0,02449393 0,05496895
5 0,5900209 0,3932629 0,01942229 0,03544772
6 0,4424405 0,4133679 0,02266702 0,0417856
6 0,4537106 0,4023867 0,02008089 0,03732926
6 0,4595605 0,3128488 0,01889002 0,0323984
6 0,4691589 0,3115975 0,01677847 0,0292182
