0 0,4594675 0,1548405 0,01873615 0,04654223
0 0,4717586 0,1513259 0,01821265 0,05068994
1 0,3878646 0,07363743 0,03080758 0,05204034
2 0,6167572 0,3770743 0,04677933 0,06184357
2 0,5909076 0,3255944 0,04084969 0,05122167
2 0,459025 0,1419975 0,02528182 0,04189634
2 0,4674399 0,1498303 0,01791885 0,06539464
3 0,4449466 0,2182115 0,05415481 0,07548666
3 0,4400964 0,1980872 0,05067846 0,06908733
7 0,4015119 0,2081844 0,04944259 0,2153524
5 0,6479115 0,4166229 0,0313518 0,0770998
5 0,4835109 0,1401273 0,01550978 0,03382587
6 0,4004476 0,2099799 0,01622573 0,0374223
6 0,3934938 0,125297 0,01626024 0,03590304
6 0,3915139 0,1090422 0,01518685 0,03323859
