0 0,09752008 0,1899261 0,06301761 0,07857168
0 0,06627855 0,2093377 0,07403657 0,1137806
0 0,5532274 0,5557495 0,02350295 0,04588324
1 0,5056318 0,4390863 0,03550723 0,04576123
2 0,9085632 0,7229551 0,07210386 0,06429894
2 0,8237982 0,6783688 0,05890262 0,04808429
2 0,3052745 0,3554558 0,01548386 0,01004356
2 0,09972817 0,2152815 0,08368701 0,06265986
2 0,06547058 0,1842043 0,09144288 0,1191018
3 0,5872387 0,5850259 0,06635791 0,07023472
3 0,5660816 0,5719466 0,06057686 0,0620783
3 0,206878 0,003130436 0,2081873 0,504644
7 0,529787 0,5754897 0,08380133 0,2321303
5 0,0583927 0,1914424 0,04383761 0,07789677
5 0,5658355 0,5449126 0,0188821 0,0291591
6 0,2121779 0,01390088 0,07834415 0,1797411
6 0,5476177 0,5922756 0,02288187 0,04342788
6 0,5163438 0,4874989 0,01948518 0,03276333
6 0,499773 0,4819389 0,01767087 0,02989006
