0 0,3657215 0,06267256 0,04824385 0,0904634
0 0,3659369 0,08428544 0,05701205 0,1420274
0 0,4734104 0,3895689 0,01839471 0,03838229
0 0,4847525 0,3790473 0,01829335 0,04224128
1 0,4045488 0,3091663 0,02774587 0,04418731
2 0,6454374 0,4255101 0,0541864 0,04294032
2 0,6120731 0,4101421 0,04519302 0,03548676
2 0,4432251 0,2295904 0,01445028 0,01197642
2 0,445881 0,225087 0,01531217 0,01275301
2 0,3690558 0,09539479 0,05782518 0,06813055
2 0,3614381 0,05171698 0,06891534 0,1448256
2 0,472705 0,3783674 0,02420661 0,03304321
2 0,4806351 0,3791988 0,01827443 0,0543527
3 0,4580656 0,4032645 0,05349258 0,06805319
3 0,4536685 0,3971499 0,04935515 0,06240577
7 0,4163983 0,4134855 0,04681107 0,1804
5 0,6861618 0,4200695 0,03507853 0,06892133
5 0,3706289 0,0521428 0,02930784 0,1049215
5 0,4955146 0,3647631 0,0154649 0,02823842
6 0,4169131 0,4233316 0,01669767 0,03665423
6 0,4153897 0,4155812 0,01546741 0,03373331
6 0,4082257 0,3443736 0,01374313 0,02806914
