0 0,6348839 0,2687938 0,0222652 0,05073923
0 0,6433649 0,2732768 0,02253455 0,05625731
1 0,554543 0,1539626 0,02738416 0,04550213
2 0,6149213 0,6111851 0,05215919 0,1057494
2 0,6288681 0,536132 0,04603559 0,08457705
2 0,6362521 0,2560601 0,02898222 0,04767346
2 0,6393543 0,2686428 0,02267563 0,07016611
3 0,5640481 0,300854 0,05257922 0,07749188
3 0,5729975 0,2834542 0,04981631 0,07140142
3 0,1484315 0,5268549 0,1285443 0,1849095
7 0,5410859 0,2660782 0,0538578 0,1812016
5 0,6003761 0,6787078 0,02901661 0,1082012
5 0,6564758 0,2707115 0,01947236 0,03978121
6 0,1396223 0,5388305 0,03631937 0,07415807
6 0,1743262 0,5055827 0,03330015 0,06850311
6 0,5302368 0,2823717 0,01499534 0,03485012
6 0,5403234 0,2669044 0,01438093 0,03278881
6 0,5486987 0,1968741 0,01444304 0,03114343
6 0,5587652 0,1845309 0,01377964 0,02920097
