0 0,5526919 0,2538193 0,02312309 0,06014329
1 0,5053977 0,235468 0,03423202 0,07137126
2 0,8031189 0,5764535 0,05078721 0,08814698
2 0,7564408 0,506098 0,04501635 0,07437193
2 0,548345 0,2531564 0,02389324 0,07496488
3 0,5769818 0,3885787 0,05924201 0,107953
3 0,5601723 0,3551836 0,05508506 0,09830952
7 0,527297 0,3836096 0,07295614 0,2579138
5 0,8592815 0,6395372 0,04458404 0,0834778
5 0,5652598 0,2408826 0,01885599 0,04134506
6 0,5415533 0,4225504 0,01957083 0,05104679
6 0,5260399 0,3856046 0,01804602 0,04732192
6 0,5156648 0,2944621 0,01797271 0,04598778
6 0,5002964 0,2621453 0,01657644 0,04242015
