0 0,2730172 0,3142064 0,08483782 0,1281182
0 0,3177401 0,2612894 0,06842038 0,1262908
1 0,2790094 0,0627625 0,248998 0,3361292
2 0,7532392 0,1888819 0,06050134 0,04529798
2 0,703491 0,1890658 0,05566216 0,04564703
2 0,2653137 0,282455 0,1086825 0,1232548
2 0,3083013 0,2684851 0,08135852 0,1610698
3 0,5620466 0,3480682 0,1046867 0,2720151
3 0,4918337 0,3512 0,08587694 0,274653
7 0,4986857 0,5392764 0,4264975 0,7327772
5 0,8019404 0,1667827 0,04237902 0,05910617
6 0,5970832 0,545886 0,06047153 0,1791008
6 0,4974315 0,5529261 0,04208469 0,1819915
6 0,4001749 0,2874416 0,07288986 0,2019401
