0 0,504799 0,2999018 0,01484302 0,03343189
0 0,5151701 0,2970458 0,01458651 0,03649181
1 0,4610068 0,2351021 0,02145839 0,03416073
2 0,6361403 0,4361886 0,03440237 0,03532135
2 0,615789 0,4066701 0,03073698 0,03033197
2 0,5046762 0,2902925 0,02026242 0,02928287
2 0,511811 0,2957993 0,01423466 0,04743129
3 0,5027907 0,3356664 0,04001167 0,04904252
3 0,497313 0,3233777 0,03762701 0,04551446
3 0,3415031 0,9390264 0,1004186 0,430204
7 0,4698072 0,3280517 0,03543115 0,1481046
5 0,659274 0,4543317 0,02179712 0,04895771
5 0,5246048 0,2890017 0,01253688 0,02409756
6 0,3401845 0,9711329 0,04977629 0,1389743
6 0,3463092 0,8726662 0,04339123 0,1172998
6 0,4730005 0,3421758 0,01200882 0,02705288
6 0,4649133 0,270232 0,01121837 0,02397221
6 0,4609907 0,260341 0,01058671 0,02245981
