0 0,862546 0,4841868 0,03570145 0,04175594
0 0,8537641 0,4584823 0,03803879 0,05493981
1 0,344171 0,1892737 0,04224044 0,09025991
2 0,8659266 0,4717879 0,04431123 0,03395528
2 0,851127 0,4704136 0,04424459 0,05519545
3 0,4409248 0,3622532 0,04240552 0,09374028
3 0,4068475 0,3566159 0,03765211 0,09632677
3 0,9269181 0,5839099 0,1033827 0,1077196
7 0,4113978 0,3912752 0,1239393 0,2897305
5 0,5714444 0,3459073 0,01525027 0,03003538
5 0,8508118 0,4635306 0,02151543 0,03237575
6 0,9293046 0,5863379 0,04712224 0,06347328
6 0,917332 0,5885245 0,04776925 0,06545785
6 0,3776971 0,2736288 0,01828003 0,05878633
