0 0,4531879 0,2108583 0,01128528 0,02168673
0 0,4537537 0,2035834 0,01145673 0,03140223
1 0,5099149 0,6735555 0,07764179 0,175054
2 0,3251641 0,4267351 0,03414863 0,03942132
2 0,313661 0,4709982 0,03874341 0,04684377
2 0,4531521 0,2022583 0,0144003 0,01595676
2 0,4534302 0,2113681 0,01385567 0,03069562
3 0,4181178 0,6493131 0,08930308 0,1505653
3 0,4159959 0,734785 0,101533 0,1798908
3 0,5348015 0,2637678 0,02487946 0,05225879
7 0,4888575 0,7033803 0,08521688 0,4650033
5 0,3326093 0,38117 0,01542687 0,04297036
6 0,5339639 0,263068 0,01076168 0,02317858
6 0,5370963 0,2714084 0,01117277 0,02400899
