0 0,3846448 0,2771557 0,02742898 0,05800563
0 0,3839123 0,2683575 0,02970117 0,070261
0 0,5454437 0,4949926 0,02901244 0,06343085
0 0,5969331 0,4652165 0,0379163 0,0597192
0 0,4348279 0,4559802 0,03383586 0,05663645
0 0,4299834 0,4488441 0,0286192 0,04757863
1 0,4262002 0,3933302 0,0438523 0,06928325
2 0,3835819 0,276108 0,03383982 0,08040875
2 0,3829519 0,2500858 0,0372366 0,06986123
2 0,5394325 0,4966602 0,02896327 0,08440056
2 0,5946839 0,4816701 0,04632765 0,06166327
3 0,6114783 0,6569156 0,2287177 0,342374
3 0,507319 0,5411155 0,08430129 0,111394
3 0,6043726 0,1155083 0,1079496 0,1856731
4 0,4437576 0,5304929 0,07906625 0,2466837
5 0,3865041 0,2850627 0,01282066 0,04209334
5 0,5516697 0,479408 0,02354592 0,04120773
6 0,5987533 0,1189496 0,03646958 0,07521915
6 0,6214966 0,08527452 0,04134601 0,08556575
