0 0,570025 0,3148428 0,0210045 0,04958594
0 0,584369 0,3174105 0,02190775 0,05472571
1 0,498033 0,2313168 0,02910551 0,05127168
2 0,8047421 0,836177 0,09799331 0,1241547
2 0,7521421 0,6901974 0,0747034 0,08821866
2 0,570452 0,3012494 0,02814907 0,04472458
2 0,5794881 0,3143376 0,02136916 0,07084727
3 0,5483297 0,411445 0,06171244 0,07646126
3 0,5445834 0,3794302 0,05623323 0,0684067
7 0,5016433 0,3787393 0,04229704 0,2346146
5 0,5990251 0,3096868 0,01947141 0,03648263
6 0,5004442 0,4119611 0,01631641 0,04116106
6 0,5004081 0,3801221 0,01503068 0,03760195
6 0,4997067 0,2877179 0,01480114 0,03592926
6 0,4997305 0,2642789 0,01357636 0,03275734
