0 0,752591 0,4347944 0,07387674 0,1172467
0 0,7217998 0,4104169 0,06560361 0,09929574
1 0,5790026 0,2138637 0,03261721 0,05186844
2 0,2585941 0,6084665 0,1040802 0,1140566
2 0,3525945 0,5849679 0,07887313 0,1049819
2 0,7581071 0,4142036 0,09449536 0,1228407
2 0,721213 0,4162279 0,0680244 0,1261068
3 0,5180371 0,3823524 0,04828912 0,09306192
3 0,5525611 0,3767387 0,05367732 0,09029609
3 0,2241504 0,3585726 0,0686256 0,05226058
7 0,5372423 0,3542867 0,08998585 0,2100805
5 0,1623984 0,5959067 0,0789642 0,1160922
5 0,7483267 0,4312194 0,05803496 0,08045644
6 0,2198936 0,3611897 0,02137688 0,03080112
6 0,2368103 0,358882 0,02038333 0,03052652
6 0,5101312 0,365156 0,0146572 0,04130054
6 0,540494 0,360454 0,01571357 0,04055792
6 0,5597624 0,2673162 0,01646847 0,03561026
