0 0,07357705 0,0316959 0,07276544 0,09561276
0 0,04058576 0,04978096 0,08346114 0,1195652
0 0,5328235 0,5003682 0,02575105 0,05462432
0 0,5430445 0,4931787 0,02522296 0,04885125
1 0,5052806 0,4041981 0,03511646 0,04703951
2 0,8267645 0,6372885 0,05886328 0,05689034
2 0,7640527 0,5998232 0,04970425 0,0449616
2 0,2987621 0,2445366 0,01629132 0,01049078
2 0,07744774 0,05960053 0,09288558 0,08086026
2 0,03639033 0,01988119 0,1045064 0,1214742
2 0,5345991 0,488784 0,03215694 0,05668929
2 0,5386539 0,4978476 0,02594543 0,06397456
3 0,5871843 0,547388 0,06524438 0,08213991
7 0,5306242 0,5433441 0,08108288 0,2406191
5 0,9032834 0,6586889 0,0491873 0,08084893
5 0,02864569 0,01806998 0,05304823 0,09321439
5 0,5663138 0,486949 0,01865244 0,0314616
6 0,5584596 0,5599041 0,02190322 0,04591817
6 0,5165053 0,4545288 0,019081 0,03586662
6 0,4999691 0,4450348 0,01727146 0,03236324
