0 0,6891314 0,1573865 0,04233503 0,07354265
0 0,7254127 0,1433943 0,05569535 0,09677595
0 0,5832813 0,4052766 0,02178311 0,05592984
0 0,6333443 0,3994497 0,03475189 0,05666494
0 0,4571109 0,3134581 0,0266577 0,03419292
0 0,4691906 0,3118372 0,02299902 0,03001183
1 0,4632308 0,2653594 0,03479883 0,04568142
2 0,8208393 0,8238909 0,236977 0,2563739
2 0,6846948 0,1559152 0,0473057 0,1018137
2 0,7248212 0,1174524 0,06856793 0,09741062
2 0,5778103 0,404132 0,01991916 0,07618082
2 0,6300902 0,4151022 0,04153091 0,0570544
3 0,4744222 0,4754446 0,1321324 0,1588869
3 0,5034107 0,4058171 0,06533617 0,0652228
4 0,4545803 0,3700992 0,06891704 0,1546097
5 0,6943663 0,1682083 0,02449393 0,05496895
5 0,5900209 0,3932629 0,01942229 0,03544772
