0 0,6701396 0,1551446 0,03659207 0,05470026
0 0,6771272 0,1847551 0,03908819 0,06943721
0 0,5617962 0,4054593 0,02336538 0,05795074
0 0,5615533 0,3943202 0,02180731 0,05202842
1 0,4632308 0,2653594 0,03479883 0,04568142
2 0,7414695 0,66749 0,1390121 0,1334478
2 0,6934987 0,5691165 0,0915187 0,07828987
2 0,6695849 0,1761789 0,04679048 0,03756732
2 0,6765532 0,1625216 0,04812735 0,06279218
2 0,5643848 0,3925923 0,02767682 0,05939561
2 0,5577145 0,3991657 0,02199054 0,06898093
3 0,4970812 0,4176276 0,07354107 0,07436675
3 0,5032868 0,4058169 0,06534481 0,06522375
7 0,4548834 0,4004411 0,06904012 0,2216857
5 0,834796 0,7831271 0,133692 0,2695235
5 0,6943663 0,1682083 0,02449393 0,05496895
5 0,5900209 0,3932629 0,01942229 0,03544772
6 0,4555523 0,4144783 0,02234155 0,0421685
6 0,4656253 0,4033092 0,01981038 0,03763503
6 0,4595605 0,3128488 0,01889002 0,0323984
6 0,4691589 0,3115975 0,01677847 0,0292182
