0 0,4583258 0,1483569 0,02164224 0,05668175
0 0,4613018 0,144654 0,02027342 0,05138266
1 0,3878646 0,07363743 0,03080758 0,05204034
2 0,5940506 0,3326018 0,04154456 0,05250823
2 0,5724304 0,2894744 0,03676277 0,04427212
2 0,4598663 0,1369375 0,02601501 0,06074768
2 0,4579531 0,1486455 0,02091336 0,06595808
3 0,4449466 0,2182115 0,05415481 0,07548666
3 0,4400964 0,1980872 0,05067846 0,06908733
7 0,4015119 0,2081844 0,04944259 0,2153524
5 0,619413 0,36296 0,02627605 0,06759357
5 0,4835109 0,1401273 0,01550978 0,03382587
6 0,4104986 0,2070968 0,01601884 0,03704101
6 0,3934938 0,125297 0,01626024 0,03590304
6 0,3915139 0,1090422 0,01518685 0,03323859
