0 0,09976473 0,1907638 0,06295216 0,08226275
0 0,0675236 0,2139829 0,07120869 0,1028007
1 0,5056318 0,4390863 0,03550723 0,04576123
2 0,8337662 0,6845159 0,06040704 0,05000681
2 0,7681546 0,6498872 0,05073774 0,03883618
2 0,3052745 0,3554558 0,01548386 0,01004356
2 0,1017466 0,215663 0,08312151 0,06786132
2 0,06547827 0,1870518 0,0905816 0,1019871
3 0,5872387 0,5850259 0,06635791 0,07023472
3 0,5660816 0,5719466 0,06057686 0,0620783
3 0,206878 0,003130436 0,2081873 0,504644
7 0,529787 0,5754897 0,08380133 0,2321303
5 0,9137797 0,7014673 0,04940903 0,07999471
5 0,0583927 0,1914424 0,04383761 0,07789677
5 0,5658355 0,5449126 0,0188821 0,0291591
6 0,2121779 0,01390088 0,07834415 0,1797411
6 0,558068 0,5904636 0,02248651 0,04239428
6 0,5382882 0,5762353 0,02041161 0,03797859
6 0,5163438 0,4874989 0,01948518 0,03276333
6 0,499773 0,4819389 0,01767087 0,02989006
