0 0,6374769 0,2624163 0,02616286 0,06154531
0 0,6341341 0,2592459 0,02421784 0,05577743
1 0,554543 0,1539626 0,02738416 0,04550213
2 0,6271045 0,545981 0,04675543 0,08706841
2 0,6385108 0,4845617 0,04177397 0,07127634
2 0,640442 0,252355 0,03101629 0,06689036
2 0,631259 0,2609804 0,02545249 0,06979018
3 0,5640481 0,300854 0,05257922 0,07749188
3 0,5729975 0,2834542 0,04981631 0,07140142
3 0,1484315 0,5268549 0,1285443 0,1849095
7 0,5410859 0,2660782 0,0538578 0,1812016
5 0,6158691 0,5969776 0,02562153 0,09175223
5 0,6564758 0,2707115 0,01947236 0,03978121
6 0,1396223 0,5388305 0,03631937 0,07415807
6 0,1743262 0,5055827 0,03330015 0,06850311
6 0,5381941 0,2868118 0,01530504 0,03543133
6 0,5480139 0,270922 0,0146637 0,03330487
6 0,5486987 0,1968741 0,01444304 0,03114343
6 0,5587652 0,1845309 0,01377964 0,02920097
