0 0,5422897 0,2492286 0,02509946 0,06234819
1 0,5053977 0,235468 0,03423202 0,07137126
2 0,7621368 0,5154212 0,04569685 0,07603496
2 0,7221703 0,4551204 0,04092783 0,06503814
3 0,5769818 0,3885787 0,05924201 0,107953
3 0,5601723 0,3551836 0,05508506 0,09830952
7 0,527297 0,3836096 0,07295614 0,2579138
5 0,8092407 0,5667832 0,03783429 0,07425705
5 0,5652598 0,2408826 0,01885599 0,04134506
6 0,5506943 0,4139516 0,01952851 0,05015719
6 0,5348544 0,3779914 0,01801848 0,04655212
6 0,5156648 0,2944621 0,01797271 0,04598778
6 0,5002964 0,2621453 0,01657644 0,04242015
