0 0,292795 0,2714893 0,08454129 0,1416577
1 0,2790094 0,0627625 0,248998 0,3361292
2 0,7101429 0,1899462 0,05627912 0,04565841
2 0,659794 0,1901388 0,05131692 0,046013
2 0,2505708 0,2747638 0,1224833 0,1727278
2 0,2825016 0,2936289 0,09682022 0,1825212
3 0,5620466 0,3480682 0,1046867 0,2720151
3 0,4918337 0,3512 0,08587694 0,274653
7 0,4986857 0,5392764 0,4264975 0,7327772
5 0,7587961 0,1677284 0,03983915 0,05945259
6 0,5861183 0,4829388 0,05246443 0,1573013
6 0,4960416 0,4885623 0,03755435 0,1595526
6 0,4001749 0,2874416 0,07288986 0,2019401
