0 0,4215344 0,4024805 0,02906063 0,05752784
1 0,4131678 0,3319647 0,04185653 0,06871557
2 0,6494405 0,4377596 0,02482992 0,03243709
2 0,407107 0,39947 0,03925467 0,06880492
2 0,4168993 0,4095259 0,03106549 0,07450664
3 0,5074522 0,4537917 0,04656941 0,09701037
3 0,4805431 0,4448741 0,04793936 0,09205323
7 0,4599889 0,4814032 0,1010756 0,2561336
5 0,6843696 0,4337859 0,02065897 0,0407337
5 0,442733 0,3851328 0,01869005 0,03594786
6 0,4649468 0,4738881 0,01875329 0,049335
6 0,4346403 0,3891727 0,02121708 0,04742229
