0 0,1710457 0,1440787 0,1260879 0,2066021
0 0,07245141 0,091129 0,2008492 0,3272787
0 0,5028073 0,7465401 0,01727074 0,03836277
0 0,5064964 0,7386888 0,01623046 0,0333541
1 0,4609042 0,6632729 0,02086177 0,02715898
2 0,6294986 0,8054742 0,03486234 0,02300425
2 0,6084198 0,7905128 0,03081197 0,01965134
2 0,4195266 0,5616499 0,01551479 0,01034686
2 0,4206288 0,5563371 0,01653954 0,01129809
2 0,1709292 0,1931129 0,1669801 0,2009839
2 0,0756568 0,03363979 0,2479509 0,3658301
2 0,504253 0,737712 0,02099371 0,03884868
2 0,5036023 0,7422787 0,01650602 0,04486999
3 0,5021823 0,7539232 0,04186818 0,04169556
3 0,4964386 0,7479973 0,03908503 0,03860922
7 0,4676683 0,7492905 0,03607568 0,1401169
5 0,6522632 0,8060247 0,02079636 0,04364327
5 0,5243751 0,7354507 0,01268101 0,02157956
6 0,4787129 0,7562097 0,01250643 0,02530396
6 0,4742486 0,7500603 0,01174131 0,02360748
6 0,463954 0,6938561 0,01113001 0,02062452
6 0,4602003 0,6912391 0,01042649 0,01928586
