0 0,8636821 0,4849541 0,03636146 0,04382294
0 0,8541464 0,4567602 0,03654164 0,05064332
1 0,344171 0,1892737 0,04224044 0,09025991
2 0,5018536 0,3419453 0,02411491 0,0230692
2 0,8669762 0,4726239 0,04493386 0,03684229
2 0,8509622 0,4690906 0,04261941 0,04696566
3 0,4409248 0,3622532 0,04240552 0,09374028
3 0,4068475 0,3566159 0,03765211 0,09632677
3 0,9269181 0,5839099 0,1033827 0,1077196
7 0,4113978 0,3912752 0,1239393 0,2897305
5 0,8508118 0,4635306 0,02151543 0,03237575
6 0,9293046 0,5863379 0,04712224 0,06347328
6 0,917332 0,5885245 0,04776925 0,06545785
6 0,4099377 0,3845091 0,01638076 0,05483764
6 0,3776971 0,2736288 0,01828003 0,05878633
