0 0,45365 0,2107731 0,01133081 0,02302539
0 0,4528155 0,2018832 0,011233 0,02854574
1 0,5099149 0,6735555 0,07764179 0,175054
2 0,3154236 0,4650338 0,03803378 0,04573363
2 0,3016488 0,5181333 0,04375568 0,05534801
2 0,4536644 0,2023158 0,01440072 0,01782435
2 0,4525472 0,2102866 0,01355761 0,02575159
3 0,4181178 0,6493131 0,08930308 0,1505653
3 0,4159959 0,734785 0,101533 0,1798908
3 0,5348015 0,2637678 0,02487946 0,05225879
7 0,4888575 0,7033803 0,08521688 0,4650033
5 0,3242446 0,4127194 0,01723206 0,04738533
6 0,5339639 0,263068 0,01076168 0,02317858
6 0,5370963 0,2714084 0,01117277 0,02400899
6 0,4687172 0,6327237 0,02384421 0,06664824
6 0,4730616 0,7127537 0,02687797 0,07763661
