0 0,569202 0,3062092 0,02434272 0,05891156
0 0,5728517 0,30685 0,02317518 0,05462164
1 0,498033 0,2313168 0,02910551 0,05127168
2 0,758017 0,707745 0,07716978 0,09205426
2 0,7192856 0,6000686 0,06152332 0,06895423
2 0,5717509 0,2948424 0,02929741 0,0642215
2 0,5687745 0,3094989 0,02364624 0,06971985
3 0,5483297 0,411445 0,06171244 0,07646126
3 0,5445834 0,3794302 0,05623323 0,0684067
7 0,5016433 0,3787393 0,04229704 0,2346146
5 0,812753 0,8233773 0,06158698 0,123661
5 0,5990251 0,3096868 0,01947141 0,03648263
6 0,5122476 0,4119607 0,0165261 0,04116124
6 0,5113016 0,3801221 0,01520914 0,03760195
6 0,4997067 0,2877179 0,01480114 0,03592926
6 0,4997305 0,2642789 0,01357636 0,03275734
