0 0,8333803 0,5444101 0,1095173 0,1473468
0 0,7815361 0,4451628 0,09967649 0,1345383
1 0,5818 0,2113518 0,04174346 0,06662339
2 0,1243244 0,9026966 0,2510934 0,3282223
2 0,2964596 0,8435973 0,1640919 0,2843597
2 0,8372735 0,5066345 0,1414883 0,1312625
2 0,7815485 0,4797995 0,1299464 0,1346825
3 0,5016084 0,4341501 0,06027022 0,1386285
3 0,5474759 0,4257436 0,07022172 0,1331826
3 0,1574931 0,3847572 0,08993376 0,06473523
7 0,5290824 0,3884976 0,1136142 0,2692568
5 0,83676 0,5334522 0,1009632 0,1341469
6 0,1523311 0,387913 0,02964222 0,03786784
6 0,1730144 0,3849586 0,02816668 0,03746033
6 0,4969051 0,4166487 0,01941457 0,05977666
6 0,5384982 0,4093433 0,02133143 0,05828041
6 0,5574511 0,2789804 0,02067834 0,04571474
