0 0,07568568 0,0319469 0,07346213 0,1006438
0 0,03974658 0,05295318 0,08108407 0,1057703
0 0,5431934 0,5026348 0,02300739 0,04001674
0 0,5339288 0,4834179 0,02614707 0,04601705
1 0,5052806 0,4041981 0,03511646 0,04703951
2 0,779897 0,6099479 0,05196625 0,04792812
2 0,7277198 0,5787008 0,04463321 0,03875512
2 0,2987621 0,2445366 0,01629132 0,01049078
2 0,07927734 0,05948848 0,09297577 0,08815336
2 0,03420997 0,02159435 0,1047627 0,1019257
2 0,5417921 0,4905394 0,03051436 0,03348374
2 0,5357186 0,4953291 0,03464669 0,04318979
3 0,5871845 0,5473878 0,06524438 0,08213985
7 0,5306242 0,5433441 0,08108288 0,2406191
5 0,8418645 0,6253227 0,040806 0,06972367
5 0,02864569 0,01806998 0,05304823 0,09321439
5 0,5663138 0,486949 0,01865244 0,0314616
6 0,571815 0,5542967 0,02147222 0,04436779
6 0,5165053 0,4545288 0,019081 0,03586662
6 0,4999691 0,4450348 0,01727146 0,03236324
