0 0,7143397 0,536185 0,054717 0,1019621
0 0,6934258 0,4611656 0,05559623 0,1037464
1 0,5747445 0,2297707 0,03169996 0,06879061
2 0,3621636 0,7351727 0,05717027 0,1304203
2 0,4304659 0,7142232 0,04535219 0,1240693
2 0,7181913 0,5146686 0,07025146 0,1025535
2 0,6917166 0,4832687 0,07100046 0,1082389
3 0,5131891 0,420631 0,04286656 0,1282256
3 0,5444851 0,4150467 0,0473485 0,1252426
3 0,226983 0,2873043 0,06698772 0,05998886
7 0,5318539 0,3592617 0,08492297 0,2100692
5 0,2934828 0,7349341 0,04819316 0,09299906
5 0,7039874 0,5508155 0,04598236 0,08749056
6 0,2229329 0,2897061 0,0210017 0,03554875
6 0,2394818 0,2878915 0,02001475 0,03528565
6 0,5091509 0,3952323 0,01410526 0,0500384
6 0,5385261 0,3903096 0,01564807 0,04926986
6 0,5548946 0,2804064 0,01598561 0,04426777
