0 0,4096813 0,1075585 0,01571473 0,03106338
0 0,4083148 0,09435809 0,01557899 0,0318706
1 0,799462 0,6431249 0,1603382 0,3087053
2 0,3000572 0,5216807 0,05325109 0,1002866
2 0,2957879 0,6256638 0,06302088 0,1327069
2 0,4094229 0,09713823 0,01974633 0,02557129
2 0,4084363 0,1052873 0,01887712 0,02597898
3 0,5311928 0,6564395 0,1283303 0,268151
3 0,5651481 0,7825341 0,1494624 0,3402438
3 0,5251397 0,1445339 0,03403252 0,05929428
7 0,6429468 0,6809599 0,2328108 0,6390396
5 0,3001664 0,4315675 0,02330086 0,07980478
6 0,5235198 0,1442251 0,0127064 0,0280602
6 0,5297021 0,1521429 0,01321948 0,02905983
6 0,5635362 0,6234989 0,03931588 0,1038522
6 0,6004609 0,7369317 0,04771227 0,1258885
6 0,713161 0,6446872 0,06568658 0,1451762
