0 0,1017465 0,1911668 0,06332666 0,08658731
0 0,06650922 0,2159738 0,0698863 0,09107816
1 0,5056318 0,4390863 0,03550723 0,04576123
2 0,7846809 0,6592901 0,05312121 0,04161075
2 0,7304716 0,630599 0,04543424 0,03313425
2 0,3052745 0,3554558 0,01548386 0,01004356
2 0,1034935 0,2158463 0,08277726 0,07433355
2 0,06330028 0,1880456 0,0920957 0,08474123
3 0,587239 0,5850258 0,06635809 0,07023475
3 0,5660816 0,5719466 0,06057686 0,0620783
3 0,206878 0,003130436 0,2081873 0,504644
7 0,529787 0,5754897 0,08380133 0,2321303
5 0,8489847 0,6708339 0,04089862 0,06852183
5 0,0583927 0,1914424 0,04383761 0,07789677
5 0,5658355 0,5449126 0,0188821 0,0291591
6 0,2121779 0,01390088 0,07834415 0,1797411
6 0,5716462 0,5881094 0,02196687 0,04105869
6 0,5512485 0,5744443 0,01998371 0,03689912
6 0,5163438 0,4874989 0,01948518 0,03276333
6 0,499773 0,4819389 0,01767087 0,02989006
