0 0,3696475 0,06161559 0,04858169 0,1016052
0 0,360469 0,09858751 0,05379972 0,1096448
0 0,4805996 0,3856609 0,01921135 0,03584599
0 0,4675798 0,3707083 0,02142191 0,04106611
1 0,4045488 0,3091663 0,02774587 0,04418731
2 0,596403 0,4041837 0,04115629 0,03228378
2 0,5742785 0,393854 0,03568697 0,0277797
2 0,4432251 0,2295904 0,01445028 0,01197642
2 0,445881 0,225087 0,01531217 0,01275301
2 0,3731086 0,09328049 0,05841434 0,08397073
2 0,3556496 0,06235403 0,06575367 0,09678322
2 0,4790069 0,3753524 0,02418578 0,02989507
2 0,4697706 0,3806729 0,02683553 0,0378347
3 0,458066 0,4032643 0,05349267 0,06805319
3 0,4536685 0,3971499 0,04935515 0,06240577
7 0,4163983 0,4134855 0,04681107 0,1804
5 0,6215632 0,3971294 0,02417916 0,05217117
5 0,3706289 0,0521428 0,02930784 0,1049215
5 0,4955146 0,3647631 0,0154649 0,02823842
6 0,4413028 0,4115898 0,01654673 0,0354625
6 0,4380668 0,4048355 0,01533812 0,03271693
6 0,4082257 0,3443736 0,01374313 0,02806914
