0 0,6443257 0,271807 0,02368492 0,04752123
0 0,6299524 0,2441219 0,02585381 0,05257642
1 0,554543 0,1539626 0,02738416 0,04550213
2 0,635519 0,5009483 0,04303813 0,07522565
2 0,6453048 0,4482284 0,03878099 0,06258547
2 0,6447042 0,2587901 0,02921921 0,04405659
2 0,6305346 0,2568896 0,03195268 0,05242902
3 0,5640483 0,3008544 0,05257934 0,077492
3 0,5729975 0,2834542 0,04981631 0,07140142
3 0,1484315 0,5268549 0,1285443 0,1849095
7 0,5410859 0,2660782 0,0538578 0,1812016
5 0,6262983 0,5419618 0,02334416 0,08126774
5 0,6564758 0,2707115 0,01947236 0,03978121
6 0,1396223 0,5388305 0,03631937 0,07415807
6 0,1743262 0,5055827 0,03330015 0,06850311
6 0,5494218 0,2930765 0,01574659 0,03625667
6 0,5588483 0,2765818 0,01506639 0,0340361
6 0,5486987 0,1968741 0,01444304 0,03114343
6 0,5587652 0,1845309 0,01377964 0,02920097
