0 0,5425416 0,2489298 0,0229373 0,05144328
1 0,5053977 0,235468 0,03423202 0,07137126
2 0,7325605 0,4713742 0,04214191 0,06784746
2 0,6971399 0,4178877 0,03802615 0,05861348
2 0,5414449 0,2369229 0,03015137 0,0508703
3 0,576982 0,3885782 0,05924195 0,1079531
3 0,5601723 0,3551836 0,05508506 0,09830952
7 0,527297 0,3836096 0,07295614 0,2579138
5 0,7736657 0,5150599 0,03336972 0,06793559
5 0,5652598 0,2408826 0,01885599 0,04134506
6 0,5627759 0,402587 0,01946265 0,048989
6 0,5465274 0,3679093 0,0179736 0,04553866
6 0,5156648 0,2944621 0,01797271 0,04598778
6 0,5002964 0,2621453 0,01657644 0,04242015
