0 0,2814391 0,2894136 0,07122079 0,1188669
0 0,2617258 0,2672182 0,09654187 0,1527954
1 0,2790094 0,0627625 0,248998 0,3361292
2 0,67384 0,1908428 0,0526827 0,04596257
2 0,6229821 0,1910429 0,04761517 0,04632187
2 0,2723995 0,2627856 0,09457681 0,1093053
2 0,2718082 0,2940553 0,1167966 0,1452129
3 0,5620465 0,348067 0,1046863 0,2720141
3 0,4918337 0,3512 0,08587694 0,274653
7 0,4986857 0,5392764 0,4264975 0,7327772
5 0,7224488 0,1685251 0,03767449 0,05974513
6 0,5741551 0,4142572 0,0442782 0,1346325
6 0,4945288 0,4185113 0,03274027 0,1362962
6 0,4001749 0,2874416 0,07288986 0,2019401
