0 0,5105664 0,2981372 0,01548642 0,03008515
0 0,5012705 0,2836606 0,0171341 0,03464824
1 0,4610068 0,2351021 0,02145839 0,03416073
2 0,6053455 0,392449 0,02890444 0,0279696
2 0,5896848 0,3696654 0,02623683 0,02452248
2 0,5096912 0,2889649 0,02022552 0,02591795
2 0,502609 0,2925578 0,02224281 0,03265083
3 0,5027909 0,3356663 0,04001176 0,04904252
3 0,497313 0,3233777 0,03762701 0,04551446
3 0,3415031 0,9390264 0,1004186 0,430204
7 0,4698072 0,3280517 0,03543115 0,1481046
5 0,6226547 0,404357 0,01715171 0,04061669
5 0,5246048 0,2890017 0,01253688 0,02409756
6 0,3401845 0,9711329 0,04977629 0,1389743
6 0,3463092 0,8726662 0,04339123 0,1172998
6 0,490592 0,3384854 0,01183888 0,02655137
6 0,4649133 0,270232 0,01121837 0,02397221
6 0,4609907 0,260341 0,01058671 0,02245981
