0 0,17422 0,1433341 0,1275581 0,2173768
0 0,07419941 0,1078116 0,1884108 0,2838956
0 0,5100834 0,7485467 0,01586211 0,02755472
0 0,500502 0,7312635 0,0174121 0,03099573
1 0,4609042 0,6632729 0,02086177 0,02715898
2 0,6139118 0,794867 0,0318526 0,02053949
2 0,5955093 0,7817656 0,02841485 0,01775372
2 0,4195266 0,5616499 0,01551479 0,01034686
2 0,4206288 0,5563371 0,01653954 0,01129809
2 0,1734685 0,1909071 0,1677606 0,215541
2 0,07321659 0,04341573 0,245342 0,3217846
2 0,5091218 0,7390992 0,02067408 0,0211326
2 0,5018805 0,7405065 0,02276874 0,02729823
3 0,5021825 0,7539231 0,04186806 0,04169562
3 0,4964386 0,7479973 0,03908503 0,03860922
7 0,4676683 0,7492905 0,03607568 0,1401169
5 0,6335469 0,7944066 0,01844043 0,03967755
5 0,5243751 0,7354507 0,01268101 0,02157956
6 0,4893535 0,7552648 0,01246306 0,02500279
6 0,4843185 0,7492309 0,0117037 0,0233447
6 0,463954 0,6938561 0,01113001 0,02062452
6 0,4602003 0,6912391 0,01042649 0,01928586
