0 0,454227 0,2108482 0,01138866 0,02450943
0 0,4518723 0,2009614 0,01125941 0,02499676
1 0,5099149 0,6735555 0,07764179 0,175054
2 0,3058679 0,5026058 0,04198003 0,05237347
2 0,2896411 0,5652497 0,04897785 0,06454816
2 0,4542935 0,2024677 0,01441202 0,02008474
2 0,4516651 0,2096933 0,01369557 0,02028793
3 0,4181173 0,6493132 0,08930314 0,1505655
3 0,4159959 0,734785 0,101533 0,1798908
3 0,5348015 0,2637678 0,02487946 0,05225879
7 0,4888575 0,7033803 0,08521688 0,4650033
5 0,3161421 0,4432795 0,01905867 0,05178976
6 0,5339639 0,263068 0,01076168 0,02317858
6 0,5370963 0,2714084 0,01117277 0,02400899
6 0,4464672 0,6397985 0,02398774 0,06762955
6 0,4480279 0,7217819 0,02706057 0,07895181
