0 0,5878991 0,5439819 0,02762306 0,03478929
0 0,6148909 0,5466986 0,02838403 0,03505066
0 0,4995413 0,4821175 0,02419883 0,0312264
1 0,5069064 0,4595401 0,03576598 0,04605269
2 0,9067817 0,7208444 0,07181746 0,06372623
2 0,3052745 0,3554558 0,01548386 0,01004356
2 0,5874153 0,5571945 0,03696567 0,02803177
2 0,6143796 0,5599244 0,03792095 0,02836797
3 0,6600922 0,8693771 0,3109267 0,6176552
3 0,6238723 0,5948672 0,08438802 0,08949736
3 0,4904852 0,750918 0,2008858 0,3397544
4 0,530285 0,5458856 0,08303878 0,1637045
5 0,5658355 0,5449126 0,0188821 0,0291591
6 0,4862904 0,769398 0,06667268 0,1475769
6 0,5004014 0,7269802 0,05848065 0,119521
