0 0,3666623 0,04023272 0,05995354 0,1344039
0 0,4913866 0,3758741 0,01879388 0,04309362
0 0,5251798 0,3532295 0,02367777 0,04047793
0 0,4081489 0,3445809 0,01827466 0,03053039
1 0,4045488 0,3091663 0,02774587 0,04418731
2 0,6899712 0,444879 0,06723356 0,05357951
2 0,6447195 0,4242113 0,05400157 0,04266524
2 0,4432251 0,2295904 0,01445028 0,01197642
2 0,445881 0,225087 0,01531217 0,01275301
2 0,3647036 0,04259533 0,07304463 0,174868
2 0,4873266 0,3772568 0,01873276 0,05757326
2 0,5238767 0,3647289 0,0287323 0,04107201
3 0,4802807 0,4257782 0,07950005 0,1035835
3 0,4537517 0,397104 0,04934961 0,06239247
4 0,4147722 0,3903316 0,04367301 0,1305556
5 0,7487029 0,442279 0,04872292 0,08591813
5 0,3706289 0,0521428 0,02930784 0,1049215
5 0,4955146 0,3647631 0,0154649 0,02823842
