0 0,07728451 0,03141218 0,07428598 0,1056833
0 0,03634638 0,05249077 0,0822866 0,105425
0 0,5411909 0,502306 0,02296311 0,04294544
0 0,5362703 0,4832514 0,02617395 0,04770979
1 0,5052806 0,4041981 0,03511646 0,04703951
2 0,7603287 0,5985327 0,04917294 0,04441202
2 0,7122957 0,569734 0,0425334 0,03625768
2 0,2987621 0,2445366 0,01629132 0,01049078
2 0,0805949 0,058514 0,09324779 0,09561217
2 0,02968079 0,02049088 0,1074698 0,1018621
2 0,5396557 0,4905973 0,03034186 0,03738227
2 0,5382193 0,4948733 0,03437072 0,04580361
3 0,5871845 0,5473878 0,06524438 0,08213985
7 0,5306242 0,5433441 0,08108288 0,2406191
5 0,8167301 0,6116683 0,03759313 0,0653469
5 0,02864569 0,01806998 0,05304823 0,09321439
5 0,5663138 0,486949 0,01865244 0,0314616
6 0,5792136 0,5511905 0,02122945 0,04351628
6 0,558861 0,534675 0,0193091 0,03925139
6 0,5165053 0,4545288 0,019081 0,03586662
6 0,4999691 0,4450348 0,01727146 0,03236324
