0 0,4653905 0,151267 0,01987162 0,0445891
0 0,4562771 0,1336819 0,0222474 0,05051237
1 0,3878646 0,07363743 0,03080758 0,05204034
2 0,5710796 0,2876105 0,03645712 0,04382801
2 0,5533871 0,252248 0,03269231 0,03762722
2 0,4636548 0,1395485 0,02510712 0,04094386
2 0,4584816 0,1452829 0,02780956 0,04938674
3 0,4449471 0,2182114 0,05415496 0,07548666
3 0,4400964 0,1980872 0,05067846 0,06908733
7 0,4015119 0,2081844 0,04944259 0,2153524
5 0,5912455 0,3099197 0,02168328 0,05858725
5 0,4835109 0,1401273 0,01550978 0,03382587
6 0,4315779 0,2010505 0,01558864 0,03624421
6 0,3934938 0,125297 0,01626024 0,03590304
6 0,3915139 0,1090422 0,01518685 0,03323859
