0 0,103296 0,1910601 0,06381115 0,09088343
0 0,06331259 0,2152845 0,07100245 0,09078681
1 0,5056318 0,4390863 0,03550723 0,04576123
2 0,7643001 0,6488162 0,05018681 0,03835204
2 0,7145428 0,6224458 0,04324698 0,03085968
2 0,3052745 0,3554558 0,01548386 0,01004356
2 0,104809 0,2154469 0,08258253 0,08091426
2 0,05909741 0,1870766 0,09458271 0,08463657
3 0,587239 0,5850258 0,06635809 0,07023475
3 0,5660816 0,5719466 0,06057686 0,0620783
3 0,206878 0,003130436 0,2081873 0,504644
7 0,529787 0,5754897 0,08380133 0,2321303
5 0,8226483 0,6583829 0,03765702 0,06404823
5 0,0583927 0,1914424 0,04383761 0,07789677
5 0,5658355 0,5449126 0,0188821 0,0291591
6 0,2121779 0,01390088 0,07834415 0,1797411
6 0,579157 0,5868072 0,02167654 0,04032341
6 0,558444 0,57345 0,01974404 0,03630203
6 0,5163438 0,4874989 0,01948518 0,03276333
6 0,499773 0,4819389 0,01767087 0,02989006
