0 0,6429423 0,2700624 0,02420419 0,05010104
0 0,6323791 0,2456393 0,02618474 0,05468202
1 0,554543 0,1539626 0,02738416 0,04550213
2 0,6391162 0,4816954 0,04145271 0,07042623
2 0,6482432 0,4325123 0,03748894 0,05899996
2 0,6426608 0,2572557 0,02922547 0,04750502
2 0,6331401 0,2583393 0,03201789 0,05541843
3 0,5640483 0,3008544 0,05257934 0,077492
3 0,5729975 0,2834542 0,04981631 0,07140142
3 0,1484315 0,5268549 0,1285443 0,1849095
7 0,5410859 0,2660782 0,0538578 0,1812016
5 0,6306912 0,5187873 0,02238685 0,0769923
5 0,6564758 0,2707115 0,01947236 0,03978121
6 0,1396223 0,5388305 0,03631937 0,07415807
6 0,1743262 0,5055827 0,03330015 0,06850311
6 0,5561136 0,2968105 0,01601249 0,03675145
6 0,5652956 0,2799501 0,0153082 0,0344733
6 0,5486987 0,1968741 0,01444304 0,03114343
6 0,5587652 0,1845309 0,01377964 0,02920097
