0 0,5406014 0,2484525 0,02296883 0,05400115
1 0,5053977 0,235468 0,03423202 0,07137126
2 0,7195819 0,4520463 0,04061323 0,06440109
2 0,6860757 0,4014303 0,03676575 0,05587941
2 0,5393388 0,237252 0,03004253 0,05453217
3 0,576982 0,3885782 0,05924195 0,1079531
3 0,5601723 0,3551836 0,05508506 0,09830952
7 0,527297 0,3836096 0,07295614 0,2579138
5 0,7581942 0,4925659 0,03151512 0,06524652
5 0,5652598 0,2408826 0,01885599 0,04134506
6 0,5695605 0,3962053 0,01942056 0,04833698
6 0,5530933 0,3622382 0,0179438 0,04497164
6 0,5156648 0,2944621 0,01797271 0,04598778
6 0,5002964 0,2621453 0,01657644 0,04242015
