0 0,2761267 0,2933492 0,07309473 0,129559
0 0,2671278 0,2606894 0,09436855 0,1543355
1 0,2790094 0,0627625 0,248998 0,3361292
2 0,6562525 0,1912773 0,05092669 0,04611057
2 0,6051465 0,1914811 0,0458079 0,04647189
2 0,2673621 0,2680111 0,09815498 0,1211389
2 0,2771283 0,2861518 0,1138037 0,1478204
3 0,5620465 0,348067 0,1046863 0,2720141
3 0,4918337 0,3512 0,08587694 0,274653
7 0,4986857 0,5392764 0,4264975 0,7327772
5 0,704838 0,168911 0,03661788 0,05988652
6 0,5684246 0,3813545 0,0405575 0,1241843
6 0,4938058 0,3850221 0,03047952 0,1256055
6 0,4001749 0,2874416 0,07288986 0,2019401
