0 0,5091919 0,2976991 0,01562113 0,03215307
0 0,5031227 0,2836838 0,01719341 0,03597158
1 0,4610068 0,2351021 0,02145839 0,03416073
2 0,5996292 0,3843302 0,02791977 0,0266971
2 0,5847766 0,3627077 0,02541679 0,02349693
2 0,5080637 0,2888418 0,02004007 0,02877176
2 0,5045837 0,2923989 0,02207872 0,03467345
3 0,5027909 0,3356663 0,04001176 0,04904252
3 0,497313 0,3233777 0,03762701 0,04551446
3 0,3415031 0,9390264 0,1004186 0,430204
7 0,4698072 0,3280517 0,03543115 0,1481046
5 0,6159571 0,3952168 0,01635879 0,03914559
5 0,5246048 0,2890017 0,01253688 0,02409756
6 0,3401845 0,9711329 0,04977629 0,1389743
6 0,3463092 0,8726662 0,04339123 0,1172998
6 0,4963431 0,3372791 0,01183671 0,02638787
6 0,4649133 0,270232 0,01121837 0,02397221
6 0,4609907 0,260341 0,01058671 0,02245981
