0 0,4153915 0,4114097 0,0256553 0,05236268
0 0,4129113 0,3943001 0,03036675 0,0589028
1 0,4131678 0,3319647 0,04185653 0,06871557
2 0,579852 0,4185227 0,02284831 0,02858925
2 0,4132473 0,3993692 0,03478289 0,0472942
2 0,4154284 0,4061347 0,03974107 0,05712068
3 0,5074524 0,4537916 0,04656932 0,09701017
3 0,4805431 0,4448741 0,04793936 0,09205323
7 0,4599889 0,4814032 0,1010756 0,2561336
5 0,442733 0,3851328 0,01869005 0,03594786
6 0,5040077 0,4624649 0,0163534 0,04676867
6 0,4766026 0,4530697 0,01687145 0,04483175
6 0,4346403 0,3891727 0,02121708 0,04742229
