0 0,8656046 0,4866515 0,03797376 0,0480786
0 0,8520768 0,4542747 0,03518397 0,04541874
1 0,344171 0,1892737 0,04224044 0,09025991
2 0,4999958 0,3421476 0,02408159 0,02312207
2 0,4719112 0,3359082 0,02363318 0,02366102
2 0,8687356 0,4742866 0,04640794 0,04382259
2 0,8481986 0,4661907 0,04175907 0,03851944
3 0,4409247 0,362253 0,0424054 0,09374011
3 0,4068475 0,3566159 0,03765211 0,09632677
3 0,9269181 0,5839099 0,1033827 0,1077196
7 0,4113978 0,3912752 0,1239393 0,2897305
5 0,8508118 0,4635306 0,02151543 0,03237575
6 0,9293046 0,5863379 0,04712224 0,06347328
6 0,917332 0,5885245 0,04776925 0,06545785
6 0,4430507 0,3698737 0,0161064 0,04787612
6 0,4081349 0,3643838 0,01487142 0,04959863
6 0,3776971 0,2736288 0,01828003 0,05878633
