0 0,5769744 0,312097 0,02306104 0,04603571
0 0,567969 0,2929589 0,02497017 0,05238849
1 0,498033 0,2313168 0,02910551 0,05127168
2 0,7169486 0,5948611 0,06062496 0,06777453
2 0,6888956 0,5167049 0,05026144 0,05321914
2 0,5758497 0,2993376 0,02851373 0,04305267
2 0,5696102 0,3056497 0,03110909 0,05214816
3 0,54833 0,411445 0,0617125 0,07646126
3 0,5445834 0,3794302 0,05623323 0,0684067
7 0,5016433 0,3787393 0,04229704 0,2346146
5 0,7543801 0,6694279 0,04369491 0,09390202
5 0,5990251 0,3096868 0,01947141 0,03648263
6 0,5376977 0,4119605 0,01777053 0,04116112
6 0,5347912 0,3801221 0,01626921 0,03760195
6 0,4997067 0,2877179 0,01480114 0,03592926
6 0,4997305 0,2642789 0,01357636 0,03275734
