0 0,8233008 0,5290353 0,1077812 0,1639411
0 0,7930448 0,4579926 0,108045 0,1606473
1 0,5818 0,2113518 0,04174346 0,06662339
2 0,1871436 0,8820732 0,2180757 0,3120818
2 0,3517999 0,8254847 0,1382395 0,2712137
2 0,8201985 0,492574 0,1309843 0,1512499
2 0,7950471 0,4931915 0,1381519 0,1704057
3 0,5016084 0,4341501 0,06027022 0,1386285
3 0,5474759 0,4257436 0,07022172 0,1331826
3 0,1574931 0,3847572 0,08993376 0,06473523
7 0,5290824 0,3884976 0,1136142 0,2692568
5 0,006140887 0,8831666 0,1796281 0,2445139
5 0,83676 0,5334522 0,1009632 0,1341469
6 0,1523311 0,387913 0,02964222 0,03786784
6 0,1730144 0,3849586 0,02816668 0,03746033
6 0,4988095 0,4246533 0,02036691 0,06293219
6 0,5421622 0,4168866 0,02250773 0,06128401
6 0,5574511 0,2789804 0,02067834 0,04571474
