0 0,3312034 0,2428764 0,06518808 0,122426
0 0,3920452 0,1553102 0,05136436 0,09519869
0 0,4334492 0,2874753 0,08694515 0,2319032
1 0,2790094 0,0627625 0,248998 0,3361292
2 0,8015714 0,1876882 0,06517422 0,04489523
2 0,7524934 0,1878623 0,06047124 0,04523826
2 0,3224077 0,2524737 0,07708389 0,1617869
2 0,3910011 0,1817298 0,06272644 0,09770393
3 0,7532852 0,3279301 0,2519843 0,2589239
3 0,491767 0,3508751 0,08580017 0,2743532
4 0,4987449 0,4569022 0,4264975 0,6107861
5 0,8503246 0,1657225 0,0451898 0,05871737
