0 0,07836568 0,0314396 0,07597348 0,1166148
0 0,03148949 0,05038035 0,08208129 0,1024053
0 0,5389452 0,5019392 0,02347374 0,04808059
0 0,5391726 0,4837246 0,02615118 0,05233583
1 0,5052806 0,4041981 0,03511646 0,04703951
2 0,7601742 0,5984427 0,04915106 0,04438487
2 0,7121737 0,5696631 0,04251653 0,03623825
2 0,2987621 0,2445366 0,01629132 0,01049078
2 0,08087727 0,05650336 0,09338349 0,1137654
2 0,02541718 0,01839423 0,1072555 0,09692097
2 0,537039 0,4912986 0,02987808 0,04484499
2 0,5415386 0,4944953 0,03354973 0,05297589
3 0,5871845 0,5473878 0,06524438 0,08213985
7 0,5306242 0,5433441 0,08108288 0,2406191
5 0,8165326 0,611561 0,03756833 0,06531268
5 0,02864569 0,01806998 0,05304823 0,09321439
5 0,5663138 0,486949 0,01865244 0,0314616
6 0,5792787 0,5511632 0,02122724 0,04350874
6 0,5589237 0,5346518 0,01930726 0,03924525
6 0,5165053 0,4545288 0,019081 0,03586662
6 0,4999691 0,4450348 0,01727146 0,03236324
