0 0,7115875 0,5223709 0,05562139 0,1133628
0 0,6973606 0,4758118 0,05882478 0,1173164
1 0,5747445 0,2297707 0,03169996 0,06879061
2 0,38649 0,7280516 0,05265361 0,1281526
2 0,4535129 0,7074856 0,04415977 0,1219746
2 0,7119363 0,499409 0,06888491 0,1131382
2 0,6964262 0,4986717 0,07409215 0,125326
3 0,5131891 0,420631 0,04286656 0,1282256
3 0,5444851 0,4150467 0,0473485 0,1252426
3 0,226983 0,2873043 0,06698772 0,05998886
7 0,5318539 0,3592617 0,08492297 0,2100692
5 0,3195437 0,7275103 0,04508871 0,09188306
5 0,7039874 0,5508155 0,04598236 0,08749056
6 0,2229329 0,2897061 0,0210017 0,03554875
6 0,2394818 0,2878915 0,02001475 0,03528565
6 0,5108532 0,4069342 0,01459247 0,05176198
6 0,5409946 0,4017306 0,01621675 0,05094248
6 0,5548946 0,2804064 0,01598561 0,04426777
