0 0,3879701 0,2737131 0,02510482 0,05649441
0 0,3774595 0,300827 0,02586147 0,04749382
0 0,5215364 0,5070047 0,0291965 0,06209779
1 0,4262002 0,3933302 0,0438523 0,06928325
2 0,8193282 0,5917844 0,1065367 0,08409217
2 0,7344109 0,553062 0,07753915 0,06007701
2 0,3896614 0,2886904 0,03042278 0,05311704
2 0,37545 0,2836008 0,03144547 0,03660381
2 0,5210086 0,4970653 0,03976226 0,06813782
3 0,5216126 0,5596511 0,09728643 0,1314887
3 0,5071903 0,541199 0,08431655 0,1114359
3 0,6043726 0,1155083 0,1079496 0,1856731
7 0,4457803 0,5699663 0,08302179 0,3400828
5 0,9465616 0,6059999 0,09762418 0,1398778
5 0,3865041 0,2850627 0,01282066 0,04209334
5 0,5516697 0,479408 0,02354592 0,04120773
6 0,5987533 0,1189496 0,03646958 0,07521915
6 0,6214966 0,08527452 0,04134601 0,08556575
6 0,5067638 0,5680333 0,03021112 0,06644964
6 0,4940567 0,5484226 0,02625561 0,05712193
6 0,4338555 0,4541302 0,02438623 0,05011749
6 0,4301348 0,4485488 0,02135372 0,04372299
