0 0,6764424 0,1542466 0,03916579 0,07050669
0 0,6693105 0,1868536 0,03708231 0,05646485
0 0,5666005 0,4081247 0,02306205 0,05154258
0 0,5605056 0,383628 0,02455747 0,05573875
1 0,4632308 0,2653594 0,03479883 0,04568142
2 0,6909698 0,565791 0,08926237 0,07616675
2 0,6639069 0,5099118 0,06629497 0,05182752
2 0,6772389 0,1740134 0,04855782 0,06383365
2 0,6694896 0,1642078 0,04715055 0,04265362
2 0,5642318 0,3948669 0,02692366 0,04610699
2 0,5631 0,3969895 0,02960062 0,05499417
3 0,4970816 0,4176276 0,0735409 0,07436663
3 0,5032868 0,4058169 0,06534481 0,06522375
7 0,4548834 0,4004411 0,06904012 0,2216857
5 0,7340168 0,6065889 0,06440204 0,1452909
5 0,6943663 0,1682083 0,02449393 0,05496895
5 0,5900209 0,3932629 0,01942229 0,03544772
6 0,4846506 0,416943 0,02160788 0,04302013
6 0,4920027 0,4053517 0,01925832 0,03831393
6 0,4595605 0,3128488 0,01889002 0,0323984
6 0,4691589 0,3115975 0,01677847 0,0292182
