0 0,4630144 0,1508254 0,02038521 0,04962599
0 0,4590778 0,1343313 0,02227858 0,05512494
1 0,3878646 0,07363743 0,03080758 0,05204034
2 0,5710242 0,2875019 0,03644496 0,04380774
2 0,553341 0,2521574 0,03268266 0,03761202
2 0,4606912 0,1402619 0,02463832 0,0482018
2 0,4616893 0,1451207 0,02704552 0,05650938
3 0,4449471 0,2182114 0,05415496 0,07548666
3 0,4400964 0,1980872 0,05067846 0,06908733
7 0,4015119 0,2081844 0,04944259 0,2153524
5 0,5911782 0,3097935 0,02167279 0,05856586
5 0,4835109 0,1401273 0,01550978 0,03382587
6 0,4316459 0,201031 0,01558745 0,03624165
6 0,3934938 0,125297 0,01626024 0,03590304
6 0,3915139 0,1090422 0,01518685 0,03323859
