0 0,1043235 0,1915624 0,064751 0,1002985
0 0,05885279 0,2136262 0,07093084 0,08813566
1 0,5056318 0,4390863 0,03550723 0,04576123
2 0,7641399 0,6487339 0,05016387 0,03832698
2 0,7144172 0,6223814 0,04323006 0,03084207
2 0,3052745 0,3554558 0,01548386 0,01004356
2 0,1052082 0,2144061 0,08159044 0,09713715
2 0,05521145 0,1852623 0,094634 0,08018756
3 0,587239 0,5850258 0,06635809 0,07023475
3 0,5660816 0,5719466 0,06057686 0,0620783
3 0,206878 0,003130436 0,2081873 0,504644
7 0,529787 0,5754897 0,08380133 0,2321303
5 0,8224419 0,6582853 0,03763193 0,06401351
5 0,0583927 0,1914424 0,04383761 0,07789677
5 0,5658355 0,5449126 0,0188821 0,0291591
6 0,2121779 0,01390088 0,07834415 0,1797411
6 0,579223 0,5867957 0,0216741 0,04031697
6 0,5585076 0,5734411 0,01974195 0,03629673
6 0,5163438 0,4874989 0,01948518 0,03276333
6 0,499773 0,4819389 0,01767087 0,02989006
