0 0,2713203 0,298345 0,07854913 0,1452326
0 0,2745595 0,2548758 0,09241 0,162772
1 0,2790094 0,0627625 0,248998 0,3361292
2 0,6561074 0,1912808 0,05091238 0,04611158
2 0,6049995 0,1914849 0,04579318 0,04647315
2 0,2625663 0,276647 0,1034041 0,1419569
2 0,2846336 0,2768188 0,1104766 0,1595037
3 0,5620465 0,348067 0,1046863 0,2720141
3 0,4918337 0,3512 0,08587694 0,274653
7 0,4986857 0,5392764 0,4264975 0,7327772
5 0,7046922 0,1689143 0,03660929 0,05988783
6 0,5683765 0,3810791 0,04052687 0,1240975
6 0,4937997 0,3847407 0,03046063 0,1255171
6 0,4001749 0,2874416 0,07288986 0,2019401
