0 0,1769502 0,1350572 0,1346884 0,2544125
0 0,05723264 0,1005048 0,1932539 0,2778278
0 0,5067832 0,7476707 0,0162797 0,03373434
0 0,5046033 0,7319309 0,01747727 0,03602959
1 0,4609042 0,6632729 0,02086177 0,02715898
2 0,6070969 0,7902295 0,03056526 0,01950295
2 0,5898122 0,777906 0,02737713 0,01694471
2 0,4195266 0,5616499 0,01551479 0,01034686
2 0,4206288 0,5563371 0,01653954 0,01129809
2 0,1739052 0,1752107 0,1729688 0,26906
2 0,05492288 0,03305888 0,2565249 0,318047
2 0,5051444 0,7391297 0,01993263 0,0299198
2 0,506475 0,7403984 0,02192736 0,03527871
3 0,5021825 0,7539231 0,04186806 0,04169562
3 0,4964386 0,7479973 0,03908503 0,03860922
7 0,4676683 0,7492905 0,03607568 0,1401169
5 0,6254421 0,7893757 0,01746047 0,03799546
5 0,5243751 0,7354507 0,01268101 0,02157956
6 0,4954609 0,7547225 0,0124374 0,02483028
6 0,4901039 0,7487544 0,01168132 0,02319397
6 0,463954 0,6938561 0,01113001 0,02062452
6 0,4602003 0,6912391 0,01042649 0,01928586
