0 0,7394011 0,4322732 0,0690906 0,128617
0 0,7334255 0,4015319 0,07377809 0,131099
1 0,5790026 0,2138637 0,03261721 0,05186844
2 0,3590665 0,5850763 0,07715189 0,1046726
2 0,4461625 0,5632447 0,05886579 0,09660849
2 0,7335562 0,4118209 0,08189029 0,1433272
2 0,7398305 0,4226621 0,090707 0,1491726
3 0,5091959 0,3902567 0,06590965 0,1050503
3 0,5524805 0,3767533 0,05315745 0,09012723
3 0,2241504 0,3585726 0,0686256 0,05226058
7 0,5372465 0,350597 0,08998585 0,2026254
5 0,2713746 0,5719391 0,06301764 0,1099696
5 0,7483267 0,4312194 0,05803496 0,08045644
6 0,2198936 0,3611897 0,02137688 0,03080112
6 0,2368103 0,358882 0,02038333 0,03052652
6 0,5098095 0,3840453 0,02163216 0,05004025
6 0,5482979 0,3717632 0,01760501 0,04475957
6 0,5597624 0,2673162 0,01646847 0,03561026
