0 0,438663 0,3987538 0,02537566 0,05464369
0 0,4723355 0,3703716 0,0255374 0,04726595
0 0,4421019 0,3915815 0,02889663 0,05383104
1 0,4131678 0,3319647 0,04185653 0,06871557
2 0,7211031 0,4569558 0,03396052 0,0365991
2 0,6810981 0,4455779 0,02874774 0,03419286
2 0,4344202 0,4010154 0,02745816 0,0724225
2 0,4708667 0,3827443 0,03184322 0,04905939
3 0,5976477 0,4796584 0,07720941 0,1244144
3 0,480566 0,4447865 0,04791999 0,09200728
4 0,4595362 0,4510679 0,1010756 0,1937323
5 0,7617224 0,4535033 0,02672946 0,04442877
5 0,442733 0,3851328 0,01869005 0,03594786
