0 0,3901858 0,2751693 0,0243662 0,06153387
0 0,3756111 0,300626 0,0264329 0,05764294
0 0,516118 0,5077634 0,03129762 0,07818422
1 0,4262002 0,3933302 0,0438523 0,06928325
2 0,8193282 0,5917844 0,1065367 0,08409217
2 0,7344109 0,553062 0,07753915 0,06007701
2 0,3917023 0,2862771 0,02990177 0,06891727
2 0,3736387 0,2840782 0,031867 0,05298519
2 0,5148945 0,4973411 0,03910264 0,08833966
2 0,5243864 0,495867 0,04060334 0,08741465
3 0,5420668 0,5584741 0,1167538 0,1494795
3 0,5072234 0,5412365 0,08394945 0,1111364
3 0,6043726 0,1155083 0,1079496 0,1856731
7 0,4455253 0,564991 0,08252704 0,3284068
5 0,9465616 0,6059999 0,09762418 0,1398778
5 0,3865041 0,2850627 0,01282066 0,04209334
5 0,5516697 0,479408 0,02354592 0,04120773
6 0,5987533 0,1189496 0,03646958 0,07521915
6 0,6214966 0,08527452 0,04134601 0,08556575
6 0,5259064 0,5649083 0,0367052 0,07203895
6 0,4940595 0,5484214 0,02625588 0,05712178
6 0,4338555 0,4541302 0,02438623 0,05011749
6 0,4301348 0,4485488 0,02135372 0,04372299
