0 0,458664 0,1508192 0,02175727 0,06236625
0 0,4632595 0,1367192 0,02246696 0,06457925
1 0,3878646 0,07363743 0,03080758 0,05204034
2 0,5710242 0,2875019 0,03644496 0,04380774
2 0,553341 0,2521574 0,03268266 0,03761202
2 0,4575365 0,1430935 0,02751151 0,07025021
2 0,4644581 0,1444185 0,02801451 0,07006007
3 0,455611 0,2222314 0,06139743 0,08751917
3 0,4401091 0,198132 0,05047953 0,06881744
7 0,4013125 0,2051204 0,04914021 0,2093967
5 0,5911782 0,3097935 0,02167279 0,05856586
5 0,4835109 0,1401273 0,01550978 0,03382587
6 0,4463572 0,2234413 0,01924041 0,04261023
6 0,4316476 0,2010307 0,01558739 0,03624165
6 0,3934938 0,125297 0,01626024 0,03590304
6 0,3915139 0,1090422 0,01518685 0,03323859
