0 0,1048959 0,1944205 0,06274158 0,1073428
0 0,0544475 0,2113293 0,0733605 0,1053278
1 0,5056318 0,4390863 0,03550723 0,04576123
2 0,7641399 0,6487339 0,05016387 0,03832698
2 0,7144172 0,6223814 0,04323006 0,03084207
2 0,3052745 0,3554558 0,01548386 0,01004356
2 0,1037799 0,2108309 0,0754877 0,1198185
2 0,05260062 0,1846009 0,09298048 0,1055941
3 0,6026527 0,5881251 0,08111626 0,07886913
3 0,56613 0,5719752 0,06020743 0,06191742
3 0,206878 0,003130436 0,2081873 0,504644
7 0,5298501 0,5717442 0,0837051 0,2234949
5 0,8224419 0,6582853 0,03763193 0,06401351
5 0,0583927 0,1914424 0,04383761 0,07789677
5 0,5658355 0,5449126 0,0188821 0,0291591
6 0,2121779 0,01390088 0,07834415 0,1797411
6 0,5929205 0,5886267 0,02664566 0,04272345
6 0,5585095 0,573441 0,01974189 0,03629664
6 0,5163438 0,4874989 0,01948518 0,03276333
6 0,499773 0,4819389 0,01767087 0,02989006
