0 0,3782881 0,05889934 0,0490309 0,1320444
0 0,350306 0,09887558 0,05702534 0,1274219
0 0,4725825 0,3866248 0,02159059 0,05430984
0 0,4764347 0,3701085 0,02230093 0,05488223
1 0,4045488 0,3091663 0,02774587 0,04418731
2 0,5880774 0,4005628 0,03906655 0,03058362
2 0,5676578 0,3910009 0,03409183 0,02649593
2 0,4432251 0,2295904 0,01445028 0,01197642
2 0,445881 0,225087 0,01531217 0,01275301
2 0,3815699 0,07904619 0,06037453 0,146553
2 0,3455769 0,06464213 0,06916717 0,1232516
2 0,4712919 0,3790434 0,02702063 0,06141251
2 0,477807 0,3776539 0,02768427 0,06050813
3 0,4684375 0,4010929 0,06108084 0,07386965
3 0,45368 0,3971626 0,04916814 0,06227469
7 0,4161933 0,4105673 0,04641825 0,1741619
5 0,6110081 0,3933812 0,02266514 0,04951155
5 0,3706289 0,0521428 0,02930784 0,1049215
5 0,4955146 0,3647631 0,0154649 0,02823842
6 0,4593783 0,4049278 0,01930273 0,0371151
6 0,4455047 0,401311 0,0152941 0,0323866
6 0,4082257 0,3443736 0,01374313 0,02806914
