0 0,2667417 0,3076188 0,09234416 0,1828183
0 0,2867842 0,2497358 0,09217796 0,1798826
1 0,2790094 0,0627625 0,248998 0,3361292
2 0,6561074 0,1912808 0,05091238 0,04611158
2 0,6049995 0,1914849 0,04579318 0,04647315
2 0,2671443 0,2867782 0,1114464 0,2156912
2 0,2860019 0,2702381 0,1055642 0,200374
3 0,5775278 0,3188174 0,1360726 0,2606105
3 0,4920032 0,3511857 0,08467355 0,2739893
7 0,4986925 0,5294256 0,4264975 0,7190621
5 0,7046922 0,1689143 0,03660929 0,05988783
6 0,5782378 0,3471929 0,04934382 0,1206248
6 0,4937998 0,3847335 0,03045967 0,1255145
6 0,4001749 0,2874416 0,07288986 0,2019401
