0 0,5041624 0,2969319 0,01669168 0,04531908
0 0,5085431 0,2861162 0,01741487 0,0465039
1 0,4610068 0,2351021 0,02145839 0,03416073
2 0,5995833 0,3842651 0,0279119 0,02668685
2 0,5847372 0,3626519 0,02541023 0,02348894
2 0,5036638 0,2909225 0,02106032 0,05066395
2 0,5091044 0,2920814 0,02182275 0,05045992
3 0,5110725 0,3384125 0,04634956 0,05612916
3 0,4973269 0,3234053 0,03745753 0,04535276
3 0,3415031 0,9390264 0,1004186 0,430204
7 0,4697777 0,3258197 0,03541151 0,1435722
5 0,6159035 0,3951436 0,01635259 0,03913385
5 0,5246048 0,2890017 0,01253688 0,02409756
6 0,3401845 0,9711329 0,04977629 0,1389743
6 0,3463092 0,8726662 0,04339123 0,1172998
6 0,5042879 0,3388499 0,01417801 0,02856171
6 0,4649133 0,270232 0,01121837 0,02397221
6 0,4609907 0,260341 0,01058671 0,02245981
