0 0,5205092 0,7435693 0,01530308 0,03458402
0 0,5498276 0,7354397 0,01969373 0,03164448
0 0,464848 0,6946676 0,01547942 0,02179646
0 0,4600887 0,6913714 0,01426107 0,02001441
1 0,4609042 0,6632729 0,02086177 0,02715898
2 0,682326 0,8414235 0,04574299 0,03233851
2 0,6509802 0,819348 0,03915787 0,02654278
2 0,4195266 0,5616499 0,01551479 0,01034686
2 0,4206288 0,5563371 0,01653954 0,01129809
2 0,5170247 0,7434045 0,01477462 0,04778132
2 0,5484285 0,7447873 0,02426779 0,03166236
3 0,5270476 0,7759313 0,06249914 0,06382152
3 0,4965017 0,7479872 0,03908163 0,03860372
4 0,4678201 0,730128 0,0356687 0,09701927
5 0,71763 0,8466008 0,03004169 0,05838727
5 0,5243751 0,7354507 0,01268101 0,02157956
