0 0,174607 0,1262743 0,1363419 0,2765791
0 0,04751429 0,09381574 0,2076163 0,3269418
0 0,503484 0,7466447 0,01710248 0,04329453
0 0,5079307 0,7336913 0,01765481 0,04331763
1 0,4609042 0,6632729 0,02086177 0,02715898
2 0,6070969 0,7902295 0,03056526 0,01950295
2 0,5898122 0,777906 0,02737713 0,01694471
2 0,4195266 0,5616499 0,01551479 0,01034686
2 0,4206288 0,5563371 0,01653954 0,01129809
2 0,1670324 0,146979 0,1700286 0,316568
2 0,05191758 0,03845096 0,2542028 0,362928
2 0,5029578 0,7396429 0,0214701 0,04767276
2 0,5085404 0,7406231 0,02224991 0,04705235
3 0,510902 0,7553155 0,0486367 0,04548979
3 0,496453 0,7480106 0,03890952 0,03853475
7 0,4676876 0,7468535 0,03602383 0,1346141
5 0,6254421 0,7893757 0,01746047 0,03799546
5 0,5243751 0,7354507 0,01268101 0,02157956
6 0,5037661 0,7555509 0,01488742 0,02599356
6 0,4901053 0,7487544 0,01168126 0,02319394
6 0,463954 0,6938561 0,01113001 0,02062452
6 0,4602003 0,6912391 0,01042649 0,01928586
