0 0,4566727 0,2104147 0,01110491 0,03149909
0 0,449533 0,2015352 0,0112716 0,02899146
1 0,5099149 0,6735555 0,07764179 0,175054
2 0,3006576 0,5230929 0,04418826 0,05618051
2 0,2829983 0,5913162 0,0519582 0,06993851
2 0,4570825 0,2049413 0,01366425 0,03519541
2 0,449271 0,2098238 0,01361427 0,02653128
3 0,4039419 0,6309983 0,09781563 0,1776407
3 0,415998 0,7345548 0,1010834 0,1784553
3 0,5348015 0,2637678 0,02487946 0,05225879
7 0,4888302 0,6992275 0,08521688 0,4575547
5 0,3117665 0,4597835 0,02007723 0,05422103
6 0,5339639 0,263068 0,01076168 0,02317858
6 0,5370963 0,2714084 0,01117277 0,02400899
6 0,4182785 0,6323082 0,02841496 0,07675907
6 0,4331082 0,7271622 0,02790436 0,07973899
