0 0,8322623 0,3401125 0,05671269 0,0873428
0 0,8153021 0,2807119 0,05127984 0,07541782
2 0,2517284 0,05338788 0,05134676 0,04696053
2 0,1804884 0,03146636 0,06675965 0,04964936
2 0,8359994 0,3209137 0,06475103 0,08378392
2 0,8098689 0,2978997 0,05956429 0,0726158
3 0,01336849 0,02512735 0,3853509 0,2333704
3 0,9758247 0,66962 0,2287572 0,3634787
5 0,3067182 0,04774648 0,02948213 0,06507367
5 0,8192189 0,3027021 0,03189445 0,05001765
6 0,9773266 0,6680225 0,115063 0,176437
6 0,9602963 0,6971012 0,1224741 0,1946382
