0 0,7197729 0,4245952 0,06135505 0,132527
0 0,7087582 0,4069381 0,06353039 0,1352147
1 0,5790026 0,2138637 0,03261721 0,05186844
2 0,3590665 0,5850763 0,07715189 0,1046726
2 0,4461625 0,5632447 0,05886579 0,09660849
2 0,7115477 0,4102497 0,06873846 0,1599847
2 0,7175607 0,4215861 0,07550263 0,1655175
3 0,4847742 0,4070957 0,09439495 0,1214154
3 0,5524805 0,3767533 0,05315745 0,09012723
3 0,2241504 0,3585726 0,0686256 0,05226058
4 0,5372605 0,33814 0,08998585 0,1773021
5 0,2713746 0,5719391 0,06301764 0,1099696
5 0,7483267 0,4312194 0,05803496 0,08045644
6 0,2198936 0,3611897 0,02137688 0,03080112
6 0,2368103 0,358882 0,02038333 0,03052652
6 0,493719 0,4004188 0,02874261 0,05734837
6 0,5482979 0,3717632 0,01760501 0,04475957
6 0,5597624 0,2673162 0,01646847 0,03561026
