0 0,07025102 0,01345611 0,08068854 0,127623
0 0,02525479 0,05091983 0,08871245 0,1182399
0 0,5373953 0,502919 0,0243957 0,06544623
0 0,5463437 0,4938193 0,02558047 0,06688976
1 0,5052806 0,4041981 0,03511646 0,04703951
2 0,7601742 0,5984427 0,04915106 0,04438487
2 0,7121737 0,5696631 0,04251653 0,03623825
2 0,2987621 0,2445366 0,01629132 0,01049078
2 0,07087812 0,04095989 0,09759119 0,1205119
2 0,02008867 0,02018839 0,1158355 0,1226418
2 0,5379321 0,4979039 0,02889824 0,07958338
2 0,5458523 0,498673 0,0296036 0,07830098
3 0,6341599 0,5566015 0,09884334 0,1093307
4 0,5307518 0,5274972 0,08106673 0,2052699
5 0,8165326 0,611561 0,03756833 0,06531268
5 0,02864569 0,01806998 0,05304823 0,09321439
5 0,5663138 0,486949 0,01865244 0,0314616
6 0,621995 0,5545912 0,03141129 0,05046108
6 0,5589256 0,5346513 0,01930732 0,03924501
6 0,5165053 0,4545288 0,019081 0,03586662
6 0,4999691 0,4450348 0,01727146 0,03236324
