0 0,6873409 0,4949399 0,05307299 0,1325667
0 0,677778 0,4878165 0,05513591 0,1357146
1 0,5747445 0,2297707 0,03169996 0,06879061
2 0,38649 0,7280516 0,05265361 0,1281526
2 0,4535129 0,7074856 0,04415977 0,1219746
2 0,6812215 0,4811944 0,05960268 0,1628119
2 0,6843013 0,502142 0,06436133 0,1665929
3 0,4832665 0,4707509 0,08125669 0,1621222
3 0,5444118 0,4150631 0,04689026 0,1249259
3 0,226983 0,2873043 0,06698772 0,05998886
4 0,532166 0,3451892 0,08492297 0,183234
5 0,3195437 0,7275103 0,04508871 0,09188306
5 0,7039874 0,5508155 0,04598236 0,08749056
6 0,2229329 0,2897061 0,0210017 0,03554875
6 0,2394818 0,2878915 0,02001475 0,03528565
6 0,4911631 0,4570795 0,02526632 0,06588155
6 0,5409949 0,4017333 0,01621687 0,05094272
6 0,5548946 0,2804064 0,01598561 0,04426777
