0 0,4152052 0,1116053 0,01657507 0,03833538
0 0,4034618 0,09470314 0,01635289 0,03557909
1 0,799462 0,6431249 0,1603382 0,3087053
2 0,2987671 0,5548056 0,05627862 0,1100321
2 0,2940052 0,6710823 0,06730643 0,1481811
2 0,4135457 0,1017551 0,01986212 0,03545922
2 0,4045365 0,1051028 0,02035409 0,03228509
3 0,4577126 0,5983098 0,1405858 0,3442947
3 0,5650495 0,782188 0,1485156 0,3376265
3 0,5251397 0,1445339 0,03403252 0,05929428
4 0,6461008 0,6579908 0,2307302 0,6036498
5 0,2990188 0,4569399 0,02452165 0,08458605
6 0,5235198 0,1442251 0,0127064 0,0280602
6 0,5297021 0,1521429 0,01321948 0,02905983
6 0,475339 0,6115049 0,04627749 0,1327368
6 0,583957 0,7567695 0,04779291 0,1299566
6 0,713161 0,6446872 0,06568658 0,1451762
