0 0,3907267 0,2668343 0,02679604 0,06107229
0 0,373096 0,3023883 0,02712297 0,05506259
0 0,5151141 0,508934 0,03150541 0,08478153
0 0,5229325 0,4948137 0,03281492 0,08709639
1 0,4262002 0,3933302 0,0438523 0,06928325
2 0,8193282 0,5917844 0,1065367 0,08409217
2 0,7344109 0,553062 0,07753915 0,06007701
2 0,3900729 0,2832144 0,03124154 0,05493778
2 0,3722917 0,2858759 0,03420022 0,0501582
2 0,5139425 0,5025699 0,03878936 0,1043155
2 0,5241893 0,5010434 0,03916758 0,1027412
3 0,5854951 0,5601611 0,1457 0,1783245
3 0,5072234 0,5412365 0,08394945 0,1111364
3 0,6043726 0,1155083 0,1079496 0,1856731
4 0,4446661 0,5482243 0,0808515 0,2888552
5 0,9465616 0,6059999 0,09762418 0,1398778
5 0,3865041 0,2850627 0,01282066 0,04209334
5 0,5516697 0,479408 0,02354592 0,04120773
6 0,5987533 0,1189496 0,03646958 0,07521915
6 0,6214966 0,08527452 0,04134601 0,08556575
6 0,567985 0,5606223 0,0447492 0,07921416
6 0,4940595 0,5484214 0,02625588 0,05712178
6 0,4338555 0,4541302 0,02438623 0,05011749
6 0,4301348 0,4485488 0,02135372 0,04372299
