0 0,4569904 0,1534734 0,02188602 0,06588113
0 0,4618214 0,146579 0,02217504 0,06822705
1 0,3878646 0,07363743 0,03080758 0,05204034
2 0,5710242 0,2875019 0,03644496 0,04380774
2 0,553341 0,2521574 0,03268266 0,03761202
2 0,4557582 0,1492566 0,02731895 0,07969594
2 0,46315 0,1506323 0,02698079 0,07904881
3 0,4760877 0,2334284 0,0662002 0,10581
3 0,4401091 0,198132 0,05047953 0,06881744
4 0,4006371 0,1947401 0,04810658 0,1890211
5 0,5911782 0,3097935 0,02167279 0,05856586
5 0,4835109 0,1401273 0,01550978 0,03382587
6 0,467883 0,2298381 0,02112779 0,04716378
6 0,4316476 0,2010307 0,01558739 0,03624165
6 0,3934938 0,125297 0,01626024 0,03590304
6 0,3915139 0,1090422 0,01518685 0,03323859
