0 0,0977967 0,1794092 0,06826976 0,1096168
0 0,05288786 0,2128249 0,07606572 0,1017057
1 0,5056318 0,4390863 0,03550723 0,04576123
2 0,7641399 0,6487339 0,05016387 0,03832698
2 0,7144172 0,6223814 0,04323006 0,03084207
2 0,3052745 0,3554558 0,01548386 0,01004356
2 0,09671339 0,2033344 0,0848524 0,1024407
2 0,05005172 0,1861188 0,1009441 0,1029764
3 0,6350667 0,5963573 0,1005087 0,0938029
3 0,56613 0,5719752 0,06020743 0,06191742
3 0,206878 0,003130436 0,2081873 0,504644
4 0,530062 0,5591519 0,08338088 0,1944171
5 0,8224419 0,6582853 0,03763193 0,06401351
5 0,0583927 0,1914424 0,04383761 0,07789677
5 0,5658355 0,5449126 0,0188821 0,0291591
6 0,2121779 0,01390088 0,07834415 0,1797411
6 0,6226733 0,5937488 0,03190523 0,04605991
6 0,5585095 0,573441 0,01974189 0,03629664
6 0,5163438 0,4874989 0,01948518 0,03276333
6 0,499773 0,4819389 0,01767087 0,02989006
