0 0,4551407 0,2128122 0,01178792 0,02786243
0 0,4573139 0,221464 0,01148996 0,03103626
1 0,5099149 0,6735555 0,07764179 0,175054
2 0,3344511 0,3902193 0,03057331 0,03383064
2 0,3249061 0,4268737 0,03424254 0,03951573
2 0,4544708 0,2129651 0,01444298 0,03818154
2 0,4574223 0,2291554 0,01458165 0,03046697
3 0,4176795 0,4853936 0,07063508 0,1449004
3 0,4158107 0,7349331 0,1015741 0,1799472
3 0,5348015 0,2637678 0,02487946 0,05225879
4 0,4886381 0,6698811 0,08521688 0,4032044
5 0,3406863 0,3507062 0,0137614 0,0388338
6 0,5339639 0,263068 0,01076168 0,02317858
6 0,5370963 0,2714084 0,01117277 0,02400899
