0 0,3789238 0,03521651 0,05527651 0,1345018
0 0,3457551 0,1047251 0,05816486 0,1210791
0 0,4709185 0,3867868 0,02181962 0,05851257
0 0,4751465 0,3760146 0,02221739 0,05954099
1 0,4045488 0,3091663 0,02774587 0,04418731
2 0,5880774 0,4005628 0,03906655 0,03058362
2 0,5676578 0,3910009 0,03409183 0,02649593
2 0,4432251 0,2295904 0,01445028 0,01197642
2 0,445881 0,225087 0,01531217 0,01275301
2 0,3783176 0,07006365 0,06368333 0,1226876
2 0,343025 0,06871516 0,07410705 0,1177186
2 0,4695913 0,3820406 0,02715895 0,07208949
2 0,4765713 0,3806192 0,02706102 0,07073534
3 0,4886062 0,398243 0,06704536 0,07988012
3 0,45368 0,3971626 0,04916814 0,06227469
4 0,4155027 0,4007329 0,04508856 0,1530457
5 0,6110081 0,3933812 0,02266514 0,04951155
5 0,3706289 0,0521428 0,02930784 0,1049215
5 0,4955146 0,3647631 0,0154649 0,02823842
6 0,480481 0,3998505 0,02168649 0,03909665
6 0,4455047 0,401311 0,0152941 0,0323866
6 0,4082257 0,3443736 0,01374313 0,02806914
