0 0,6299167 0,2649957 0,02659565 0,06985462
0 0,6318042 0,2608316 0,02728814 0,07267725
1 0,554543 0,1539626 0,02738416 0,04550213
2 0,6391447 0,4815425 0,04144007 0,0703887
2 0,6482666 0,4323874 0,03747874 0,05897182
2 0,6276953 0,2596955 0,03286999 0,08419389
2 0,634236 0,2661219 0,03349435 0,08511168
3 0,5770277 0,3348908 0,07015371 0,1141532
3 0,5729789 0,2834946 0,04958272 0,07113415
3 0,1484315 0,5268549 0,1285443 0,1849095
4 0,5413873 0,2547193 0,05362678 0,158564
5 0,630726 0,5186031 0,0223794 0,07695833
5 0,6564758 0,2707115 0,01947236 0,03978121
6 0,1396223 0,5388305 0,03631937 0,07415807
6 0,1743262 0,5055827 0,03330015 0,06850311
6 0,5733073 0,3259026 0,02266383 0,04797202
6 0,5653556 0,2799814 0,01531059 0,03447741
6 0,5486987 0,1968741 0,01444304 0,03114343
6 0,5587652 0,1845309 0,01377964 0,02920097
