1 0,5053977 0,235468 0,03423202 0,07137126
2 0,7194781 0,4518915 0,04060131 0,06437361
2 0,6859872 0,4012987 0,0367558 0,05585784
2 0,5448455 0,2558351 0,03017485 0,09005398
3 0,6167725 0,4064631 0,08531833 0,1544129
3 0,5602118 0,3552578 0,05476689 0,09781909
4 0,5276024 0,3711824 0,07295614 0,2346758
5 0,7580705 0,4923862 0,03150052 0,0652256
5 0,5652598 0,2408826 0,01885599 0,04134506
6 0,6065298 0,4023752 0,02802151 0,06112802
6 0,5531532 0,3621867 0,01794332 0,04496652
6 0,5156648 0,2944621 0,01797271 0,04598778
6 0,5002964 0,2621453 0,01657644 0,04242015
