0 0,2814193 0,3096581 0,08590987 0,1976961
0 0,3081242 0,2675908 0,08202836 0,1930112
1 0,2790094 0,0627625 0,248998 0,3361292
2 0,6561074 0,1912808 0,05091238 0,04611158
2 0,6049995 0,1914849 0,04579318 0,04647315
2 0,2854046 0,297249 0,0987604 0,2501627
2 0,3039433 0,27927 0,09143239 0,2301049
3 0,6101534 0,2756015 0,1686297 0,2156129
3 0,4920032 0,3511857 0,08467355 0,2739893
4 0,4987174 0,4951296 0,4264975 0,6695201
5 0,7046922 0,1689143 0,03660929 0,05988783
6 0,600032 0,292323 0,05576605 0,1042131
6 0,4937998 0,3847335 0,03045967 0,1255145
6 0,4001749 0,2874416 0,07288986 0,2019401
