0 0,5034038 0,2983438 0,01647776 0,04789263
0 0,5079395 0,2928083 0,01689237 0,04924834
1 0,4610068 0,2351021 0,02145839 0,03416073
2 0,5995833 0,3842651 0,0279119 0,02668685
2 0,5847372 0,3626519 0,02541023 0,02348894
2 0,5028278 0,2949005 0,02029574 0,05780929
2 0,5085995 0,2961261 0,02048579 0,05731744
3 0,5272014 0,3457236 0,05134654 0,06700832
3 0,4973269 0,3234053 0,03745753 0,04535276
3 0,3415031 0,9390264 0,1004186 0,430204
4 0,4696779 0,318289 0,03534478 0,128198
5 0,6159035 0,3951436 0,01635259 0,03913385
5 0,5246048 0,2890017 0,01253688 0,02409756
6 0,3401845 0,9711329 0,04977629 0,1389743
6 0,3463092 0,8726662 0,04339123 0,1172998
6 0,5208069 0,3433547 0,01626951 0,03131735
6 0,4649133 0,270232 0,01121837 0,02397221
6 0,4609907 0,260341 0,01058671 0,02245981
