0 0,4158453 0,4156898 0,02745593 0,07846099
0 0,4269515 0,402464 0,02780536 0,07809597
1 0,4131678 0,3319647 0,04185653 0,06871557
2 0,5797626 0,4184989 0,02284956 0,02858454
2 0,4175189 0,4104846 0,03117344 0,09670627
2 0,4253045 0,4073601 0,03117612 0,09281892
3 0,5440822 0,4418123 0,06983763 0,1010944
3 0,4806065 0,444893 0,04752705 0,09181309
4 0,4597402 0,4647398 0,1010756 0,2220824
5 0,442733 0,3851328 0,01869005 0,03594786
6 0,5353132 0,4450846 0,02301973 0,04748732
6 0,4766392 0,4530046 0,01686576 0,04481798
6 0,4346403 0,3891727 0,02121708 0,04742229
