0 0,1557862 0,05904728 0,1581468 0,3034755
0 0,05109522 0,1150074 0,2067805 0,3099827
0 0,5027085 0,746134 0,01688087 0,04648331
0 0,5073502 0,7382389 0,01718143 0,04703884
1 0,4609042 0,6632729 0,02086177 0,02715898
2 0,6070969 0,7902295 0,03056526 0,01950295
2 0,5898122 0,777906 0,02737713 0,01694471
2 0,4195266 0,5616499 0,01551479 0,01034686
2 0,4206288 0,5563371 0,01653954 0,01129809
2 0,1508977 0,1161993 0,197631 0,3119774
2 0,04710591 0,04462677 0,2749523 0,3661911
2 0,5021106 0,7415726 0,02070636 0,05640033
2 0,5080462 0,742678 0,02088678 0,05557047
3 0,527996 0,7589961 0,05428469 0,05183716
3 0,496453 0,7480106 0,03890952 0,03853475
4 0,4677523 0,7386873 0,03585014 0,1162212
5 0,6254421 0,7893757 0,01746047 0,03799546
5 0,5243751 0,7354507 0,01268101 0,02157956
6 0,5212094 0,7578705 0,0170514 0,02767392
6 0,4901053 0,7487544 0,01168126 0,02319394
6 0,463954 0,6938561 0,01113001 0,02062452
6 0,4602003 0,6912391 0,01042649 0,01928586
