0 0,8635452 0,4892163 0,04010934 0,05664361
0 0,8472611 0,4510058 0,03642207 0,0487839
1 0,344171 0,1892737 0,04224044 0,09025991
2 0,4999181 0,342132 0,02408031 0,02312362
2 0,4718283 0,3358915 0,0236316 0,02366263
2 0,8650362 0,4762344 0,04698658 0,05313817
2 0,8443165 0,4626536 0,04409951 0,04627854
3 0,4667081 0,3501513 0,07142773 0,08812642
3 0,406932 0,3566284 0,03720403 0,09611869
3 0,9269181 0,5839099 0,1033827 0,1077196
4 0,4116205 0,3703624 0,1239393 0,2485313
5 0,8508118 0,4635306 0,02151543 0,03237575
6 0,9293046 0,5863379 0,04712224 0,06347328
6 0,917332 0,5885245 0,04776925 0,06545785
6 0,4610044 0,3532625 0,02368039 0,0450123
6 0,4081296 0,3643219 0,01486701 0,04958266
6 0,3776971 0,2736288 0,01828003 0,05878633
