0 0,4575824 0,2152543 0,01206103 0,03032637
0 0,4481099 0,2006329 0,0115737 0,02795285
1 0,5099149 0,6735555 0,07764179 0,175054
2 0,3006576 0,5230929 0,04418826 0,05618051
2 0,2829983 0,5913162 0,0519582 0,06993851
2 0,4565785 0,2071081 0,014422 0,02800602
2 0,4485533 0,2090904 0,01463869 0,02520484
3 0,3819837 0,5904834 0,09484872 0,199434
3 0,415998 0,7345548 0,1010834 0,1784553
3 0,5348015 0,2637678 0,02487946 0,05225879
4 0,4887378 0,6850861 0,08521688 0,4317477
5 0,3117665 0,4597835 0,02007723 0,05422103
6 0,5339639 0,263068 0,01076168 0,02317858
6 0,5370963 0,2714084 0,01117277 0,02400899
6 0,3907429 0,6040003 0,03116882 0,08216229
6 0,4331082 0,7271622 0,02790436 0,07973899
