0 0,2730731 0,9797501 0,2100375 0,5036958
0 0,2679748 0,787766 0,1419097 0,2885971
0 0,514378 0,3555861 0,02194226 0,03340948
0 0,5384136 0,3475071 0,02308542 0,0335452
0 0,4082125 0,3445552 0,01827434 0,03052765
1 0,4058005 0,3257143 0,02780828 0,04481584
2 0,6899712 0,444879 0,06723356 0,05357951
2 0,6447195 0,4242113 0,05400157 0,04266524
2 0,4432251 0,2295904 0,01445028 0,01197642
2 0,445881 0,225087 0,01531217 0,01275301
2 0,2746484 0,8413979 0,1775898 0,3315072
2 0,5146928 0,3675587 0,02904296 0,02780271
2 0,5386481 0,3597302 0,03067517 0,02764493
3 0,2971802 0,5733624 0,1537089 0,2218934
3 0,4800134 0,4006388 0,04808289 0,07095927
3 0,2703728 0,5439438 0,1367036 0,1703821
4 0,4147722 0,3903316 0,04367301 0,1305556
5 0,7487029 0,442279 0,04872292 0,08591813
5 0,4955146 0,3647631 0,0154649 0,02823842
6 0,2629295 0,5538462 0,04672688 0,07678139
6 0,2911932 0,5300595 0,04032129 0,06930968
