0 0,5926604 0,3191071 0,02307862 0,05675924
0 0,6376736 0,324047 0,03282577 0,05780047
0 0,4996838 0,2937925 0,02084607 0,04063696
0 0,4996427 0,2642103 0,01870218 0,03594005
1 0,498033 0,2313168 0,02910551 0,05127168
2 0,8038174 0,8319497 0,09756148 0,1232735
2 0,587643 0,3172549 0,02255315 0,07555413
2 0,6343178 0,3361233 0,03887647 0,06036258
3 0,5696601 0,5459727 0,09617388 0,1779603
3 0,5446839 0,3794053 0,05623943 0,06840098
4 0,5016688 0,3535751 0,04229704 0,18461
5 0,5990251 0,3096868 0,01947141 0,03648263
