0 0,5673436 0,314122 0,02490574 0,06741154
0 0,5733193 0,3104311 0,02594697 0,0710361
1 0,498033 0,2313168 0,02910551 0,05127168
2 0,7168561 0,5946071 0,06058955 0,06772405
2 0,6888257 0,516513 0,05023664 0,05318543
2 0,5662642 0,3102056 0,03114688 0,08037883
2 0,5745268 0,3142138 0,03183985 0,08097917
3 0,5845498 0,4505939 0,0829432 0,1305887
3 0,5445938 0,3795011 0,05602658 0,06805003
4 0,5016572 0,3649341 0,04229704 0,2073977
5 0,7542527 0,6690924 0,04365903 0,09384048
5 0,5990251 0,3096868 0,01947141 0,03648263
6 0,574645 0,4404985 0,02591848 0,0553534
6 0,5348704 0,3801222 0,01627278 0,03760201
6 0,4997067 0,2877179 0,01480114 0,03592926
6 0,4997305 0,2642789 0,01357636 0,03275734
