0 0,829448 0,3348124 0,05328238 0,08501345
0 0,8135248 0,2796153 0,04968131 0,07151252
2 0,2517284 0,05338788 0,05134676 0,04696053
2 0,1804884 0,03146636 0,06675965 0,04964936
2 0,8308651 0,3146683 0,05830336 0,07772714
2 0,8088742 0,2985512 0,05680382 0,06344736
3 0,07948205 0,02963012 0,2943749 0,2041507
3 0,9758247 0,66962 0,2287572 0,3634787
5 0,3067182 0,04774648 0,02948213 0,06507367
5 0,8192189 0,3027021 0,03189445 0,05001765
6 0,9773266 0,6680225 0,115063 0,176437
6 0,9602963 0,6971012 0,1224741 0,1946382
6 0,0417926 0,0259487 0,1067298 0,1087496
