0 0,6963151 0,4174028 0,05624461 0,1276293
0 0,6820503 0,4140549 0,05273956 0,1290637
1 0,5790026 0,2138637 0,03261721 0,05186844
2 0,3590665 0,5850763 0,07715189 0,1046726
2 0,4461625 0,5632447 0,05886579 0,09660849
2 0,6867371 0,4095568 0,06042916 0,1648268
2 0,6921435 0,4211512 0,06056619 0,1700302
3 0,4644398 0,4181686 0,1024013 0,1218287
3 0,552451 0,3767923 0,05326402 0,09019172
3 0,2241504 0,3585726 0,0686256 0,05226058
4 0,5372723 0,3277555 0,08998585 0,1560109
5 0,2713746 0,5719391 0,06301764 0,1099696
5 0,7483267 0,4312194 0,05803496 0,08045644
6 0,2198936 0,3611897 0,02137688 0,03080112
6 0,2368103 0,358882 0,02038333 0,03052652
6 0,4777132 0,4125008 0,02903381 0,05981624
6 0,5482838 0,3717968 0,01763588 0,0447818
6 0,5597624 0,2673162 0,01646847 0,03561026
