0 0,06562433 0,01604056 0,07601902 0,1228445
0 0,02058855 0,04764593 0,08848694 0,1115527
0 0,5407806 0,5051141 0,02494377 0,06654596
0 0,5505163 0,5038561 0,02433062 0,06717247
1 0,5052806 0,4041981 0,03511646 0,04703951
2 0,7601742 0,5984427 0,04915106 0,04438487
2 0,7121737 0,5696631 0,04251653 0,03623825
2 0,2987621 0,2445366 0,01629132 0,01049078
2 0,06226441 0,04059577 0,09025204 0,1165565
2 0,01764855 0,01643258 0,1147317 0,1095193
2 0,541358 0,5038253 0,02873945 0,08697838
2 0,5497668 0,5045507 0,02707994 0,08432946
3 0,6556871 0,5631441 0,09875667 0,1118633
4 0,5308336 0,517343 0,08105618 0,1824628
5 0,8165326 0,611561 0,03756833 0,06531268
5 0,02864569 0,01806998 0,05304823 0,09321439
5 0,5663138 0,486949 0,01865244 0,0314616
6 0,6430028 0,5586165 0,0306657 0,05065662
6 0,5589889 0,5346509 0,01933187 0,0392597
6 0,5165053 0,4545288 0,019081 0,03586662
6 0,4999691 0,4450348 0,01727146 0,03236324
