0 0,6679226 0,4844609 0,04909188 0,1287754
0 0,6549836 0,4877542 0,04604161 0,1291662
1 0,5747445 0,2297707 0,03169996 0,06879061
2 0,38649 0,7280516 0,05265361 0,1281526
2 0,4535129 0,7074856 0,04415977 0,1219746
2 0,6602721 0,4751944 0,05333811 0,1653743
2 0,6630502 0,496559 0,05254245 0,1680455
3 0,4655849 0,4912514 0,08705476 0,1531776
3 0,5443828 0,4151496 0,04698169 0,1250271
3 0,226983 0,2873043 0,06698772 0,05998886
4 0,5323678 0,3360854 0,08492297 0,1656027
5 0,3195437 0,7275103 0,04508871 0,09188306
5 0,7039874 0,5508155 0,04598236 0,08749056
6 0,2229329 0,2897061 0,0210017 0,03554875
6 0,2394818 0,2878915 0,02001475 0,03528565
6 0,477103 0,4810088 0,02536666 0,06582615
6 0,5409799 0,4018116 0,01624364 0,05097604
6 0,5548946 0,2804064 0,01598561 0,04426777
