0 0,3874825 0,2694171 0,02587911 0,05974895
0 0,3727118 0,3020402 0,027215 0,05120158
0 0,515115 0,5108942 0,03250214 0,08710983
0 0,5239313 0,5064549 0,03233111 0,08901122
1 0,4262002 0,3933302 0,0438523 0,06928325
2 0,8193282 0,5917844 0,1065367 0,08409217
2 0,7344109 0,553062 0,07753915 0,06007701
2 0,3856625 0,2852636 0,02822176 0,05346423
2 0,3723531 0,2845997 0,0333963 0,0422973
2 0,5138618 0,5091921 0,03963184 0,1150799
2 0,5249723 0,5074782 0,03799707 0,1123743
3 0,6158 0,5645319 0,149391 0,185245
3 0,507316 0,5412238 0,08403963 0,1112133
3 0,6043726 0,1155083 0,1079496 0,1856731
4 0,4439519 0,5342848 0,0794493 0,2557319
5 0,9465616 0,6059999 0,09762418 0,1398778
5 0,3865041 0,2850627 0,01282066 0,04209334
5 0,5516697 0,479408 0,02354592 0,04120773
6 0,5987533 0,1189496 0,03646958 0,07521915
6 0,6214966 0,08527452 0,04134601 0,08556575
6 0,5984731 0,5607184 0,04494214 0,08084172
6 0,4941459 0,5484018 0,02628547 0,05714536
6 0,4338555 0,4541302 0,02438623 0,05011749
6 0,4301348 0,4485488 0,02135372 0,04372299
