0 0,6819029 0,1482622 0,03907096 0,07557291
0 0,6628388 0,1872681 0,03786814 0,06067038
0 0,5517569 0,4043905 0,02507979 0,07179868
0 0,5554494 0,4023398 0,02510291 0,0739966
1 0,4632308 0,2653594 0,03479883 0,04568142
2 0,6909698 0,565791 0,08926237 0,07616675
2 0,6639069 0,5099118 0,06629497 0,05182752
2 0,676959 0,1686289 0,04450607 0,06533867
2 0,6654697 0,1648605 0,04871511 0,04963022
2 0,5488974 0,4013826 0,03194195 0,09459776
2 0,5583294 0,4047155 0,03178132 0,09392893
3 0,5403777 0,4476143 0,08443829 0,1221958
3 0,5033303 0,4058633 0,0651522 0,06513309
4 0,4546094 0,3730173 0,06892899 0,1611191
5 0,7340168 0,6065889 0,06440204 0,1452909
5 0,6943663 0,1682083 0,02449393 0,05496895
5 0,5900209 0,3932629 0,01942229 0,03544772
6 0,5346767 0,4409359 0,02584636 0,05785543
6 0,4920593 0,4053674 0,01927954 0,03832877
6 0,4595605 0,3128488 0,01889002 0,0323984
6 0,4691589 0,3115975 0,01677847 0,0292182
