0 0,4557402 0,1576115 0,02223402 0,06643641
0 0,4609158 0,1586436 0,02158436 0,06690431
1 0,3878646 0,07363743 0,03080758 0,05204034
2 0,5710242 0,2875019 0,03644496 0,04380774
2 0,553341 0,2521574 0,03268266 0,03761202
2 0,4543436 0,1571488 0,02747717 0,08559316
2 0,4622263 0,1584952 0,02606428 0,08306217
3 0,4884762 0,2428467 0,06021079 0,1087117
3 0,4401632 0,1981466 0,05052209 0,06887752
4 0,4000714 0,1860455 0,04722929 0,1717142
5 0,5911782 0,3097935 0,02167279 0,05856586
5 0,4835109 0,1401273 0,01550978 0,03382587
6 0,4819131 0,2365538 0,01941335 0,047418
6 0,4316994 0,2010369 0,01560199 0,03625917
6 0,3934938 0,125297 0,01626024 0,03590304
6 0,3915139 0,1090422 0,01518685 0,03323859
