0 0,09326151 0,1808147 0,06413282 0,1062146
0 0,04870218 0,2107882 0,07621109 0,09586811
0 0,5498869 0,5570441 0,02491832 0,06437132
1 0,5056318 0,4390863 0,03550723 0,04576123
2 0,7641399 0,6487339 0,05016387 0,03832698
2 0,7144172 0,6223814 0,04323006 0,03084207
2 0,3052745 0,3554558 0,01548386 0,01004356
2 0,08857384 0,2023957 0,07804979 0,09920758
2 0,04800996 0,1834151 0,1007054 0,09104973
2 0,5491118 0,5584514 0,02781421 0,08127493
3 0,6570601 0,6031368 0,10052 0,09802961
3 0,5662023 0,5719872 0,06028336 0,06195608
3 0,206878 0,003130436 0,2081873 0,504644
4 0,5302374 0,5487182 0,08311191 0,1702691
5 0,8224419 0,6582853 0,03763193 0,06401351
5 0,0583927 0,1914424 0,04383761 0,07789677
5 0,5658355 0,5449126 0,0188821 0,0291591
6 0,2121779 0,01390088 0,07834415 0,1797411
6 0,6440847 0,5987589 0,03110039 0,04681998
6 0,5585735 0,5734476 0,01976675 0,03630701
6 0,5163438 0,4874989 0,01948518 0,03276333
6 0,499773 0,4819389 0,01767087 0,02989006
