0 0,5396291 0,2672817 0,02503884 0,07605547
0 0,5488018 0,271823 0,02464372 0,07591349
1 0,5053977 0,235468 0,03423202 0,07137126
2 0,7194781 0,4518915 0,04060131 0,06437361
2 0,6859872 0,4012987 0,0367558 0,05585784
2 0,5401064 0,2693078 0,02918482 0,0957647
2 0,5481946 0,2691429 0,02791399 0,09210885
3 0,6341943 0,419068 0,08306617 0,1545138
3 0,560276 0,35527 0,05483371 0,09792173
4 0,5278005 0,3631252 0,07295614 0,2193213
5 0,7580705 0,4923862 0,03150052 0,0652256
5 0,5652598 0,2408826 0,01885599 0,04134506
6 0,6241232 0,4100783 0,02717513 0,06009537
6 0,55321 0,3621847 0,01796585 0,04499781
6 0,5156648 0,2944621 0,01797271 0,04598778
6 0,5002964 0,2621453 0,01657644 0,04242015
