0 0,3038084 0,3109364 0,08123282 0,1996701
0 0,3355344 0,2869574 0,06821999 0,1914366
1 0,2790094 0,0627625 0,248998 0,3361292
2 0,6561074 0,1912808 0,05091238 0,04611158
2 0,6049995 0,1914849 0,04579318 0,04647315
2 0,3105335 0,3082592 0,09028322 0,2673197
2 0,3282408 0,2885478 0,07424334 0,2453713
3 0,6320266 0,256093 0,1613598 0,17808
3 0,4921053 0,351008 0,08486453 0,2739536
4 0,4987389 0,4652544 0,4264975 0,6239527
5 0,7046922 0,1689143 0,03660929 0,05988783
6 0,6173375 0,2655373 0,05199009 0,09054118
6 0,4938739 0,3845336 0,03050584 0,1255038
6 0,4001749 0,2874416 0,07288986 0,2019401
