0 0,5031544 0,3006856 0,01664296 0,04807842
0 0,5078624 0,300981 0,01623258 0,0482955
1 0,4610068 0,2351021 0,02145839 0,03416073
2 0,5995833 0,3842651 0,0279119 0,02668685
2 0,5847372 0,3626519 0,02541023 0,02348894
2 0,5024232 0,2999943 0,02010879 0,0620867
2 0,5085403 0,3012261 0,01933223 0,06039441
3 0,5370961 0,3516681 0,04733026 0,068883
3 0,4973688 0,3234161 0,0374943 0,04538852
3 0,3415031 0,9390264 0,1004186 0,430204
4 0,4695947 0,3120176 0,03528884 0,1152971
5 0,6159035 0,3951436 0,01635259 0,03913385
5 0,5246048 0,2890017 0,01253688 0,02409756
6 0,3401845 0,9711329 0,04977629 0,1389743
6 0,3463092 0,8726662 0,04339123 0,1172998
6 0,5317471 0,3477843 0,01530457 0,0315522
6 0,4649133 0,270232 0,01121837 0,02397221
6 0,4609907 0,260341 0,01058671 0,02245981
