0 0,1489939 0,07290018 0,1459219 0,2781445
0 0,0365229 0,09626848 0,212505 0,3033343
0 0,5024593 0,7459392 0,01706836 0,04665232
0 0,507315 0,7438651 0,01658389 0,04696961
1 0,4609042 0,6632729 0,02086177 0,02715898
2 0,6070969 0,7902295 0,03056526 0,01950295
2 0,5898122 0,777906 0,02737713 0,01694471
2 0,4195266 0,5616499 0,01551479 0,01034686
2 0,4206288 0,5563371 0,01653954 0,01129809
2 0,1362976 0,1197475 0,1836076 0,2957081
2 0,03922811 0,02772301 0,2794508 0,3523439
2 0,5017061 0,744106 0,02056196 0,06141117
2 0,508015 0,745265 0,01972762 0,06009626
3 0,5385892 0,7619858 0,05029172 0,05359155
3 0,4964968 0,7480161 0,03894815 0,03855288
4 0,4678057 0,7319518 0,03570729 0,1011041
5 0,6254421 0,7893757 0,01746047 0,03799546
5 0,5243751 0,7354507 0,01268101 0,02157956
6 0,5328401 0,7601202 0,01605684 0,02813554
6 0,4901462 0,7487572 0,01169449 0,02319926
6 0,463954 0,6938561 0,01113001 0,02062452
6 0,4602003 0,6912391 0,01042649 0,01928586
