0 0,8612621 0,4861926 0,03760356 0,05547804
0 0,8458225 0,4502478 0,0354355 0,04596841
1 0,344171 0,1892737 0,04224044 0,09025991
2 0,4999181 0,342132 0,02408031 0,02312362
2 0,4718283 0,3358915 0,0236316 0,02366263
2 0,8609774 0,4726564 0,042207 0,04987937
2 0,8435834 0,4630269 0,04253834 0,04008353
3 0,4784901 0,3475606 0,06902009 0,0788461
3 0,4069811 0,3565973 0,03729269 0,09613007
3 0,9269181 0,5839099 0,1033827 0,1077196
4 0,4117647 0,356854 0,1239393 0,2232122
5 0,8508118 0,4635306 0,02151543 0,03237575
6 0,9293046 0,5863379 0,04712224 0,06347328
6 0,917332 0,5885245 0,04776925 0,06545785
6 0,4707925 0,3485126 0,02216199 0,0413301
6 0,4081634 0,3642856 0,01489216 0,04958445
6 0,3776971 0,2736288 0,01828003 0,05878633
