0 0,6691124 0,4130669 0,05564904 0,122314
0 0,64977 0,4112925 0,05136466 0,1212565
1 0,5790026 0,2138637 0,03261721 0,05186844
2 0,3590665 0,5850763 0,07715189 0,1046726
2 0,4461625 0,5632447 0,05886579 0,09660849
2 0,6598017 0,406489 0,05966753 0,1585195
2 0,6592982 0,4171751 0,05925894 0,162114
3 0,4353943 0,4213027 0,09789455 0,1126003
3 0,5365977 0,3939301 0,0907878 0,1135989
3 0,2241504 0,3585726 0,0686256 0,05226058
4 0,5372754 0,3249264 0,08998585 0,1501814
5 0,2713746 0,5719391 0,06301764 0,1099696
5 0,7483267 0,4312194 0,05803496 0,08045644
6 0,2198936 0,3611897 0,02137688 0,03080112
6 0,2368103 0,358882 0,02038333 0,03052652
6 0,4506721 0,420008 0,02755189 0,05923837
6 0,5400853 0,3874143 0,02838367 0,05358005
6 0,5597624 0,2673162 0,01646847 0,03561026
