0 0,7046989 0,4801714 0,08184493 0,1736648
0 0,6790182 0,4789302 0,07513899 0,1727266
1 0,5818 0,2113518 0,04174346 0,06662339
2 0,1871436 0,8820732 0,2180757 0,3120818
2 0,3517999 0,8254847 0,1382395 0,2712137
2 0,6914595 0,4699916 0,08746123 0,2215213
2 0,6926746 0,4884232 0,08879381 0,2308777
3 0,3797218 0,5041256 0,1528146 0,182063
3 0,5249833 0,4560809 0,1220365 0,1799138
3 0,1574931 0,3847572 0,08993376 0,06473523
4 0,5290213 0,3518038 0,1136142 0,1941162
5 0,006140887 0,8831666 0,1796281 0,2445139
5 0,83676 0,5334522 0,1009632 0,1341469
6 0,1523311 0,387913 0,02964222 0,03786784
6 0,1730144 0,3849586 0,02816668 0,03746033
6 0,4014305 0,5022223 0,04427293 0,09050566
6 0,5302759 0,4441016 0,03742951 0,07757932
6 0,5574511 0,2789804 0,02067834 0,04571474
