0 0,8015699 0,5400873 0,1152305 0,1872477
0 0,9250598 0,6585344 0,2454388 0,3147072
0 0,5169501 0,28425 0,0257588 0,04950881
0 0,5777853 0,2768892 0,03026789 0,04763222
0 0,5694072 0,2658711 0,02306944 0,03656501
1 0,5818 0,2113518 0,04174346 0,06662339
2 0,7960863 0,5141374 0,1233928 0,2084062
2 0,9086114 0,6950381 0,2736618 0,340257
3 0,4075191 0,4743671 0,1246182 0,1486193
3 0,5474759 0,4257436 0,07022172 0,1331826
3 0,1574931 0,3847572 0,08993376 0,06473523
4 0,5290213 0,3518038 0,1136142 0,1941162
5 0,83676 0,5334522 0,1009632 0,1341469
6 0,1523311 0,387913 0,02964222 0,03786784
6 0,1730144 0,3849586 0,02816668 0,03746033
