0 0,0526562 0,01215434 0,07854736 0,1257376
0 0,0213238 0,04681373 0,08760348 0,1040693
0 0,5434213 0,5109568 0,02756578 0,07002589
1 0,5052806 0,4041981 0,03511646 0,04703951
2 0,7601742 0,5984427 0,04915106 0,04438487
2 0,7121737 0,5696631 0,04251653 0,03623825
2 0,2987621 0,2445366 0,01629132 0,01049078
2 0,04897547 0,03661472 0,09293279 0,1199974
2 0,01925921 0,01562434 0,1144329 0,09843796
2 0,5427601 0,510965 0,0311814 0,09343606
3 0,6759679 0,5785847 0,09797758 0,1174731
3 0,5963557 0,5351866 0,08351421 0,09022605
4 0,5308559 0,5145817 0,08105353 0,1762395
5 0,8165326 0,611561 0,03756833 0,06531268
5 0,02864569 0,01806998 0,05304823 0,09321439
5 0,5663138 0,486949 0,01865244 0,0314616
6 0,6650238 0,5703948 0,02967513 0,05225596
6 0,5860988 0,5351961 0,02687144 0,04380235
6 0,5165053 0,4545288 0,019081 0,03586662
6 0,4999691 0,4450348 0,01727146 0,03236324
