0 0,645187 0,4734184 0,04926753 0,1237266
0 0,628165 0,4733728 0,04562008 0,1221162
1 0,5747445 0,2297707 0,03169996 0,06879061
2 0,38649 0,7280516 0,05265361 0,1281526
2 0,4535129 0,7074856 0,04415977 0,1219746
2 0,6377153 0,463688 0,05396628 0,1564915
2 0,6358355 0,4827154 0,05290341 0,1580412
3 0,4402017 0,4921843 0,08359587 0,133225
3 0,5292695 0,451835 0,0788286 0,1570528
3 0,226983 0,2873043 0,06698772 0,05998886
4 0,532423 0,3335979 0,08492297 0,1607475
5 0,3195437 0,7275103 0,04508871 0,09188306
5 0,7039874 0,5508155 0,04598236 0,08749056
6 0,2229329 0,2897061 0,0210017 0,03554875
6 0,2394818 0,2878915 0,02001475 0,03528565
6 0,4535609 0,4920689 0,02375209 0,06223288
6 0,5327025 0,4371119 0,02537054 0,06264192
6 0,5548946 0,2804064 0,01598561 0,04426777
