0 0,4097827 0,1113005 0,01586327 0,0380736
0 0,4044972 0,09539282 0,01609468 0,03016633
1 0,799462 0,6431249 0,1603382 0,3087053
2 0,2987671 0,5548056 0,05627862 0,1100321
2 0,2940052 0,6710823 0,06730643 0,1481811
2 0,4075355 0,1022027 0,01782551 0,03530437
2 0,4056793 0,1062356 0,01973617 0,02334964
3 0,4285897 0,5115027 0,08555487 0,2481421
3 0,4985827 0,7389983 0,1784156 0,4504434
3 0,5251397 0,1445339 0,03403252 0,05929428
4 0,6487586 0,6386358 0,2289354 0,572242
5 0,2990188 0,4569399 0,02452165 0,08458605
6 0,5235198 0,1442251 0,0127064 0,0280602
6 0,5297021 0,1521429 0,01321948 0,02905983
6 0,4308532 0,539608 0,03184834 0,1030001
6 0,521654 0,7438319 0,05706337 0,1656395
6 0,713161 0,6446872 0,06568658 0,1451762
