0 0,6745821 0,1491401 0,03818345 0,07584578
0 0,6648082 0,1868302 0,03798139 0,05546248
0 0,5443573 0,4070881 0,0251742 0,07464129
0 0,5441238 0,408062 0,02531087 0,07688338
1 0,4632308 0,2653594 0,03479883 0,04568142
2 0,6909698 0,565791 0,08926237 0,07616675
2 0,6639069 0,5099118 0,06629497 0,05182752
2 0,669573 0,1691628 0,04306018 0,06614119
2 0,6672455 0,1639961 0,04910994 0,04131299
2 0,5400558 0,405169 0,02966917 0,1003977
2 0,5485631 0,4093517 0,02949941 0,1003336
3 0,5346237 0,4624471 0,07261208 0,1357789
3 0,5256814 0,415594 0,08128282 0,08435601
4 0,4545803 0,3700992 0,06891704 0,1546097
5 0,7340168 0,6065889 0,06440204 0,1452909
5 0,6943663 0,1682083 0,02449393 0,05496895
5 0,5900209 0,3932629 0,01942229 0,03544772
6 0,5379212 0,45462 0,02354175 0,06320137
6 0,5158144 0,4127755 0,02490026 0,04426652
6 0,4595605 0,3128488 0,01889002 0,0323984
6 0,4691589 0,3115975 0,01677847 0,0292182
