0 0,3621359 0,04436636 0,05470562 0,1308845
0 0,3464406 0,1002469 0,05806825 0,1050121
0 0,466864 0,3908126 0,02288055 0,06075144
0 0,4693708 0,390157 0,02275816 0,06156921
1 0,4045488 0,3091663 0,02774587 0,04418731
2 0,5880774 0,4005628 0,03906655 0,03058362
2 0,5676578 0,3910009 0,03409183 0,02649593
2 0,4432251 0,2295904 0,01445028 0,01197642
2 0,445881 0,225087 0,01531217 0,01275301
2 0,3590955 0,07688403 0,05931407 0,1213562
2 0,3447924 0,06234699 0,0716126 0,08905673
2 0,4643937 0,3907016 0,02698395 0,08126247
2 0,4718096 0,3897833 0,02632695 0,07970434
3 0,5051605 0,4034151 0,05569035 0,07873017
3 0,474731 0,3924307 0,06103206 0,07122833
4 0,4147722 0,3903316 0,04367301 0,1305556
5 0,6110081 0,3933812 0,02266514 0,04951155
5 0,3706289 0,0521428 0,02930784 0,1049215
5 0,4955146 0,3647631 0,0154649 0,02823842
6 0,5030188 0,4003872 0,01879093 0,03942591
6 0,4665878 0,3950313 0,01956394 0,03531569
6 0,4082257 0,3443736 0,01374313 0,02806914
