0 0,6154125 0,2710941 0,02676946 0,0718981
0 0,6126922 0,2763277 0,02640581 0,07246184
1 0,554543 0,1539626 0,02738416 0,04550213
2 0,6391447 0,4815425 0,04144007 0,0703887
2 0,6482666 0,4323874 0,03747874 0,05897182
2 0,6114013 0,2695042 0,03121436 0,09301817
2 0,616859 0,2774091 0,03097415 0,09236842
3 0,5713175 0,3675503 0,05703878 0,1172305
3 0,5843985 0,3042949 0,06531435 0,09694344
3 0,1484315 0,5268549 0,1285443 0,1849095
4 0,5416346 0,2454001 0,05343473 0,1397302
5 0,630726 0,5186031 0,0223794 0,07695833
5 0,6564758 0,2707115 0,01947236 0,03978121
6 0,1396223 0,5388305 0,03631937 0,07415807
6 0,1743262 0,5055827 0,03330015 0,06850311
6 0,5762144 0,3593416 0,01943022 0,04966354
6 0,5788669 0,2973891 0,02084929 0,04229867
6 0,5486987 0,1968741 0,01444304 0,03114343
6 0,5587652 0,1845309 0,01377964 0,02920097
