0 0,3289282 0,3243737 0,08620214 0,2030574
0 0,3614323 0,3137755 0,07457939 0,1979027
1 0,2790094 0,0627625 0,248998 0,3361292
2 0,6561074 0,1912808 0,05091238 0,04611158
2 0,6049995 0,1914849 0,04579318 0,04647315
2 0,3556609 0,3087719 0,08298716 0,2499199
3 0,6709315 0,2591308 0,1574882 0,1591717
3 0,5318733 0,291307 0,137975 0,2387718
4 0,4987449 0,4569022 0,4264975 0,6107861
5 0,7046922 0,1689143 0,03660929 0,05988783
6 0,6503136 0,2577291 0,04962564 0,082838
6 0,5230219 0,3135227 0,04450893 0,1126393
6 0,4001749 0,2874416 0,07288986 0,2019401
