0 0,8555333 0,4818938 0,03681898 0,05504194
0 0,8462742 0,4507115 0,0348866 0,04307759
1 0,344171 0,1892737 0,04224044 0,09025991
2 0,4999181 0,342132 0,02408031 0,02312362
2 0,4718283 0,3358915 0,0236316 0,02366263
2 0,8551131 0,4685999 0,04115385 0,04967844
2 0,8442569 0,4639214 0,04208922 0,03537285
3 0,4271294 0,3461778 0,06470338 0,09459877
3 0,9269181 0,5839099 0,1033827 0,1077196
4 0,4118038 0,3531659 0,1239393 0,2162549
5 0,8508118 0,4635306 0,02151543 0,03237575
6 0,9293046 0,5863379 0,04712224 0,06347328
6 0,917332 0,5885245 0,04776925 0,06545785
6 0,4871931 0,3498766 0,02010021 0,03841716
6 0,4224332 0,3508634 0,02203631 0,04813349
6 0,3776971 0,2736288 0,01828003 0,05878633
