0 0,4532598 0,2143288 0,0115287 0,02995205
0 0,4486372 0,2014425 0,01163545 0,02352577
1 0,5099149 0,6735555 0,07764179 0,175054
2 0,3006576 0,5230929 0,04418826 0,05618051
2 0,2829983 0,5913162 0,0519582 0,06993851
2 0,4516862 0,2067916 0,01266229 0,02789706
2 0,4492696 0,2102094 0,01434046 0,01808649
3 0,3791097 0,5269144 0,05888897 0,1577938
3 0,3825952 0,6869086 0,1151645 0,2397281
3 0,5348015 0,2637678 0,02487946 0,05225879
4 0,4886381 0,6698811 0,08521688 0,4032044
5 0,3117665 0,4597835 0,02007723 0,05422103
6 0,5339639 0,263068 0,01076168 0,02317858
6 0,5370963 0,2714084 0,01117277 0,02400899
6 0,3756065 0,5457692 0,02264631 0,06647864
6 0,3959326 0,6975642 0,03590381 0,0974476
