0 0,8175031 0,3208324 0,05166709 0,08371651
0 0,8128845 0,2845987 0,05731136 0,09133279
2 0,2517284 0,05338788 0,05134676 0,04696053
2 0,1804884 0,03146636 0,06675965 0,04964936
2 0,8190486 0,3016329 0,05695027 0,07777637
2 0,8082031 0,300585 0,06649846 0,09697777
3 0,1653179 0,06792349 0,2497341 0,2079033
3 0,9758247 0,66962 0,2287572 0,3634787
5 0,3067182 0,04774648 0,02948213 0,06507367
5 0,8192189 0,3027021 0,03189445 0,05001765
6 0,9773266 0,6680225 0,115063 0,176437
6 0,9602963 0,6971012 0,1224741 0,1946382
6 0,1479429 0,0558266 0,08237017 0,1015661
