0 0,6422127 0,402571 0,05144644 0,1179118
0 0,6219983 0,411011 0,04781294 0,1178939
1 0,5790026 0,2138637 0,03261721 0,05186844
2 0,3590665 0,5850763 0,07715189 0,1046726
2 0,4461625 0,5632447 0,05886579 0,09660849
2 0,6335174 0,4014201 0,05508435 0,149933
2 0,6307302 0,4114331 0,05516076 0,1533434
3 0,4165962 0,416295 0,1016797 0,125156
3 0,5136673 0,4103673 0,1024742 0,1218701
3 0,2241504 0,3585726 0,0686256 0,05226058
4 0,5372754 0,3249264 0,08998585 0,1501814
5 0,2713746 0,5719391 0,06301764 0,1099696
5 0,7483267 0,4312194 0,05803496 0,08045644
6 0,2198936 0,3611897 0,02137688 0,03080112
6 0,2368103 0,358882 0,02038333 0,03052652
6 0,427705 0,4196951 0,03163812 0,06311327
6 0,5243424 0,4043173 0,03138405 0,0589729
6 0,5597624 0,2673162 0,01646847 0,03561026
