0 0,6669877 0,4628059 0,07275891 0,1637841
0 0,6401083 0,4745288 0,0668689 0,1639694
1 0,5818 0,2113518 0,04174346 0,06662339
2 0,1871436 0,8820732 0,2180757 0,3120818
2 0,3517999 0,8254847 0,1382395 0,2712137
2 0,6548567 0,4598607 0,0772956 0,2052838
2 0,6523195 0,4766788 0,07857424 0,2134133
3 0,3563391 0,4928567 0,169865 0,2063433
3 0,4913166 0,4866397 0,1493409 0,2007509
3 0,1574931 0,3847572 0,08993376 0,06473523
4 0,5290213 0,3518038 0,1136142 0,1941162
5 0,006140887 0,8831666 0,1796281 0,2445139
5 0,83676 0,5334522 0,1009632 0,1341469
6 0,1523311 0,387913 0,02964222 0,03786784
6 0,1730144 0,3849586 0,02816668 0,03746033
6 0,3700048 0,500187 0,05359259 0,09802434
6 0,507074 0,4751309 0,04238626 0,08909425
6 0,5574511 0,2789804 0,02067834 0,04571474
