0 0,4063563 0,1108849 0,01619312 0,03880018
0 0,4057152 0,09793937 0,01774383 0,04339629
1 0,799462 0,6431249 0,1603382 0,3087053
2 0,2987671 0,5548056 0,05627862 0,1100321
2 0,2940052 0,6710823 0,06730643 0,1481811
2 0,404151 0,1016711 0,01833487 0,03628761
2 0,4072101 0,1073804 0,02159041 0,04431713
3 0,438788 0,4695727 0,11105 0,2442759
3 0,4500001 0,683329 0,1458525 0,4178832
3 0,5251397 0,1445339 0,03403252 0,05929428
4 0,6487586 0,6386358 0,2289354 0,572242
5 0,2990188 0,4569399 0,02452165 0,08458605
6 0,5235198 0,1442251 0,0127064 0,0280602
6 0,5297021 0,1521429 0,01321948 0,02905983
6 0,4325432 0,4945095 0,03826591 0,1026176
6 0,4671156 0,7092222 0,04975039 0,1582889
6 0,713161 0,6446872 0,06568658 0,1451762
