0 0,5620897 0,1677812 0,0358215 0,09684294
0 0,6324072 0,1626451 0,04185027 0,09370804
0 0,6459118 0,1241149 0,04039985 0,08626932
1 0,6462398 0,0846771 0,06229281 0,1365861
2 0,8584372 0,9868861 0,1850182 0,3137767
3 0,4513731 0,5028711 0,1206971 0,2074679
3 0,5891475 0,4062517 0,08193713 0,2415104
3 0,102695 0,05858105 0,1176237 0,09854412
4 0,56991 0,2422057 0,1413345 0,2596995
5 0,8398235 0,73857 0,08885813 0,1517965
6 0,0967278 0,06182867 0,0404612 0,06078762
6 0,1229583 0,06123221 0,03808898 0,060206
