0 0,3769309 0,2734452 0,02699775 0,06124032
0 0,3744718 0,2973543 0,02987817 0,06859452
0 0,5066447 0,5242313 0,03543264 0,0995023
0 0,5122156 0,5354256 0,03620726 0,1050695
1 0,4262002 0,3933302 0,0438523 0,06928325
2 0,8193282 0,5917844 0,1065367 0,08409217
2 0,7344109 0,553062 0,07753915 0,06007701
2 0,375207 0,2891741 0,02979708 0,05563325
2 0,3743792 0,2819335 0,0369111 0,07102686
2 0,5030869 0,52934 0,04084933 0,1309702
2 0,5156174 0,5293033 0,0405713 0,1300099
3 0,6420549 0,616094 0,2149624 0,2809477
3 0,5827247 0,5386612 0,1233359 0,1474117
3 0,6043726 0,1155083 0,1079496 0,1856731
4 0,4437576 0,5304929 0,07906625 0,2466837
5 0,9465616 0,6059999 0,09762418 0,1398778
5 0,3865041 0,2850627 0,01282066 0,04209334
5 0,5516697 0,479408 0,02354592 0,04120773
6 0,5987533 0,1189496 0,03646958 0,07521915
6 0,6214966 0,08527452 0,04134601 0,08556575
6 0,6402101 0,5976888 0,06350619 0,1084257
6 0,5683553 0,5375084 0,03807312 0,06706575
6 0,4338555 0,4541302 0,02438623 0,05011749
6 0,4301348 0,4485488 0,02135372 0,04372299
