0 0,6661299 0,1516556 0,03755844 0,07583404
0 0,6681064 0,1817014 0,04250681 0,08379275
0 0,5328271 0,4068367 0,02478755 0,07931781
0 0,5310757 0,416013 0,02484584 0,08326876
1 0,4632308 0,2653594 0,03479883 0,04568142
2 0,6909698 0,565791 0,08926237 0,07616675
2 0,6639069 0,5099118 0,06629497 0,05182752
2 0,6613814 0,1714646 0,04253304 0,0666607
2 0,6719079 0,1617193 0,05381662 0,08770126
2 0,5278326 0,4087136 0,0285297 0,1046301
2 0,5361807 0,4133267 0,02785963 0,1055651
3 0,5142968 0,472851 0,1209684 0,1548648
3 0,5441746 0,4271294 0,07805318 0,09949064
4 0,4545803 0,3700992 0,06891704 0,1546097
5 0,7340168 0,6065889 0,06440204 0,1452909
5 0,6943663 0,1682083 0,02449393 0,05496895
5 0,5900209 0,3932629 0,01942229 0,03544772
6 0,5271492 0,4668092 0,03520262 0,07193309
6 0,5376418 0,4223383 0,0237177 0,04909062
6 0,4595605 0,3128488 0,01889002 0,0323984
6 0,4691589 0,3115975 0,01677847 0,0292182
