0 0,07338545 0,176905 0,06831238 0,1106539
0 0,04787835 0,2037261 0,08344179 0,1260315
0 0,5504792 0,5739215 0,02978474 0,07539484
1 0,5056318 0,4390863 0,03550723 0,04576123
2 0,7641399 0,6487339 0,05016387 0,03832698
2 0,7144172 0,6223814 0,04323006 0,03084207
2 0,3052745 0,3554558 0,01548386 0,01004356
2 0,06912944 0,1987504 0,08298004 0,1046598
2 0,04530215 0,178772 0,1061625 0,1384869
2 0,551498 0,570549 0,03270054 0,09441718
3 0,6880488 0,6280925 0,1250682 0,1235771
3 0,6247643 0,5851558 0,09000087 0,08386409
3 0,206878 0,003130436 0,2081873 0,504644
4 0,530285 0,5458856 0,08303878 0,1637045
5 0,8224419 0,6582853 0,03763193 0,06401351
5 0,0583927 0,1914424 0,04383761 0,07789677
5 0,5658355 0,5449126 0,0188821 0,0291591
6 0,2121779 0,01390088 0,07834415 0,1797411
6 0,681981 0,6207422 0,03855067 0,05570757
6 0,6134418 0,5819727 0,02826381 0,0413135
6 0,5163438 0,4874989 0,01948518 0,03276333
6 0,499773 0,4819389 0,01767087 0,02989006
