0 0,3526129 0,05149746 0,05640471 0,1315946
0 0,3474799 0,08938825 0,06587058 0,153693
0 0,4609015 0,3939201 0,02266389 0,0640313
0 0,4630811 0,3996989 0,02257583 0,06592917
1 0,4045488 0,3091663 0,02774587 0,04418731
2 0,5880774 0,4005628 0,03906655 0,03058362
2 0,5676578 0,3910009 0,03409183 0,02649593
2 0,4432251 0,2295904 0,01445028 0,01197642
2 0,445881 0,225087 0,01531217 0,01275301
2 0,3501128 0,08395046 0,06202078 0,1222818
2 0,3461205 0,05391276 0,08250815 0,166104
2 0,4580947 0,3969262 0,02630603 0,0840081
2 0,4658147 0,3961266 0,02576032 0,08285683
3 0,4997441 0,4123307 0,07843465 0,09583676
3 0,4924581 0,3900315 0,05904695 0,07157111
4 0,4147722 0,3903316 0,04367301 0,1305556
5 0,6110081 0,3933812 0,02266514 0,04951155
5 0,3706289 0,0521428 0,02930784 0,1049215
5 0,4955146 0,3647631 0,0154649 0,02823842
6 0,5032629 0,4069647 0,02527967 0,04489452
6 0,4858615 0,3906941 0,01939896 0,03564847
6 0,4082257 0,3443736 0,01374313 0,02806914
