0 0,60422 0,2713812 0,02598566 0,07438421
0 0,6000523 0,2826499 0,0255627 0,07578146
1 0,554543 0,1539626 0,02738416 0,04550213
2 0,6391447 0,4815425 0,04144007 0,0703887
2 0,6482666 0,4323874 0,03747874 0,05897182
2 0,599692 0,2725142 0,02970314 0,09449297
2 0,604688 0,2809417 0,02945387 0,0946188
3 0,5565363 0,3737801 0,07758826 0,1341391
3 0,5917728 0,3258145 0,06347859 0,1082103
3 0,1484315 0,5268549 0,1285443 0,1849095
4 0,5416346 0,2454001 0,05343473 0,1397302
5 0,630726 0,5186031 0,0223794 0,07695833
5 0,6564758 0,2707115 0,01947236 0,03978121
6 0,1396223 0,5388305 0,03631937 0,07415807
6 0,1743262 0,5055827 0,03330015 0,06850311
6 0,5656438 0,3703114 0,02533579 0,05621743
6 0,5896683 0,3171154 0,02101952 0,04579651
6 0,5486987 0,1968741 0,01444304 0,03114343
6 0,5587652 0,1845309 0,01377964 0,02920097
