0 0,5408771 0,2961755 0,02800804 0,08624071
0 0,5479971 0,3136408 0,02814883 0,08764493
1 0,5053977 0,235468 0,03423202 0,07137126
2 0,7194781 0,4518915 0,04060131 0,06437361
2 0,6859872 0,4012987 0,0367558 0,05585784
2 0,5395786 0,3029003 0,03168964 0,1086308
2 0,5491763 0,3061986 0,03140241 0,1063179
3 0,6526181 0,4780746 0,09876174 0,185825
3 0,6106204 0,3760822 0,07793915 0,1405069
4 0,5278547 0,360921 0,07295614 0,2150809
5 0,7580705 0,4923862 0,03150052 0,0652256
5 0,5652598 0,2408826 0,01885599 0,04134506
6 0,6500688 0,4598958 0,03243446 0,06940901
6 0,6012093 0,3696573 0,02546132 0,05581981
6 0,5156648 0,2944621 0,01797271 0,04598778
6 0,5002964 0,2621453 0,01657644 0,04242015
