0 0,4979259 0,3092048 0,01699501 0,0529983
0 0,5004129 0,3172598 0,01674047 0,05413276
1 0,4610068 0,2351021 0,02145839 0,03416073
2 0,5995833 0,3842651 0,0279119 0,02668685
2 0,5847372 0,3626519 0,02541023 0,02348894
2 0,4959308 0,3117011 0,01916936 0,06873822
2 0,5023603 0,3142808 0,01875079 0,06774014
3 0,5384205 0,3717316 0,05746037 0,07796234
3 0,5288087 0,33551 0,04621416 0,06313139
3 0,3415031 0,9390264 0,1004186 0,430204
4 0,4695721 0,3103099 0,03527349 0,1117689
5 0,6159035 0,3951436 0,01635259 0,03913385
5 0,5246048 0,2890017 0,01253688 0,02409756
6 0,3401845 0,9711329 0,04977629 0,1389743
6 0,3463092 0,8726662 0,04339123 0,1172998
6 0,5402765 0,366096 0,01839232 0,03507644
6 0,5233957 0,3324955 0,01484048 0,02943224
6 0,4649133 0,270232 0,01121837 0,02397221
6 0,4609907 0,260341 0,01058671 0,02245981
