0 0,4506652 0,213512 0,01169136 0,0304805
0 0,4493371 0,2037078 0,01254004 0,03413606
1 0,5099149 0,6735555 0,07764179 0,175054
2 0,3006576 0,5230929 0,04418826 0,05618051
2 0,2829983 0,5913162 0,0519582 0,06993851
2 0,4491619 0,2058908 0,01299885 0,02858865
2 0,4500885 0,2114887 0,01550001 0,0347268
3 0,3933551 0,5016967 0,07652521 0,1530114
3 0,3628206 0,6392058 0,1004211 0,2308714
3 0,5348015 0,2637678 0,02487946 0,05225879
4 0,4886381 0,6698811 0,08521688 0,4032044
5 0,3117665 0,4597835 0,02007723 0,05422103
6 0,5339639 0,263068 0,01076168 0,02317858
6 0,5370963 0,2714084 0,01117277 0,02400899
6 0,3847476 0,5167925 0,02704516 0,06601286
6 0,3687869 0,6596355 0,03451204 0,09294468
