0 0,554453 0,338308 0,02454388 0,07830358
0 0,5561028 0,3547992 0,02451622 0,08088326
1 0,498033 0,2313168 0,02910551 0,05127168
2 0,7168561 0,5946071 0,06058955 0,06772405
2 0,6888257 0,516513 0,05023664 0,05318543
2 0,5508705 0,3424057 0,0278697 0,1004488
2 0,5596945 0,3498974 0,02824432 0,1000315
3 0,595553 0,5314814 0,1002526 0,17047
3 0,5906295 0,4248803 0,07344961 0,1221181
4 0,5016688 0,3535751 0,04229704 0,18461
5 0,7542527 0,6690924 0,04365903 0,09384048
5 0,5990251 0,3096868 0,01947141 0,03648263
6 0,6008557 0,5159242 0,03255439 0,0683831
6 0,5826375 0,4141929 0,02356017 0,05121458
6 0,4997067 0,2877179 0,01480114 0,03592926
6 0,4997305 0,2642789 0,01357636 0,03275734
