0 0,812512 0,3153558 0,05345678 0,0891434
0 0,8036835 0,3137863 0,05881518 0,09974456
2 0,2517284 0,05338788 0,05134676 0,04696053
2 0,1804884 0,03146636 0,06675965 0,04964936
2 0,8130122 0,2958384 0,0596897 0,08836734
2 0,8035226 0,2998232 0,07327974 0,1247519
3 0,177625 0,08880389 0,2263947 0,2180384
3 0,03983584 0,006863117 0,284978 0,1937247
3 0,9758247 0,66962 0,2287572 0,3634787
5 0,3067182 0,04774648 0,02948213 0,06507367
5 0,8192189 0,3027021 0,03189445 0,05001765
6 0,9773266 0,6680225 0,115063 0,176437
6 0,9602963 0,6971012 0,1224741 0,1946382
6 0,1711203 0,07513499 0,07354212 0,1026349
