0 0,641356 0,4446613 0,05644238 0,1527255
0 0,6355239 0,4952736 0,06754106 0,1532199
1 0,5818 0,2113518 0,04174346 0,06662339
2 0,1871436 0,8820732 0,2180757 0,3120818
2 0,3517999 0,8254847 0,1382395 0,2712137
2 0,6304036 0,4562532 0,05841631 0,1818041
2 0,6432648 0,4728804 0,07879239 0,1651777
3 0,3476424 0,4766329 0,1430371 0,1893254
3 0,4561177 0,5091935 0,1507421 0,1934955
3 0,1574931 0,3847572 0,08993376 0,06473523
4 0,5290213 0,3518038 0,1136142 0,1941162
5 0,006140887 0,8831666 0,1796281 0,2445139
5 0,83676 0,5334522 0,1009632 0,1341469
6 0,1523311 0,387913 0,02964222 0,03786784
6 0,1730144 0,3849586 0,02816668 0,03746033
6 0,3520831 0,4882329 0,04891652 0,09131804
6 0,4778453 0,50091 0,04008496 0,09279564
6 0,5540113 0,2793962 0,02046287 0,04580599
