0 0,6934398 0,536075 0,05952078 0,1219594
0 0,7149934 0,650021 0,08387047 0,1566554
0 0,5245554 0,2843425 0,01995683 0,05115992
0 0,5702159 0,2787987 0,02277595 0,04991275
0 0,5806718 0,2624201 0,02226502 0,04656225
1 0,5747445 0,2297707 0,03169996 0,06879061
2 0,1678824 0,7920405 0,09606599 0,1492414
2 0,2468246 0,7679046 0,07971638 0,1413961
2 0,6932173 0,5170673 0,06602263 0,1375922
2 0,7106261 0,6611182 0,09651309 0,1710131
3 0,4536305 0,4608488 0,07440302 0,1136709
3 0,5444851 0,4150467 0,0473485 0,1252426
3 0,226983 0,2873043 0,06698772 0,05998886
4 0,532423 0,3335979 0,08492297 0,1607475
5 0,08457589 0,7944391 0,07502109 0,1020744
5 0,7039874 0,5508155 0,04598236 0,08749056
6 0,2229329 0,2897061 0,0210017 0,03554875
6 0,2394818 0,2878915 0,02001475 0,03528565
