0 0,4540038 0,521806 0,03167015 0,07106745
1 0,4114223 0,380227 0,04233572 0,05586672
2 0,6157069 0,4836071 0,02253085 0,01832181
2 0,582248 0,483157 0,02268308 0,01760912
2 0,4419253 0,5186629 0,03169286 0,09905961
2 0,4490939 0,5121648 0,03657523 0,0762876
3 0,6049305 0,4979684 0,06492633 0,08359373
3 0,548562 0,4832562 0,06227946 0,05760923
4 0,4590438 0,4903197 0,1050959 0,1690134
5 0,648393 0,4701905 0,01715386 0,03373098
6 0,5996149 0,4939393 0,02005827 0,04128125
6 0,5387446 0,4842909 0,01908416 0,03313309
6 0,4358345 0,4323877 0,02182981 0,04035807
6 0,4038324 0,4348334 0,02227601 0,03866607
