0 0,680796 0,4449396 0,07205975 0,1695302
0 0,6696529 0,5163462 0,07763624 0,1627478
1 0,6462398 0,0846771 0,06229281 0,1365861
2 0,6683924 0,4482231 0,07530308 0,210066
2 0,6798006 0,4973515 0,09006548 0,1928765
3 0,3886608 0,4872934 0,117903 0,3233872
3 0,5074486 0,6182846 0,1390021 0,2670795
3 0,102695 0,05858105 0,1176237 0,09854412
4 0,56991 0,2422057 0,1413345 0,2596995
5 0,8398235 0,73857 0,08885813 0,1517965
6 0,0967278 0,06182867 0,0404612 0,06078762
6 0,1229583 0,06123221 0,03808898 0,060206
6 0,3971111 0,5229769 0,04066399 0,1243664
6 0,527188 0,6021242 0,04252189 0,1079971
6 0,6050522 0,1642782 0,02984017 0,08069277
