0 0,03467941 0,01097655 0,08662757 0,141133
1 0,5052806 0,4041981 0,03511646 0,04703951
2 0,7601742 0,5984427 0,04915106 0,04438487
2 0,7121737 0,5696631 0,04251653 0,03623825
2 0,2987621 0,2445366 0,01629132 0,01049078
2 0,02935192 0,03418392 0,1032016 0,142671
3 0,68655 0,6097712 0,1187743 0,1478036
3 0,6457196 0,548973 0,08222955 0,0957323
4 0,5308559 0,5145817 0,08105353 0,1762395
5 0,8165326 0,611561 0,03756833 0,06531268
5 0,02864569 0,01806998 0,05304823 0,09321439
5 0,5663138 0,486949 0,01865244 0,0314616
6 0,6867446 0,6002383 0,03797632 0,06404486
6 0,6348509 0,5439117 0,02532017 0,04447567
6 0,5179655 0,4553673 0,01924253 0,03617984
6 0,5013017 0,4457999 0,01741612 0,03264254
