0 0,607511 0,4348965 0,03763944 0,1119723
0 0,600769 0,4760594 0,04331344 0,1079776
1 0,5747445 0,2297707 0,03169996 0,06879061
2 0,38649 0,7280516 0,05265361 0,1281526
2 0,4535129 0,7074856 0,04415977 0,1219746
2 0,6000673 0,440469 0,03839433 0,1360241
2 0,6065184 0,4616267 0,04974145 0,1217003
3 0,4140801 0,4568422 0,0703845 0,1598774
3 0,488209 0,5051411 0,08380902 0,1390204
3 0,226983 0,2873043 0,06698772 0,05998886
4 0,532423 0,3335979 0,08492297 0,1607475
5 0,3195437 0,7275103 0,04508871 0,09188306
5 0,7039874 0,5508155 0,04598236 0,08749056
6 0,2229329 0,2897061 0,0210017 0,03554875
6 0,2394818 0,2878915 0,02001475 0,03528565
6 0,4194018 0,4710326 0,02437979 0,06855243
6 0,500909 0,4982435 0,02495199 0,06336382
6 0,5523082 0,2807202 0,01585776 0,04432601
