0 0,403838 0,1111191 0,01683834 0,04275519
0 0,4088335 0,115555 0,01804245 0,04792881
1 0,799462 0,6431249 0,1603382 0,3087053
2 0,2987671 0,5548056 0,05627862 0,1100321
2 0,2940052 0,6710823 0,06730643 0,1481811
2 0,4017282 0,1022246 0,0192056 0,04264706
2 0,4085757 0,1096926 0,02327719 0,0570389
3 0,4539969 0,4406124 0,1088936 0,2069218
3 0,4233837 0,6339551 0,1029241 0,3379128
3 0,5251397 0,1445339 0,03403252 0,05929428
4 0,6487586 0,6386358 0,2289354 0,572242
5 0,2990188 0,4569399 0,02452165 0,08458605
6 0,5235198 0,1442251 0,0127064 0,0280602
6 0,5297021 0,1521429 0,01321948 0,02905983
6 0,4433624 0,4590676 0,0357601 0,08980653
6 0,4328898 0,6675122 0,03846943 0,1334291
6 0,7065678 0,6318723 0,06408268 0,1419131
