0 0,3726694 0,274829 0,02824211 0,06743872
0 0,3744621 0,2682786 0,03133494 0,0789088
0 0,4997192 0,5264698 0,03301227 0,1018759
0 0,5183771 0,544768 0,03569704 0,09758249
1 0,4262002 0,3933302 0,0438523 0,06928325
2 0,8193282 0,5917844 0,1065367 0,08409217
2 0,7344109 0,553062 0,07753915 0,06007701
2 0,3706937 0,2902963 0,03179231 0,06580597
2 0,3740657 0,2788907 0,04127148 0,09409815
2 0,4995942 0,5383859 0,04257157 0,1225401
2 0,5145716 0,5309455 0,04278842 0,1023708
3 0,6303085 0,6476271 0,2207509 0,3118433
3 0,6111034 0,5434061 0,1165037 0,146865
3 0,6043726 0,1155083 0,1079496 0,1856731
4 0,4437576 0,5304929 0,07906625 0,2466837
5 0,9465616 0,6059999 0,09762418 0,1398778
5 0,3865041 0,2850627 0,01282066 0,04209334
5 0,5516697 0,479408 0,02354592 0,04120773
6 0,5987533 0,1189496 0,03646958 0,07521915
6 0,6214966 0,08527452 0,04134601 0,08556575
6 0,6399099 0,6268359 0,06718755 0,1219615
6 0,597858 0,5387143 0,03552502 0,06740698
6 0,434199 0,4546452 0,02466702 0,05071163
6 0,4304236 0,4489822 0,0215885 0,04421657
