0 0,6603895 0,1526565 0,03817481 0,08322692
0 0,6764821 0,1437579 0,04603201 0,1010883
0 0,5227572 0,4034613 0,0234229 0,0800612
0 0,5342832 0,4261708 0,02384347 0,07716453
1 0,4632308 0,2653594 0,03479883 0,04568142
2 0,6909698 0,565791 0,08926237 0,07616675
2 0,6639069 0,5099118 0,06629497 0,05182752
2 0,6562153 0,1719193 0,04340994 0,07911539
2 0,6769884 0,1574983 0,0586198 0,1186842
2 0,5199972 0,4124228 0,03187281 0,09381163
2 0,5335355 0,4133809 0,03024173 0,07927513
3 0,4880032 0,4783275 0,1336766 0,1508042
3 0,5556287 0,4380207 0,06211674 0,107693
4 0,4545803 0,3700992 0,06891704 0,1546097
5 0,7340168 0,6065889 0,06440204 0,1452909
5 0,6943663 0,1682083 0,02449393 0,05496895
5 0,5900209 0,3932629 0,01942229 0,03544772
6 0,5061383 0,4755614 0,03887078 0,07458538
6 0,5526426 0,4320349 0,01974881 0,05229819
6 0,4587018 0,3129608 0,01908192 0,03268343
6 0,4683938 0,3116973 0,01694447 0,02947134
