0 0,4409118 0,1745214 0,02131122 0,07372469
0 0,452796 0,1922367 0,02154273 0,0700835
1 0,3878646 0,07363743 0,03080758 0,05204034
2 0,5710242 0,2875019 0,03644496 0,04380774
2 0,553341 0,2521574 0,03268266 0,03761202
2 0,4403023 0,1839529 0,02795237 0,08459276
2 0,4507647 0,1811232 0,02674994 0,07421333
3 0,4762301 0,2915955 0,07853171 0,1243782
3 0,4920521 0,2265691 0,04860276 0,09665674
4 0,3999169 0,1836702 0,04698783 0,1669472
5 0,5911782 0,3097935 0,02167279 0,05856586
5 0,4835109 0,1401273 0,01550978 0,03382587
6 0,4838723 0,2829638 0,02412146 0,05456066
6 0,4873321 0,2197023 0,01599908 0,04289216
6 0,3936648 0,1267005 0,0163528 0,0361349
6 0,3916765 0,1103772 0,01527506 0,03345591
