0 0,4116953 0,108888 0,01660872 0,03958219
0 0,4203868 0,1139046 0,01607803 0,03963673
0 0,6483612 0,5192615 0,06764138 0,1389045
0 0,7577434 0,7320558 0,1010782 0,2116134
1 0,799462 0,6431249 0,1603382 0,3087053
2 0,3066505 0,3524461 0,03817284 0,05753833
2 0,3044305 0,4055042 0,04294527 0,06983662
2 0,4103581 0,1054635 0,02023607 0,0496133
2 0,4204519 0,1230525 0,01984245 0,04039413
3 0,4596696 0,5192716 0,08246493 0,2428346
3 0,5651481 0,7825341 0,1494624 0,3402438
3 0,5251397 0,1445339 0,03403252 0,05929428
4 0,6487586 0,6386358 0,2289354 0,572242
5 0,3062265 0,2975993 0,01705199 0,05611289
6 0,5235198 0,1442251 0,0127064 0,0280602
6 0,5297021 0,1521429 0,01321948 0,02905983
