0 0,5952084 0,2687266 0,02349883 0,07221431
0 0,6013064 0,2926795 0,02475739 0,07075876
1 0,554543 0,1539626 0,02738416 0,04550213
2 0,6391447 0,4815425 0,04144007 0,0703887
2 0,6482666 0,4323874 0,03747874 0,05897182
2 0,5920087 0,2763191 0,02950126 0,08351868
2 0,6020551 0,2813526 0,03009361 0,07556093
3 0,5411034 0,3732885 0,07752812 0,1268144
3 0,5943245 0,3434548 0,05292302 0,1068082
3 0,1484315 0,5268549 0,1285443 0,1849095
4 0,5416346 0,2454001 0,05343473 0,1397302
5 0,630726 0,5186031 0,0223794 0,07695833
5 0,6564758 0,2707115 0,01947236 0,03978121
6 0,1396223 0,5388305 0,03631937 0,07415807
6 0,1743262 0,5055827 0,03330015 0,06850311
6 0,5514532 0,3744781 0,02501971 0,05517387
6 0,5953021 0,3345276 0,01830441 0,04569894
6 0,5478423 0,1979243 0,01449877 0,03130966
6 0,5579281 0,1855574 0,01383543 0,02936137
