0 0,5392932 0,3052983 0,02521145 0,08416432
0 0,5524206 0,3220822 0,02791584 0,08212173
1 0,5053977 0,235468 0,03423202 0,07137126
2 0,7194781 0,4518915 0,04060131 0,06437361
2 0,6859872 0,4012987 0,0367558 0,05585784
2 0,5402197 0,3170264 0,03009391 0,09613097
2 0,5495324 0,3101147 0,03295118 0,088857
3 0,6502849 0,5040834 0,09622186 0,1838535
3 0,6283359 0,3908614 0,07046175 0,1334158
4 0,5278547 0,360921 0,07295614 0,2150809
5 0,7580705 0,4923862 0,03150052 0,0652256
5 0,5652598 0,2408826 0,01885599 0,04134506
6 0,6525303 0,487251 0,03217113 0,07016715
6 0,6197157 0,3803632 0,02305704 0,05286193
6 0,5169881 0,2972451 0,01810491 0,04629874
6 0,5015613 0,2648053 0,01667643 0,04271054
