0 0,3635179 0,3572427 0,07974076 0,2262495
0 0,3989342 0,3574182 0,07323143 0,1848412
1 0,2790094 0,0627625 0,248998 0,3361292
2 0,6561074 0,1912808 0,05091238 0,04611158
2 0,6049995 0,1914849 0,04579318 0,04647315
2 0,3764737 0,3792158 0,07835588 0,2800695
2 0,3858625 0,339648 0,08678669 0,2119056
3 0,7433029 0,3077558 0,2213576 0,2528054
3 0,5949517 0,2398346 0,1332633 0,1494108
4 0,4987449 0,4569022 0,4264975 0,6107861
5 0,7046922 0,1689143 0,03660929 0,05988783
6 0,7200938 0,2875796 0,06751794 0,102706
6 0,577608 0,2446669 0,04099929 0,07991481
6 0,4121133 0,2870113 0,06941363 0,2015905
6 0,2616005 0,2924424 0,1140037 0,2060103
