0 0,4942379 0,3101775 0,01537144 0,0526709
1 0,4610068 0,2351021 0,02145839 0,03416073
2 0,5995833 0,3842651 0,0279119 0,02668685
2 0,5847372 0,3626519 0,02541023 0,02348894
2 0,4939246 0,3167738 0,01989904 0,060561
2 0,5017219 0,3152908 0,02026999 0,05248958
3 0,5317086 0,3790379 0,05854976 0,07536888
3 0,5385728 0,3422006 0,03900164 0,06259125
3 0,3415031 0,9390264 0,1004186 0,430204
4 0,4695721 0,3103099 0,03527349 0,1117689
5 0,6159035 0,3951436 0,01635259 0,03913385
5 0,5246048 0,2890017 0,01253688 0,02409756
6 0,3401845 0,9711329 0,04977629 0,1389743
6 0,3463092 0,8726662 0,04339123 0,1172998
6 0,5365962 0,3745175 0,01844794 0,0352307
6 0,5345201 0,3379753 0,01287532 0,02905107
6 0,4652478 0,2710755 0,01127228 0,02410227
6 0,4613162 0,261162 0,01063919 0,02258438
