0 0,4386442 0,4352304 0,02814791 0,0873397
0 0,4538028 0,4456595 0,03035799 0,07842815
1 0,4131678 0,3319647 0,04185653 0,06871557
2 0,5797626 0,4184989 0,02284956 0,02858454
2 0,4421395 0,4450493 0,03029856 0,1054457
2 0,4490872 0,4355814 0,03524524 0,08539575
3 0,5996554 0,4729016 0,06284344 0,1204929
3 0,5465502 0,4284694 0,06144208 0,07953125
4 0,4595362 0,4510679 0,1010756 0,1937323
5 0,442733 0,3851328 0,01869005 0,03594786
6 0,5949326 0,4635381 0,02094942 0,05138564
6 0,536982 0,4274527 0,01887161 0,03963113
6 0,4372985 0,3899152 0,02115345 0,04762238
6 0,4055911 0,3810583 0,02185374 0,04525179
