0 0,09756449 0,07428384 0,1701328 0,311409
0 0,4932513 0,7469168 0,01588264 0,05121866
0 0,5026521 0,7597774 0,01704293 0,04795705
1 0,4609042 0,6632729 0,02086177 0,02715898
2 0,6070969 0,7902295 0,03056526 0,01950295
2 0,5898122 0,777906 0,02737713 0,01694471
2 0,4195266 0,5616499 0,01551479 0,01034686
2 0,4206288 0,5563371 0,01653954 0,01129809
2 0,07938868 0,1135052 0,216514 0,3428625
2 0,4928995 0,7527646 0,02060738 0,06019457
2 0,5010104 0,7519705 0,0209645 0,04947691
3 0,5334572 0,7756116 0,06307185 0,0604479
3 0,5399181 0,7573718 0,04121393 0,04929063
4 0,4678201 0,730128 0,0356687 0,09701927
5 0,6254421 0,7893757 0,01746047 0,03799546
5 0,5243751 0,7354507 0,01268101 0,02157956
6 0,538612 0,7734538 0,01965106 0,03208256
6 0,5355535 0,7553693 0,01339763 0,02617779
6 0,4642758 0,6940804 0,01119041 0,02073994
6 0,4605104 0,6914553 0,01048446 0,01939601
