0 0,4486146 0,2134116 0,01199916 0,03362876
0 0,4508938 0,2183399 0,01274678 0,03781569
1 0,5099149 0,6735555 0,07764179 0,175054
2 0,3006576 0,5230929 0,04418826 0,05618051
2 0,2829983 0,5913162 0,0519582 0,06993851
2 0,4470774 0,2061248 0,01350331 0,0335719
2 0,4505154 0,2137924 0,01692048 0,04455024
3 0,4090417 0,4857464 0,07592693 0,1304918
3 0,3550916 0,6020296 0,07512221 0,1969918
3 0,5348015 0,2637678 0,02487946 0,05225879
4 0,4886381 0,6698811 0,08521688 0,4032044
5 0,3117665 0,4597835 0,02007723 0,05422103
6 0,5339639 0,263068 0,01076168 0,02317858
6 0,5370963 0,2714084 0,01117277 0,02400899
6 0,3984046 0,4957498 0,02500442 0,05893055
6 0,3553413 0,6247634 0,02817422 0,08038911
