0 0,3829871 0,2753897 0,02766526 0,06361884
0 0,3842879 0,270579 0,02909833 0,06997532
0 0,5353199 0,5037616 0,03109735 0,07082254
0 0,5907241 0,467427 0,0374586 0,06075668
0 0,4383672 0,4613286 0,03775421 0,06352323
0 0,4319515 0,4516239 0,03066388 0,05111015
1 0,4262002 0,3933302 0,0438523 0,06928325
2 0,3825715 0,2808295 0,03433549 0,07940036
2 0,3834168 0,2536202 0,03649589 0,07167345
2 0,5296103 0,4987832 0,03398871 0,08324835
2 0,5880715 0,4833221 0,0449537 0,06450897
3 0,5961899 0,5914162 0,1264807 0,1925743
3 0,5071903 0,541199 0,08431655 0,1114359
3 0,6043726 0,1155083 0,1079496 0,1856731
4 0,4437576 0,5304929 0,07906625 0,2466837
5 0,3865041 0,2850627 0,01282066 0,04209334
5 0,5516697 0,479408 0,02354592 0,04120773
6 0,5987533 0,1189496 0,03646958 0,07521915
6 0,6214966 0,08527452 0,04134601 0,08556575
