0 0,5477106 0,3414543 0,02233082 0,07697368
0 0,5597069 0,3655922 0,02389014 0,07587934
1 0,498033 0,2313168 0,02910551 0,05127168
2 0,7168561 0,5946071 0,06058955 0,06772405
2 0,6888257 0,516513 0,05023664 0,05318543
2 0,5463123 0,3521747 0,02973104 0,08576733
2 0,5582335 0,3522993 0,02959317 0,0789659
3 0,5806996 0,5484129 0,1024696 0,1560604
3 0,6052642 0,4479793 0,06382149 0,1291006
4 0,5016688 0,3535751 0,04229704 0,18461
5 0,7542527 0,6690924 0,04365903 0,09384048
5 0,5990251 0,3096868 0,01947141 0,03648263
6 0,5912925 0,5382744 0,03286612 0,0677371
6 0,5995756 0,4343173 0,02146649 0,05230236
6 0,4997046 0,2897761 0,01490897 0,03620988
6 0,4997286 0,2661766 0,01367533 0,03301245
