0 0,8056117 0,3084263 0,05608255 0,09580225
0 0,7956291 0,3178584 0,05442792 0,07852012
2 0,2517284 0,05338788 0,05134676 0,04696053
2 0,1804884 0,03146636 0,06675965 0,04964936
2 0,8051852 0,2898802 0,06420106 0,1031368
2 0,799082 0,297928 0,06507891 0,07216209
3 0,1638024 0,1341547 0,1840895 0,2363777
3 0,07184294 0,02594233 0,302951 0,2062897
3 0,9758247 0,66962 0,2287572 0,3634787
5 0,3067182 0,04774648 0,02948213 0,06507367
5 0,8192189 0,3027021 0,03189445 0,05001765
6 0,9773266 0,6680225 0,115063 0,176437
6 0,9602963 0,6971012 0,1224741 0,1946382
6 0,1730976 0,1176921 0,06086382 0,1081924
6 0,04697621 0,01454264 0,1025118 0,1047713
