0 0,4569881 0,5126612 0,03334966 0,07959482
1 0,4114223 0,380227 0,04233572 0,05586672
2 0,6157069 0,4836071 0,02253085 0,01832181
2 0,582248 0,483157 0,02268308 0,01760912
2 0,4582501 0,5141746 0,03771174 0,1021428
2 0,4418407 0,5145758 0,03816769 0,1060266
3 0,6095009 0,5135431 0,04092926 0,09185979
3 0,5601051 0,4862802 0,0687961 0,06524086
4 0,4590438 0,4903197 0,1050959 0,1690134
5 0,648393 0,4701905 0,01715386 0,03373098
6 0,6092647 0,5078689 0,01437426 0,04499751
6 0,5516489 0,4849663 0,02119517 0,03507897
6 0,4567301 0,4307907 0,02146912 0,04145896
6 0,42472 0,4332371 0,02199957 0,03977126
