0 0,5905645 0,4545482 0,04360729 0,1133073
0 0,6141074 0,4515498 0,04655689 0,1196907
1 0,5747445 0,2297707 0,03169996 0,06879061
2 0,38649 0,7280516 0,05265361 0,1281526
2 0,4535129 0,7074856 0,04415977 0,1219746
2 0,595181 0,4683454 0,05302691 0,1404333
2 0,6069576 0,4470638 0,05064529 0,146435
3 0,4117842 0,4145789 0,03951976 0,125272
3 0,4694866 0,4928948 0,08769169 0,1576296
3 0,226983 0,2873043 0,06698772 0,05998886
4 0,532423 0,3335979 0,08492297 0,1607475
5 0,3195437 0,7275103 0,04508871 0,09188306
5 0,7039874 0,5508155 0,04598236 0,08749056
6 0,2229329 0,2897061 0,0210017 0,03554875
6 0,2394818 0,2878915 0,02001475 0,03528565
6 0,4112011 0,429181 0,01599884 0,05527622
6 0,4822033 0,4982594 0,02660963 0,06973383
6 0,5326729 0,2831023 0,01487583 0,04476976
6 0,5630764 0,2794138 0,01638824 0,04408312
