0 0,6552481 0,1531578 0,04007018 0,09172088
0 0,6764482 0,1310862 0,04786849 0,07726032
0 0,5276117 0,4153163 0,02402782 0,08643717
0 0,5312485 0,4071826 0,02543682 0,08239949
1 0,4632308 0,2653594 0,03479883 0,04568142
2 0,6909698 0,565791 0,08926237 0,07616675
2 0,6639069 0,5099118 0,06629497 0,05182752
2 0,6517557 0,1708633 0,04646033 0,09499741
2 0,672549 0,1554006 0,05980378 0,06121683
2 0,5338144 0,419702 0,02213913 0,1156062
2 0,5260653 0,410304 0,02910584 0,1070864
3 0,4337013 0,47668 0,1167513 0,1235034
3 0,5426139 0,44575 0,08678883 0,1203832
4 0,4545803 0,3700992 0,06891704 0,1546097
5 0,7340168 0,6065889 0,06440204 0,1452909
5 0,6943663 0,1682083 0,02449393 0,05496895
5 0,5900209 0,3932629 0,01942229 0,03544772
6 0,4522234 0,4788293 0,03497726 0,06979471
6 0,5492768 0,4403191 0,02579755 0,0576427
6 0,4517376 0,3138687 0,02065638 0,03499848
6 0,4621939 0,3125055 0,01830453 0,03152478
