0 0,05046788 0,1699384 0,08014989 0,1365176
0 0,02720353 0,1353245 0,09761366 0,1258505
0 0,5557813 0,5744114 0,03096998 0,0781602
1 0,5056318 0,4390863 0,03550723 0,04576123
2 0,7641399 0,6487339 0,05016387 0,03832698
2 0,7144172 0,6223814 0,04323006 0,03084207
2 0,3052745 0,3554558 0,01548386 0,01004356
2 0,04209009 0,1884685 0,09772245 0,1466783
2 0,02562258 0,1640114 0,1289067 0,1158916
2 0,5587539 0,5771095 0,03346354 0,1030607
3 0,6713744 0,6522449 0,09312707 0,1182364
3 0,6548209 0,6011964 0,1005241 0,09672773
3 0,206878 0,003130436 0,2081873 0,504644
4 0,530285 0,5458856 0,08303878 0,1637045
5 0,8224419 0,6582853 0,03763193 0,06401351
5 0,0583927 0,1914424 0,04383761 0,07789677
5 0,5658355 0,5449126 0,0188821 0,0291591
6 0,2121779 0,01390088 0,07834415 0,1797411
6 0,6799248 0,6484605 0,03093803 0,06037283
6 0,647876 0,5954764 0,03088546 0,04544711
6 0,5295989 0,4919464 0,02095205 0,03513646
6 0,5118313 0,4859849 0,01898879 0,03198057
