0 0,3343189 0,05415428 0,06675428 0,1622011
0 0,4629748 0,3991732 0,02204981 0,0670684
0 0,4611844 0,3940271 0,02318063 0,06601846
1 0,4045488 0,3091663 0,02774587 0,04418731
2 0,5880774 0,4005628 0,03906655 0,03058362
2 0,5676578 0,3910009 0,03409183 0,02649593
2 0,4432251 0,2295904 0,01445028 0,01197642
2 0,445881 0,225087 0,01531217 0,01275301
2 0,3306621 0,08217305 0,0784483 0,1722354
2 0,3366131 0,03640866 0,09241799 0,1333186
2 0,4672132 0,4000849 0,02249563 0,08648765
2 0,458321 0,398016 0,02672759 0,08538455
3 0,4584439 0,4400226 0,07084799 0,09574622
3 0,5012968 0,3962924 0,06311157 0,07816684
4 0,4147722 0,3903316 0,04367301 0,1305556
5 0,6110081 0,3933812 0,02266514 0,04951155
5 0,3706289 0,0521428 0,02930784 0,1049215
5 0,4955146 0,3647631 0,0154649 0,02823842
6 0,4699213 0,4340876 0,02182144 0,04704881
6 0,5020297 0,3926524 0,02076608 0,03814936
6 0,4089533 0,346006 0,01457003 0,02979594
