0 0,5955952 0,2848291 0,02501535 0,0774951
0 0,6018274 0,2734762 0,02645528 0,07654423
1 0,554543 0,1539626 0,02738416 0,04550213
2 0,6391447 0,4815425 0,04144007 0,0703887
2 0,6482666 0,4323874 0,03747874 0,05897182
2 0,6003168 0,2894088 0,02624029 0,1003762
2 0,5971677 0,2754714 0,03004479 0,09593195
3 0,5139865 0,3598078 0,05935574 0,0973056
3 0,5824915 0,35006 0,06587476 0,1186565
3 0,1484315 0,5268549 0,1285443 0,1849095
4 0,5416346 0,2454001 0,05343473 0,1397302
5 0,630726 0,5186031 0,0223794 0,07695833
5 0,6564758 0,2707115 0,01947236 0,03978121
6 0,1396223 0,5388305 0,03631937 0,07415807
6 0,1743262 0,5055827 0,03330015 0,06850311
6 0,5228575 0,3657312 0,01883566 0,04650986
6 0,589208 0,3446723 0,02206475 0,05023754
6 0,5411408 0,2061414 0,01493222 0,03262079
6 0,5513692 0,1935998 0,01426828 0,03062505
