0 0,4105355 0,3469535 0,07833585 0,2076844
0 0,3654146 0,3416393 0,08909261 0,2195849
1 0,2790094 0,0627625 0,248998 0,3361292
2 0,6561074 0,1912808 0,05091238 0,04611158
2 0,6049995 0,1914849 0,04579318 0,04647315
2 0,4095038 0,3405582 0,09249276 0,2461596
2 0,3715889 0,359549 0,1020788 0,2830771
3 0,8081269 0,3923364 0,2302985 0,3102449
3 0,6254967 0,2538592 0,1603859 0,1803207
4 0,4987449 0,4569022 0,4264975 0,6107861
5 0,7046922 0,1689143 0,03660929 0,05988783
6 0,7849554 0,3589005 0,07056254 0,1164462
6 0,6050192 0,2473938 0,04868364 0,08619058
6 0,5007449 0,2838119 0,05371371 0,1989976
6 0,3619932 0,2888191 0,08407563 0,2030602
