0 0,5012064 0,3191637 0,01638705 0,0557121
0 0,4986539 0,3107828 0,01734564 0,05461329
1 0,4610068 0,2351021 0,02145839 0,03416073
2 0,5995833 0,3842651 0,0279119 0,02668685
2 0,5847372 0,3626519 0,02541023 0,02348894
2 0,4965808 0,3140299 0,0194847 0,06985092
3 0,5117841 0,3874232 0,04836649 0,06330693
3 0,5371046 0,3499941 0,04826921 0,0685569
3 0,3415031 0,9390264 0,1004186 0,430204
4 0,4695721 0,3103099 0,03527349 0,1117689
5 0,6159035 0,3951436 0,01635259 0,03913385
5 0,5246048 0,2890017 0,01253688 0,02409756
6 0,3401845 0,9711329 0,04977629 0,1389743
6 0,3463092 0,8726662 0,04339123 0,1172998
6 0,5193264 0,3852863 0,01466447 0,03269094
6 0,53706 0,3448903 0,01566064 0,0312292
6 0,4678689 0,2776844 0,0116947 0,02512544
6 0,4638712 0,2676043 0,01105064 0,02356827
