0 0,4715145 0,154651 0,02041066 0,05688179
0 0,510522 0,1417254 0,02339631 0,0510577
0 0,3956055 0,1428836 0,02321199 0,0431208
0 0,3925146 0,117478 0,02095991 0,03816366
1 0,3878646 0,07363743 0,03080758 0,05204034
2 0,6486449 0,4395289 0,0544768 0,07622397
2 0,6162924 0,3752181 0,0466857 0,06157774
2 0,4675253 0,1493464 0,02242988 0,06735772
2 0,5083734 0,1529461 0,02803788 0,05417299
3 0,4739114 0,2565688 0,04563373 0,1060221
3 0,4400964 0,1980872 0,05067846 0,06908733
4 0,3999169 0,1836702 0,04698783 0,1669472
5 0,6890814 0,4941466 0,03944939 0,09153199
5 0,4835109 0,1401273 0,01550978 0,03382587
