0 0,4568394 0,4402533 0,03190097 0,08701605
0 0,4412009 0,4324911 0,03261584 0,08798379
1 0,4131678 0,3319647 0,04185653 0,06871557
2 0,5797626 0,4184989 0,02284956 0,02858454
2 0,4580225 0,4397525 0,03595138 0,1087926
2 0,4420295 0,4388143 0,03667703 0,1132958
3 0,6026859 0,5033903 0,04116762 0,1240763
3 0,5575541 0,4376986 0,06810927 0,09296089
4 0,4595362 0,4510679 0,1010756 0,1937323
5 0,442733 0,3851328 0,01869005 0,03594786
6 0,6029465 0,49253 0,01567584 0,05314139
6 0,5494568 0,4325151 0,02116084 0,04309833
6 0,4578848 0,3956657 0,02062795 0,0491814
6 0,4263111 0,3868461 0,02141088 0,04679668
