0 0,4463913 0,2137725 0,01270285 0,03699559
0 0,4499973 0,2234101 0,01301256 0,02850467
1 0,5099149 0,6735555 0,07764179 0,175054
2 0,3006576 0,5230929 0,04418826 0,05618051
2 0,2829983 0,5913162 0,0519582 0,06993851
2 0,4449156 0,2072347 0,01482528 0,03954989
2 0,4489922 0,2147865 0,01629585 0,02479321
3 0,440696 0,4719574 0,06191248 0,09312704
3 0,3700439 0,5698677 0,08362755 0,1895185
3 0,5348015 0,2637678 0,02487946 0,05225879
4 0,4886381 0,6698811 0,08521688 0,4032044
5 0,3117665 0,4597835 0,02007723 0,05422103
6 0,5339639 0,263068 0,01076168 0,02317858
6 0,5370963 0,2714084 0,01117277 0,02400899
6 0,4296804 0,4753011 0,01821667 0,04678398
6 0,3622269 0,5914001 0,03071639 0,07886738
6 0,4915181 0,602569 0,0289765 0,07878894
