0 0,5558287 0,3614399 0,02374649 0,085334
0 0,5546438 0,3428231 0,02511245 0,08136296
1 0,498033 0,2313168 0,02910551 0,05127168
2 0,7168561 0,5946071 0,06058955 0,06772405
2 0,6888257 0,516513 0,05023664 0,05318543
2 0,5606641 0,3634956 0,02395105 0,1126429
2 0,5508915 0,3479728 0,02830499 0,1029857
3 0,5418032 0,5582563 0,08217365 0,1127467
3 0,6002895 0,4681934 0,0804224 0,142244
4 0,5016688 0,3535751 0,04229704 0,18461
5 0,7542527 0,6690924 0,04365903 0,09384048
5 0,5990251 0,3096868 0,01947141 0,03648263
6 0,5560371 0,5574945 0,02526289 0,05827883
6 0,6018347 0,4541377 0,02660799 0,05752051
6 0,4996879 0,3062428 0,01577246 0,03846848
6 0,4997132 0,2813666 0,01446882 0,03506517
