0 0,7980157 0,3015609 0,05688804 0,09918362
0 0,7810007 0,3015429 0,05098587 0,07478786
2 0,2517284 0,05338788 0,05134676 0,04696053
2 0,1804884 0,03146636 0,06675965 0,04964936
2 0,7968359 0,2845293 0,06639671 0,1132613
2 0,7840072 0,2819244 0,06159335 0,06966901
3 0,2093458 0,07791215 0,1420397 0,1840973
3 0,07891485 0,04248911 0,3027632 0,2203369
3 0,9758247 0,66962 0,2287572 0,3634787
5 0,3067182 0,04774648 0,02948213 0,06507367
5 0,8192189 0,3027021 0,03189445 0,05001765
6 0,9773266 0,6680225 0,115063 0,176437
6 0,9602963 0,6971012 0,1224741 0,1946382
6 0,2177026 0,06835365 0,04713127 0,0873754
6 0,07230297 0,0297913 0,09732652 0,1060944
