0 0,6362212 0,4322028 0,05523068 0,1180355
0 0,6151271 0,3889174 0,04981053 0,1093366
1 0,5790026 0,2138637 0,03261721 0,05186844
2 0,3590665 0,5850763 0,07715189 0,1046726
2 0,4461625 0,5632447 0,05886579 0,09660849
2 0,6392745 0,4132457 0,06565011 0,1242372
2 0,6121331 0,407129 0,05988646 0,1217029
3 0,3929912 0,4209837 0,07046509 0,122612
3 0,4581998 0,4112788 0,08683527 0,1252246
3 0,2241504 0,3585726 0,0686256 0,05226058
4 0,5372754 0,3249264 0,08998585 0,1501814
5 0,2713746 0,5719391 0,06301764 0,1099696
5 0,7483267 0,4312194 0,05803496 0,08045644
6 0,2198936 0,3611897 0,02137688 0,03080112
6 0,2368103 0,358882 0,02038333 0,03052652
6 0,3888007 0,4304559 0,02699199 0,06331795
6 0,4668908 0,4169596 0,02748814 0,06339949
6 0,5151411 0,272489 0,01462358 0,03652954
6 0,5457236 0,2689437 0,01577061 0,03589869
