0 0,6606023 0,5073887 0,07939017 0,1696864
0 0,6305083 0,443526 0,06868428 0,1512531
1 0,5818 0,2113518 0,04174346 0,06662339
2 0,1871436 0,8820732 0,2180757 0,3120818
2 0,3517999 0,8254847 0,1382395 0,2712137
2 0,6644074 0,4806765 0,09393048 0,1782954
2 0,626703 0,4684839 0,0826093 0,1704769
3 0,3220572 0,5008836 0,1322718 0,2043237
3 0,414779 0,4852863 0,1336751 0,2070221
3 0,1574931 0,3847572 0,08993376 0,06473523
4 0,5290213 0,3518038 0,1136142 0,1941162
5 0,006140887 0,8831666 0,1796281 0,2445139
5 0,83676 0,5334522 0,1009632 0,1341469
6 0,1523311 0,387913 0,02964222 0,03786784
6 0,1730144 0,3849586 0,02816668 0,03746033
6 0,3111274 0,5200012 0,05011606 0,09985423
6 0,4249046 0,496992 0,04243734 0,09889281
6 0,5006564 0,2858434 0,01794416 0,04722875
6 0,5396449 0,2811321 0,01960456 0,04618758
