0 0,691992 0,5487694 0,08805269 0,1817136
0 0,6707701 0,4517378 0,08281237 0,176031
1 0,6462398 0,0846771 0,06229281 0,1365861
2 0,6990633 0,5219458 0,1042794 0,2036849
2 0,6640828 0,4782166 0,09541631 0,1965886
3 0,3699175 0,5500572 0,0987215 0,3351265
3 0,4615159 0,5376921 0,1220617 0,3461361
3 0,102695 0,05858105 0,1176237 0,09854412
4 0,56991 0,2422057 0,1413345 0,2596995
5 0,8398235 0,73857 0,08885813 0,1517965
6 0,0967278 0,06182867 0,0404612 0,06078762
6 0,1229583 0,06123221 0,03808898 0,060206
6 0,3652051 0,5995191 0,03941819 0,1257055
6 0,4742814 0,5737274 0,03923479 0,1316512
6 0,5431745 0,1687889 0,02522182 0,08296895
6 0,5884415 0,1654892 0,02862871 0,08130336
