1 0,5052806 0,4041981 0,03511646 0,04703951
2 0,7601742 0,5984427 0,04915106 0,04438487
2 0,7121737 0,5696631 0,04251653 0,03623825
2 0,2987621 0,2445366 0,01629132 0,01049078
3 0,7083121 0,6098101 0,09535748 0,1288802
3 0,6529291 0,5698755 0,102106 0,1164073
4 0,5308559 0,5145817 0,08105353 0,1762395
5 0,8165326 0,611561 0,03756833 0,06531268
5 0,02864569 0,01806998 0,05304823 0,09321439
5 0,5663138 0,486949 0,01865244 0,0314616
6 0,7170123 0,6052485 0,0323357 0,06068462
6 0,6529997 0,5626477 0,03241402 0,05218053
6 0,5431255 0,4698123 0,02206224 0,04167551
6 0,5242605 0,4589815 0,01994085 0,0375374
