0 0,6155352 0,4902573 0,04859674 0,1186277
0 0,5998049 0,436372 0,04536849 0,1125805
1 0,5747445 0,2297707 0,03169996 0,06879061
2 0,38649 0,7280516 0,05265361 0,1281526
2 0,4535129 0,7074856 0,04415977 0,1219746
2 0,6191434 0,4719797 0,0578987 0,1289097
2 0,5963609 0,4541775 0,05384809 0,1256492
3 0,402557 0,48265 0,05697316 0,1632305
3 0,4598644 0,474567 0,07365724 0,1694855
3 0,226983 0,2873043 0,06698772 0,05998886
4 0,532423 0,3335979 0,08492297 0,1607475
5 0,3195437 0,7275103 0,04508871 0,09188306
5 0,7039874 0,5508155 0,04598236 0,08749056
6 0,2229329 0,2897061 0,0210017 0,03554875
6 0,2394818 0,2878915 0,02001475 0,03528565
6 0,3998199 0,5023573 0,02217394 0,06959254
6 0,4676919 0,4886766 0,02419829 0,07225969
6 0,5124326 0,2855577 0,01384372 0,04522818
6 0,5415264 0,2820284 0,01532072 0,04456943
