0 0,3992909 0,1129554 0,01867488 0,04952943
0 0,4001107 0,1227925 0,01805598 0,03695285
1 0,799462 0,6431249 0,1603382 0,3087053
2 0,2987671 0,5548056 0,05627862 0,1100321
2 0,2940052 0,6710823 0,06730643 0,1481811
2 0,3976273 0,1059207 0,02234927 0,05586469
2 0,3987992 0,112168 0,02283314 0,03237069
3 0,4312352 0,4382426 0,09689361 0,1726637
3 0,4480665 0,5423463 0,1304698 0,2832527
3 0,5251397 0,1445339 0,03403252 0,05929428
4 0,6487586 0,6386358 0,2289354 0,572242
5 0,2990188 0,4569399 0,02452165 0,08458605
6 0,5235198 0,1442251 0,0127064 0,0280602
6 0,5297021 0,1521429 0,01321948 0,02905983
6 0,4161225 0,4460672 0,03089833 0,07745028
6 0,4363759 0,570066 0,04343382 0,1180857
6 0,6285003 0,4801293 0,04638147 0,1053808
6 0,6814712 0,5830904 0,05813283 0,1297462
