0 0,4578231 0,1861159 0,02353635 0,07052451
0 0,4440047 0,1756306 0,02413303 0,07475954
1 0,3878646 0,07363743 0,03080758 0,05204034
2 0,5710242 0,2875019 0,03644496 0,04380774
2 0,553341 0,2521574 0,03268266 0,03761202
2 0,4546316 0,1758163 0,02745974 0,07677656
2 0,447282 0,1865975 0,02810761 0,08286315
3 0,4930084 0,2944855 0,07137451 0,1073792
3 0,4807323 0,249429 0,07129893 0,1082425
4 0,3999169 0,1836702 0,04698783 0,1669472
5 0,5911782 0,3097935 0,02167279 0,05856586
5 0,4835109 0,1401273 0,01550978 0,03382587
6 0,5036969 0,2915017 0,02162325 0,05096686
6 0,4868518 0,2419667 0,02203605 0,04821211
6 0,3965166 0,1501129 0,01789549 0,04004455
6 0,3943949 0,1326936 0,01674822 0,03712785
