0 0,07017553 0,1799977 0,07457373 0,1170336
0 0,5525538 0,5593896 0,02575386 0,05210525
0 0,5954858 0,5465671 0,02911109 0,04328376
0 0,5348188 0,4940054 0,02953207 0,03790057
0 0,5080152 0,4849722 0,02546686 0,03276953
1 0,5056318 0,4390863 0,03550723 0,04576123
2 0,9067817 0,7208444 0,07181746 0,06372623
2 0,3052745 0,3554558 0,01548386 0,01004356
2 0,07462859 0,1898676 0,08388698 0,140972
2 0,004354298 0,1191233 0,122177 0,1577775
2 0,5929752 0,5579344 0,0352968 0,04555508
3 0,653148 0,6122512 0,09060317 0,1010586
3 0,5660816 0,5719466 0,06057686 0,0620783
3 0,206878 0,003130436 0,2081873 0,504644
4 0,530285 0,5458856 0,08303878 0,1637045
5 0,0583927 0,1914424 0,04383761 0,07789677
5 0,5658355 0,5449126 0,0188821 0,0291591
6 0,2121779 0,01390088 0,07834415 0,1797411
