0 0,3236035 0,05111134 0,07305792 0,1749909
0 0,3049746 0,002715349 0,08263683 0,1543713
0 0,4716496 0,4013593 0,02375719 0,06091261
0 0,4580142 0,3921316 0,02387419 0,06374663
1 0,4045488 0,3091663 0,02774587 0,04418731
2 0,5880774 0,4005628 0,03906655 0,03058362
2 0,5676578 0,3910009 0,03409183 0,02649593
2 0,4432251 0,2295904 0,01445028 0,01197642
2 0,445881 0,225087 0,01531217 0,01275301
2 0,3194185 0,07579088 0,08848315 0,1957963
2 0,3059802 0,04465896 0,1023191 0,134714
2 0,4684002 0,3935424 0,02734211 0,06492674
2 0,4613095 0,4005516 0,02794164 0,07034272
3 0,5062692 0,4170104 0,07508463 0,09340948
3 0,4933176 0,4029492 0,07283264 0,08530778
4 0,4147722 0,3903316 0,04367301 0,1305556
5 0,6110081 0,3933812 0,02266514 0,04951155
5 0,3706289 0,0521428 0,02930784 0,1049215
5 0,4955146 0,3647631 0,0154649 0,02823842
6 0,5172956 0,4119635 0,02368593 0,0459891
6 0,4994006 0,397884 0,02321962 0,04061854
