0 0,6099614 0,2918462 0,02735645 0,07306951
0 0,5951767 0,2711278 0,02693182 0,07385755
1 0,554543 0,1539626 0,02738416 0,04550213
2 0,6391447 0,4815425 0,04144007 0,0703887
2 0,6482666 0,4323874 0,03747874 0,05897182
2 0,6090362 0,280089 0,03156447 0,0792731
2 0,5960184 0,2831422 0,03157246 0,08276588
3 0,5505293 0,3898887 0,07082629 0,1170745
3 0,5701353 0,3496957 0,07406259 0,1178246
3 0,1484315 0,5268549 0,1285443 0,1849095
4 0,5416346 0,2454001 0,05343473 0,1397302
5 0,630726 0,5186031 0,0223794 0,07695833
5 0,6564758 0,2707115 0,01947236 0,03978121
6 0,1396223 0,5388305 0,03631937 0,07415807
6 0,1743262 0,5055827 0,03330015 0,06850311
6 0,5600624 0,3980453 0,02293181 0,05399376
6 0,5797634 0,349837 0,02410829 0,05139774
6 0,5338412 0,2150921 0,01539761 0,03406328
6 0,544207 0,2023816 0,01473475 0,03201914
