0 0,5537196 0,3102149 0,02967709 0,0830673
0 0,5451402 0,3088697 0,03046614 0,08864456
1 0,5053977 0,235468 0,03423202 0,07137126
2 0,7194781 0,4518915 0,04060131 0,06437361
2 0,6859872 0,4012987 0,0367558 0,05585784
2 0,550253 0,300032 0,0348708 0,09242129
2 0,5486625 0,3196812 0,03617132 0,09963548
3 0,6678625 0,503872 0,08055317 0,1538099
3 0,6304882 0,432169 0,08743823 0,1584008
4 0,5278547 0,360921 0,07295614 0,2150809
5 0,7580705 0,4923862 0,03150052 0,0652256
5 0,5652598 0,2408826 0,01885599 0,04134506
6 0,6320036 0,4178776 0,02893549 0,0617038
6 0,5389895 0,34351 0,02035844 0,05156112
6 0,5226342 0,3091178 0,0186739 0,04763329
