0 0,497086 0,3106314 0,01802036 0,05277419
1 0,4610068 0,2351021 0,02145839 0,03416073
2 0,5995833 0,3842651 0,0279119 0,02668685
2 0,5847372 0,3626519 0,02541023 0,02348894
2 0,5041838 0,3120904 0,02114889 0,05437392
2 0,4994683 0,3187026 0,02137512 0,05842185
3 0,544035 0,3812476 0,0525806 0,06602412
3 0,5318605 0,3552357 0,05434936 0,0677737
3 0,3415031 0,9390264 0,1004186 0,430204
4 0,4695721 0,3103099 0,03527349 0,1117689
5 0,6159035 0,3951436 0,01635259 0,03913385
5 0,5246048 0,2890017 0,01253688 0,02409756
6 0,3401845 0,9711329 0,04977629 0,1389743
6 0,3463092 0,8726662 0,04339123 0,1172998
6 0,5515649 0,3800055 0,0166018 0,03327632
6 0,5358119 0,3511249 0,01719463 0,03190178
6 0,4707319 0,2849036 0,01215649 0,0262531
6 0,4666688 0,2746583 0,01150137 0,0246557
