0 0,8358319 0,4663927 0,04030925 0,06566286
0 0,8229666 0,4663642 0,03718746 0,04843217
0 0,3415833 0,3628587 0,03793669 0,09835863
0 0,3470927 0,3502007 0,04066357 0,1071028
1 0,344171 0,1892737 0,04224044 0,09025991
2 0,4999181 0,342132 0,02408031 0,02312362
2 0,4718283 0,3358915 0,0236316 0,02366263
2 0,8338617 0,4548824 0,04698688 0,07424873
2 0,8240526 0,4530945 0,04607362 0,04400587
2 0,3527218 0,3631598 0,04745272 0,1144094
3 0,4847908 0,3537166 0,06668308 0,08779192
3 0,9269181 0,5839099 0,1033827 0,1077196
4 0,4118038 0,3531659 0,1239393 0,2162549
5 0,8508118 0,4635306 0,02151543 0,03237575
6 0,9293046 0,5863379 0,04712224 0,06347328
6 0,917332 0,5885245 0,04776925 0,06545785
6 0,4772168 0,3481307 0,0216029 0,04201692
6 0,4429672 0,2897203 0,01939359 0,05527782
6 0,3995085 0,2790063 0,01751643 0,05762136
