0 0,3636841 0,04445815 0,05945075 0,1443819
0 0,4846279 0,3823986 0,02054101 0,04819679
0 0,5211523 0,35498 0,02351344 0,0412221
0 0,4087282 0,3457128 0,01905158 0,03186566
1 0,4045488 0,3091663 0,02774587 0,04418731
2 0,6899712 0,444879 0,06723356 0,05357951
2 0,6447195 0,4242113 0,05400157 0,04266524
2 0,4432251 0,2295904 0,01445028 0,01197642
2 0,445881 0,225087 0,01531217 0,01275301
2 0,363389 0,06010145 0,07218605 0,1706703
2 0,480723 0,3791283 0,02254111 0,05690569
2 0,5195773 0,366124 0,02803367 0,04310715
3 0,4864962 0,4082782 0,04754299 0,07560295
3 0,4536685 0,3971499 0,04935515 0,06240577
4 0,4147722 0,3903316 0,04367301 0,1305556
5 0,7487029 0,442279 0,04872292 0,08591813
5 0,3706289 0,0521428 0,02930784 0,1049215
5 0,4955146 0,3647631 0,0154649 0,02823842
