0 0,5659021 0,3586552 0,02683157 0,07582998
0 0,5510166 0,3453048 0,02571553 0,07984513
1 0,498033 0,2313168 0,02910551 0,05127168
2 0,7168561 0,5946071 0,06058955 0,06772405
2 0,6888257 0,516513 0,05023664 0,05318543
2 0,5630239 0,3461608 0,03076607 0,08269101
2 0,5538754 0,3584419 0,03039616 0,08945602
3 0,6028216 0,565167 0,09908825 0,129315
3 0,5893779 0,4793039 0,09180808 0,1322212
4 0,5016688 0,3535751 0,04229704 0,18461
5 0,7542527 0,6690924 0,04365903 0,09384048
5 0,5990251 0,3096868 0,01947141 0,03648263
6 0,6176755 0,5672606 0,03239715 0,06359315
6 0,5976905 0,4703237 0,02964097 0,05806482
6 0,4996689 0,3249466 0,016756 0,04106116
6 0,4996956 0,2986276 0,01537278 0,03742111
