0 0,618911 0,3889107 0,0440222 0,107868
0 0,6255717 0,4309296 0,05010283 0,1267449
1 0,5790026 0,2138637 0,03261721 0,05186844
2 0,3590665 0,5850763 0,07715189 0,1046726
2 0,4461625 0,5632447 0,05886579 0,09660849
2 0,6119001 0,4017622 0,04885489 0,124309
2 0,633362 0,4178567 0,05865395 0,1482084
3 0,3754075 0,4632183 0,08027491 0,1584121
3 0,4489972 0,3972455 0,06048399 0,1070378
3 0,2241504 0,3585726 0,0686256 0,05226058
4 0,5372754 0,3249264 0,08998585 0,1501814
5 0,2713746 0,5719391 0,06301764 0,1099696
5 0,7483267 0,4312194 0,05803496 0,08045644
6 0,2198936 0,3611897 0,02137688 0,03080112
6 0,2368103 0,358882 0,02038333 0,03052652
6 0,3715827 0,4770496 0,03153113 0,08008999
6 0,4527244 0,4035804 0,02102527 0,0557127
6 0,5071973 0,27341 0,01438957 0,03669387
6 0,5372693 0,2699238 0,01538968 0,03607255
