0 0,6351556 0,4422551 0,0605582 0,1473849
0 0,6463446 0,5064747 0,07209402 0,1812783
1 0,5818 0,2113518 0,04174346 0,06662339
2 0,1871436 0,8820732 0,2180757 0,3120818
2 0,3517999 0,8254847 0,1382395 0,2712137
2 0,6258532 0,4591104 0,06745476 0,1719897
2 0,6569984 0,4887315 0,08605725 0,2138568
3 0,2703239 0,5937914 0,1897365 0,3137228
3 0,4072987 0,4579462 0,09225488 0,1661975
3 0,1574931 0,3847572 0,08993376 0,06473523
4 0,5290213 0,3518038 0,1136142 0,1941162
5 0,006140887 0,8831666 0,1796281 0,2445139
5 0,83676 0,5334522 0,1009632 0,1341469
6 0,1523311 0,387913 0,02964222 0,03786784
6 0,1730144 0,3849586 0,02816668 0,03746033
6 0,2543007 0,6281878 0,07274154 0,1471982
6 0,4101389 0,469899 0,0334641 0,08240172
6 0,4904841 0,2870727 0,01755947 0,0475018
6 0,5288941 0,2824312 0,01905793 0,04647362
