0 0,4577894 0,5162086 0,03000596 0,07764563
1 0,4114223 0,380227 0,04233572 0,05586672
2 0,6157069 0,4836071 0,02253085 0,01832181
2 0,582248 0,483157 0,02268308 0,01760912
2 0,4454143 0,5186006 0,03651801 0,09128818
2 0,4530859 0,5084004 0,03432593 0,09056452
3 0,617166 0,4757283 0,03075111 0,0635466
3 0,5689528 0,5004776 0,05468518 0,08109799
4 0,4590438 0,4903197 0,1050959 0,1690134
5 0,648393 0,4701905 0,01715386 0,03373098
6 0,6167874 0,4724744 0,01102394 0,03319204
6 0,5674253 0,4960669 0,01833856 0,04008493
6 0,4877789 0,4284177 0,02083093 0,04308903
6 0,455855 0,4308575 0,02148509 0,04141289
