0 0,67506 0,4409957 0,07533872 0,16659
0 0,679213 0,5509042 0,08325315 0,187123
1 0,6462398 0,0846771 0,06229281 0,1365861
2 0,6637446 0,4533018 0,08202237 0,2047629
2 0,6914406 0,5390692 0,0994612 0,2388939
3 0,3507248 0,7757928 0,1111776 0,4360082
3 0,4469289 0,4524718 0,08469689 0,2919208
3 0,102695 0,05858105 0,1176237 0,09854412
4 0,56991 0,2422057 0,1413345 0,2596995
5 0,8398235 0,73857 0,08885813 0,1517965
6 0,0967278 0,06182867 0,0404612 0,06078762
6 0,1229583 0,06123221 0,03808898 0,060206
6 0,347258 0,8481668 0,04595846 0,1524899
6 0,4529029 0,4895847 0,02932268 0,1126787
6 0,5313188 0,1696532 0,02430373 0,08340496
6 0,5759869 0,1663968 0,02770674 0,08176166
