1 0,5052806 0,4041981 0,03511646 0,04703951
2 0,7601742 0,5984427 0,04915106 0,04438487
2 0,7121737 0,5696631 0,04251653 0,03623825
2 0,2987621 0,2445366 0,01629132 0,01049078
3 0,7394908 0,5908183 0,07752442 0,1073145
3 0,6434739 0,5845798 0,09335774 0,1169563
4 0,5308559 0,5145817 0,08105353 0,1762395
5 0,8165326 0,611561 0,03756833 0,06531268
5 0,02864569 0,01806998 0,05304823 0,09321439
5 0,5663138 0,486949 0,01865244 0,0314616
6 0,7451816 0,5858588 0,02701676 0,05257493
6 0,6480868 0,5780629 0,03019696 0,0542486
6 0,5485296 0,4729151 0,02267772 0,0428803
6 0,5291906 0,461812 0,02049118 0,03860867
