0 0,6430402 0,2764884 0,02541482 0,06313229
0 0,6838941 0,293599 0,03014374 0,0651474
0 0,5382492 0,2098786 0,02063352 0,0372045
0 0,5536413 0,1909915 0,01919407 0,03363788
0 0,5476825 0,1803964 0,01823324 0,03171581
1 0,554543 0,1539626 0,02738416 0,04550213
2 0,597267 0,7056668 0,06003422 0,1360593
2 0,6152877 0,6087592 0,05206418 0,1052372
2 0,6399739 0,2683509 0,02790159 0,07341582
2 0,6802449 0,304038 0,03479916 0,07025254
3 0,5606998 0,3488124 0,0503785 0,1048172
3 0,5729975 0,2834542 0,04981631 0,07140142
3 0,1484315 0,5268549 0,1285443 0,1849095
4 0,5416346 0,2454001 0,05343473 0,1397302
5 0,5770594 0,8017074 0,03415376 0,1349221
5 0,6564758 0,2707115 0,01947236 0,03978121
6 0,1396223 0,5388305 0,03631937 0,07415807
6 0,1743262 0,5055827 0,03330015 0,06850311
