0 0,3552916 0,2853524 0,03235263 0,07434797
0 0,3420142 0,2648615 0,03192249 0,06416458
0 0,4997996 0,5267239 0,03447473 0,1006519
0 0,527964 0,5378119 0,03767151 0,1054252
1 0,4262002 0,3933302 0,0438523 0,06928325
2 0,8193282 0,5917844 0,1065367 0,08409217
2 0,7344109 0,553062 0,07753915 0,06007701
2 0,3536792 0,2855822 0,04418659 0,1054193
2 0,3423186 0,2826403 0,03939322 0,06006312
2 0,5019829 0,539826 0,04540771 0,117361
2 0,5251937 0,5259105 0,0467906 0,1189833
3 0,7572842 0,5898724 0,1686499 0,2178757
3 0,5750462 0,6078821 0,1553685 0,2143988
3 0,6043726 0,1155083 0,1079496 0,1856731
4 0,4437576 0,5304929 0,07906625 0,2466837
5 0,9465616 0,6059999 0,09762418 0,1398778
5 0,3865041 0,2850627 0,01282066 0,04209334
5 0,5516697 0,479408 0,02354592 0,04120773
6 0,5987533 0,1189496 0,03646958 0,07521915
6 0,6214966 0,08527452 0,04134601 0,08556575
6 0,7735223 0,5771954 0,05503124 0,1012486
6 0,5894573 0,5941305 0,0484302 0,09331772
6 0,4420047 0,4663543 0,03108868 0,06440789
6 0,4369237 0,4587324 0,02690017 0,05545139
