0 0,6465596 0,1623279 0,03882736 0,08972859
0 0,6416536 0,1336339 0,03814405 0,07946092
0 0,5214714 0,4030189 0,0240944 0,07838196
0 0,5437145 0,425248 0,02599585 0,08515364
1 0,4632308 0,2653594 0,03479883 0,04568142
2 0,6909698 0,565791 0,08926237 0,07616675
2 0,6639069 0,5099118 0,06629497 0,05182752
2 0,6475865 0,1622008 0,05129242 0,1272281
2 0,6407632 0,1560618 0,04754198 0,07177991
2 0,5206088 0,4140489 0,03342515 0,08852649
2 0,5441152 0,4146183 0,03517878 0,09451652
3 0,5960673 0,5036204 0,1347089 0,1471471
3 0,4891512 0,4504458 0,1060932 0,1106607
4 0,4545803 0,3700992 0,06891704 0,1546097
5 0,7340168 0,6065889 0,06440204 0,1452909
5 0,6943663 0,1682083 0,02449393 0,05496895
5 0,5900209 0,3932629 0,01942229 0,03544772
6 0,6187597 0,5063713 0,04125673 0,08164513
6 0,5052733 0,450212 0,03103045 0,05969924
6 0,4403042 0,3153594 0,02331159 0,0388121
6 0,4520404 0,3138292 0,02058724 0,03489774
