0 0,3069156 0,0607456 0,07538018 0,1655613
0 0,4549016 0,3942917 0,0216679 0,06337708
0 0,4732686 0,4008149 0,02345237 0,06618065
1 0,4045488 0,3091663 0,02774587 0,04418731
2 0,5880774 0,4005628 0,03906655 0,03058362
2 0,5676578 0,3910009 0,03409183 0,02649593
2 0,4432251 0,2295904 0,01445028 0,01197642
2 0,445881 0,225087 0,01531217 0,01275301
2 0,3020784 0,05619329 0,1034905 0,2308846
2 0,272746 0,03653741 0,1051924 0,1583455
2 0,4559233 0,4022257 0,02882597 0,07328701
2 0,471991 0,3936113 0,03006852 0,07599241
3 0,5484906 0,3963392 0,06833613 0,08386219
3 0,4743267 0,4151653 0,06977621 0,08663917
4 0,4147722 0,3903316 0,04367301 0,1305556
5 0,6110081 0,3933812 0,02266514 0,04951155
5 0,3706289 0,0521428 0,02930784 0,1049215
5 0,4955146 0,3647631 0,0154649 0,02823842
6 0,5582094 0,3912955 0,02139181 0,04230481
6 0,4831551 0,4097601 0,02190974 0,04180086
