0 0,5403129 0,3078157 0,02699149 0,08526587
0 0,558221 0,3157577 0,02866447 0,08634102
1 0,5053977 0,235468 0,03423202 0,07137126
2 0,7194781 0,4518915 0,04060131 0,06437361
2 0,6859872 0,4012987 0,0367558 0,05585784
2 0,5425793 0,3200287 0,03336954 0,09613013
2 0,55575 0,3043908 0,03449839 0,09789544
3 0,6983922 0,4699823 0,06965083 0,1295143
3 0,619777 0,4599402 0,07975835 0,1495975
4 0,5278547 0,360921 0,07295614 0,2150809
5 0,7580705 0,4923862 0,03150052 0,0652256
5 0,5652598 0,2408826 0,01885599 0,04134506
6 0,7046436 0,4605867 0,0251615 0,05487972
6 0,6248531 0,4475101 0,02669817 0,0602119
6 0,543525 0,3530475 0,0208351 0,05266702
6 0,5269887 0,3182746 0,0191167 0,04866982
