0 0,5519885 0,2567639 0,02536142 0,06702089
0 0,5941209 0,2399454 0,02941638 0,06181461
0 0,5319412 0,3289874 0,02682221 0,05917406
0 0,5080364 0,2786899 0,02371624 0,05190557
1 0,5053977 0,235468 0,03423202 0,07137126
2 0,858934 0,6595759 0,0580281 0,1060791
2 0,802361 0,5744036 0,05070478 0,08785382
2 0,5479874 0,2521226 0,02802879 0,07863367
2 0,5911564 0,2507782 0,03491026 0,06765753
3 0,6279777 0,4460283 0,07188302 0,1468982
3 0,5601723 0,3551836 0,05508506 0,09830952
4 0,5278547 0,360921 0,07295614 0,2150809
5 0,9288694 0,7407125 0,05488539 0,09693924
5 0,5652598 0,2408826 0,01885599 0,04134506
