0 0,493286 0,7466366 0,01657209 0,04986252
0 0,5079432 0,7581907 0,01806527 0,05252706
1 0,4609042 0,6632729 0,02086177 0,02715898
2 0,6070969 0,7902295 0,03056526 0,01950295
2 0,5898122 0,777906 0,02737713 0,01694471
2 0,4195266 0,5616499 0,01551479 0,01034686
2 0,4206288 0,5563371 0,01653954 0,01129809
2 0,4941173 0,7535905 0,02207747 0,05624564
2 0,5068534 0,7517358 0,02309769 0,05867076
3 0,577817 0,7740045 0,05153888 0,0517102
3 0,5195687 0,7670938 0,05407503 0,05209155
4 0,4678201 0,730128 0,0356687 0,09701927
5 0,6254421 0,7893757 0,01746047 0,03799546
5 0,5243751 0,7354507 0,01268101 0,02157956
6 0,5849533 0,773176 0,01615733 0,02980962
6 0,5258499 0,7657326 0,01661074 0,02890901
6 0,4706834 0,6985474 0,01239988 0,02305189
6 0,4667008 0,695771 0,01164702 0,02161115
