0 0,4413241 0,2123581 0,0129669 0,03535074
0 0,4375914 0,2248942 0,01143897 0,02986145
1 0,5099149 0,6735555 0,07764179 0,175054
2 0,3006576 0,5230929 0,04418826 0,05618051
2 0,2829983 0,5913162 0,0519582 0,06993851
2 0,4409831 0,2130007 0,01799944 0,04852241
2 0,4370832 0,2169651 0,01440769 0,02846873
3 0,3487916 0,4855081 0,07414928 0,09734309
3 0,4140467 0,5328787 0,08013025 0,1339965
3 0,5348015 0,2637678 0,02487946 0,05225879
4 0,4886381 0,6698811 0,08521688 0,4032044
5 0,3117665 0,4597835 0,02007723 0,05422103
6 0,5339639 0,263068 0,01076168 0,02317858
6 0,5370963 0,2714084 0,01117277 0,02400899
6 0,3367837 0,4890102 0,02426863 0,04860383
6 0,401617 0,5413651 0,02544299 0,06170154
6 0,4849228 0,5328699 0,02537549 0,06758797
6 0,4917379 0,6048925 0,02909777 0,07917196
