0 0,5473341 0,3430815 0,02283597 0,07749975
0 0,5677217 0,3639123 0,02665758 0,08051723
1 0,498033 0,2313168 0,02910551 0,05127168
2 0,7168561 0,5946071 0,06058955 0,06772405
2 0,6888257 0,516513 0,05023664 0,05318543
2 0,5476117 0,3554733 0,03107047 0,08451921
2 0,567099 0,3519807 0,03464252 0,08809888
3 0,6617265 0,570264 0,1017706 0,1162511
3 0,5646477 0,4904987 0,08399105 0,1156099
4 0,5016688 0,3535751 0,04229704 0,18461
5 0,7542527 0,6690924 0,04365903 0,09384048
5 0,5990251 0,3096868 0,01947141 0,03648263
6 0,6760529 0,5695299 0,03396642 0,0598132
6 0,5760028 0,485872 0,02658021 0,05529201
6 0,4996614 0,3324296 0,01715022 0,04210663
6 0,4996886 0,3055353 0,0157353 0,03837091
