0 0,7821842 0,2745147 0,05703557 0,1045575
0 0,7406052 0,2653112 0,0524196 0,0960173
2 0,2517284 0,05338788 0,05134676 0,04696053
2 0,1804884 0,03146636 0,06675965 0,04964936
2 0,7782776 0,2786964 0,07018077 0,1365024
2 0,7391675 0,2491531 0,06115437 0,1120092
3 0,2361994 0,04244578 0,0904302 0,142139
3 0,06167835 0,09659511 0,2611435 0,2439283
3 0,9758247 0,66962 0,2287572 0,3634787
5 0,3067182 0,04774648 0,02948213 0,06507367
5 0,8192189 0,3027021 0,03189445 0,05001765
6 0,9773266 0,6680225 0,115063 0,176437
6 0,9602963 0,6971012 0,1224741 0,1946382
6 0,2413166 0,03202015 0,03182974 0,06969017
6 0,07672951 0,08147728 0,08315566 0,1137339
