0 0,6576183 0,4581375 0,07852066 0,1774225
0 0,6952081 0,5230443 0,08047193 0,1723673
1 0,6462398 0,0846771 0,06229281 0,1365861
2 0,6548774 0,4884165 0,09547138 0,193914
2 0,6954931 0,4917589 0,09823537 0,1837299
3 0,3504221 0,7793968 0,1112695 0,4374868
3 0,4388182 0,4059214 0,05906802 0,2521823
3 0,102695 0,05858105 0,1176237 0,09854412
4 0,56991 0,2422057 0,1413345 0,2596995
5 0,8398235 0,73857 0,08885813 0,1517965
6 0,0967278 0,06182867 0,0404612 0,06078762
6 0,1229583 0,06123221 0,03808898 0,060206
6 0,3447435 0,8876208 0,0476197 0,1578146
6 0,4403254 0,441718 0,02276129 0,09863621
6 0,5312212 0,1696606 0,0242961 0,08340847
6 0,5758843 0,1664042 0,02769917 0,08176553
