0 0,3969515 0,1097696 0,01965818 0,05275917
0 0,385377 0,1305469 0,01979056 0,05567706
1 0,799462 0,6431249 0,1603382 0,3087053
2 0,2987671 0,5548056 0,05627862 0,1100321
2 0,2940052 0,6710823 0,06730643 0,1481811
2 0,3980422 0,1139836 0,02513945 0,06624681
2 0,3837997 0,1234792 0,02415708 0,06317222
3 0,3678702 0,47236 0,09952641 0,1725782
3 0,4958405 0,4756812 0,09780058 0,1774819
3 0,5251397 0,1445339 0,03403252 0,05929428
4 0,6487586 0,6386358 0,2289354 0,572242
5 0,2990188 0,4569399 0,02452165 0,08458605
6 0,5235198 0,1442251 0,0127064 0,0280602
6 0,5297021 0,1521429 0,01321948 0,02905983
6 0,3430535 0,4889092 0,03216881 0,0801208
6 0,4815756 0,4880911 0,03011534 0,08094132
6 0,6173079 0,4583745 0,04403818 0,1004605
6 0,6647878 0,5506635 0,05431396 0,1218798
