0 0,3534558 0,2874047 0,03605211 0,08677644
0 0,3199475 0,2656665 0,04189089 0,09661555
0 0,508638 0,5302747 0,03825471 0,1099769
0 0,5167645 0,5345803 0,03309256 0,09973267
1 0,4262002 0,3933302 0,0438523 0,06928325
2 0,8193282 0,5917844 0,1065367 0,08409217
2 0,7344109 0,553062 0,07753915 0,06007701
2 0,3528085 0,280816 0,04706955 0,1114477
2 0,3173374 0,2800019 0,05112174 0,1091142
2 0,5152888 0,5410994 0,04304293 0,1282803
2 0,5104268 0,5264137 0,03537652 0,1157734
3 0,7582812 0,5892408 0,1681161 0,2171583
3 0,5536981 0,6296291 0,1416901 0,2109209
3 0,6043726 0,1155083 0,1079496 0,1856731
4 0,4437576 0,5304929 0,07906625 0,2466837
5 0,9465616 0,6059999 0,09762418 0,1398778
5 0,3865041 0,2850627 0,01282066 0,04209334
5 0,5516697 0,479408 0,02354592 0,04120773
6 0,5987533 0,1189496 0,03646958 0,07521915
6 0,6214966 0,08527452 0,04134601 0,08556575
6 0,7819302 0,571123 0,05466074 0,09943432
6 0,5728194 0,616803 0,04419833 0,09614053
6 0,4420173 0,466373 0,03109929 0,06443
6 0,4369341 0,4587479 0,02690849 0,05546957
