0 0,5148647 0,2995798 0,01626909 0,0410676
0 0,5460894 0,2906716 0,01935655 0,0363878
0 0,4689874 0,2807106 0,01623622 0,02802473
0 0,4629722 0,2655254 0,01488891 0,02532417
1 0,4610068 0,2351021 0,02145839 0,03416073
2 0,6601686 0,4703174 0,03891802 0,04163843
2 0,635771 0,4349964 0,03433931 0,03518343
2 0,5118065 0,2955128 0,01770085 0,04866755
2 0,5442329 0,2990555 0,02314073 0,03843355
3 0,5273866 0,3591278 0,03663868 0,06721246
3 0,497313 0,3233777 0,03762701 0,04551446
3 0,3415031 0,9390264 0,1004186 0,430204
4 0,4695721 0,3103099 0,03527349 0,1117689
5 0,6884954 0,4942107 0,02588004 0,05597472
5 0,5246048 0,2890017 0,01253688 0,02409756
6 0,3401845 0,9711329 0,04977629 0,1389743
6 0,3463092 0,8726662 0,04339123 0,1172998
