0 0,3005772 0,0564239 0,08924222 0,2036766
0 0,459427 0,3952236 0,02341825 0,06786966
0 0,467178 0,4000798 0,02098557 0,06368876
1 0,4045488 0,3091663 0,02774587 0,04418731
2 0,5880774 0,4005628 0,03906655 0,03058362
2 0,5676578 0,3910009 0,03409183 0,02649593
2 0,4432251 0,2295904 0,01445028 0,01197642
2 0,445881 0,225087 0,01531217 0,01275301
2 0,2970352 0,03595471 0,117884 0,2620002
2 0,201739 0,004661202 0,168306 0,3124677
2 0,4636852 0,4019255 0,02550632 0,07802308
2 0,4629069 0,3948141 0,02174756 0,07348073
3 0,5490258 0,3960761 0,06819475 0,08372444
3 0,4617318 0,4233039 0,06442848 0,08433437
4 0,4147722 0,3903316 0,04367301 0,1305556
5 0,6110081 0,3933812 0,02266514 0,04951155
5 0,3706289 0,0521428 0,02930784 0,1049215
5 0,4955146 0,3647631 0,0154649 0,02823842
6 0,5631052 0,3887609 0,02129471 0,04197037
6 0,4718973 0,4180964 0,0199118 0,0417394
