0 0,59329 0,2772825 0,02618259 0,07730424
0 0,6072011 0,2851107 0,02415085 0,07381564
1 0,554543 0,1539626 0,02738416 0,04550213
2 0,6391447 0,4815425 0,04144007 0,0703887
2 0,6482666 0,4323874 0,03747874 0,05897182
2 0,595742 0,2882624 0,02915913 0,09106183
2 0,6040792 0,2754853 0,02559102 0,08679718
3 0,5915335 0,4225743 0,07226217 0,1209167
3 0,5356463 0,3393143 0,05798143 0,09141147
3 0,1484315 0,5268549 0,1285443 0,1849095
4 0,5416346 0,2454001 0,05343473 0,1397302
5 0,630726 0,5186031 0,0223794 0,07695833
5 0,6564758 0,2707115 0,01947236 0,03978121
6 0,1396223 0,5388305 0,03631937 0,07415807
6 0,1743262 0,5055827 0,03330015 0,06850311
6 0,6083304 0,4342636 0,02362996 0,05668759
6 0,54443 0,3444223 0,01854318 0,04387158
6 0,5309857 0,2185932 0,01557773 0,03463215
6 0,5414002 0,2058234 0,01491553 0,03256983
