0 0,5491183 0,3180482 0,0296675 0,09144974
0 0,548384 0,3065477 0,02581847 0,08314294
1 0,5053977 0,235468 0,03423202 0,07137126
2 0,7194781 0,4518915 0,04060131 0,06437361
2 0,6859872 0,4012987 0,0367558 0,05585784
2 0,5530673 0,3257094 0,03460193 0,1074325
2 0,5446158 0,3009818 0,02967465 0,1005331
3 0,6987716 0,4695567 0,06945282 0,1291342
3 0,6126891 0,4786077 0,06990623 0,1350392
4 0,5278547 0,360921 0,07295614 0,2150809
5 0,7580705 0,4923862 0,03150052 0,0652256
5 0,5652598 0,2408826 0,01885599 0,04134506
6 0,7079308 0,4562265 0,02503181 0,0543437
6 0,620046 0,4684976 0,02366889 0,05661988
6 0,5435629 0,3531268 0,02083921 0,05267626
6 0,5270252 0,3183509 0,01912057 0,04867816
