0 0,5521818 0,3542168 0,02516687 0,08413994
0 0,5609238 0,352347 0,02309918 0,07752013
1 0,498033 0,2313168 0,02910551 0,05127168
2 0,7168561 0,5946071 0,06058955 0,06772405
2 0,6888257 0,516513 0,05023664 0,05318543
2 0,5563524 0,3651747 0,02738875 0,1012806
2 0,5565724 0,3435482 0,02307403 0,09534341
3 0,6625059 0,5703275 0,101723 0,1159805
3 0,548693 0,4978655 0,07523447 0,09921512
4 0,5016688 0,3535751 0,04229704 0,18461
5 0,7542527 0,6690924 0,04365903 0,09384048
5 0,5990251 0,3096868 0,01947141 0,03648263
6 0,6833777 0,5695398 0,03440201 0,05973318
6 0,5613055 0,4968229 0,02324903 0,05167568
6 0,4996613 0,3324924 0,01715356 0,04211539
6 0,4996886 0,3055933 0,01573831 0,03837889
