0 0,6098815 0,4223815 0,04622239 0,1184936
0 0,6289935 0,4032936 0,04568589 0,1112566
1 0,5790026 0,2138637 0,03261721 0,05186844
2 0,3590665 0,5850763 0,07715189 0,1046726
2 0,4461625 0,5632447 0,05886579 0,09660849
2 0,6188925 0,4267794 0,05305004 0,1589825
2 0,6216831 0,3963724 0,04974103 0,1397198
3 0,3751271 0,4638988 0,08035699 0,158969
3 0,4405754 0,4398252 0,05525303 0,1393471
3 0,2241504 0,3585726 0,0686256 0,05226058
4 0,5372754 0,3249264 0,08998585 0,1501814
5 0,2713746 0,5719391 0,06301764 0,1099696
5 0,7483267 0,4312194 0,05803496 0,08045644
6 0,2198936 0,3611897 0,02137688 0,03080112
6 0,2368103 0,358882 0,02038333 0,03052652
6 0,3621773 0,5048503 0,03631699 0,09169251
6 0,4406828 0,451244 0,02147499 0,07168263
6 0,5071698 0,2776694 0,01436871 0,03683573
6 0,5371953 0,2741349 0,01536518 0,03621119
