0 0,6252132 0,4961044 0,06603462 0,1704021
0 0,6485224 0,4613794 0,06340748 0,1526996
1 0,5818 0,2113518 0,04174346 0,06662339
2 0,1871436 0,8820732 0,2180757 0,3120818
2 0,3517999 0,8254847 0,1382395 0,2712137
2 0,6380396 0,5040615 0,07744366 0,2283371
2 0,6384472 0,4509054 0,06826431 0,1885695
3 0,2694101 0,5954405 0,1907251 0,3157513
3 0,3789165 0,5441986 0,1110332 0,2542386
3 0,1574931 0,3847572 0,08993376 0,06473523
4 0,5290213 0,3518038 0,1136142 0,1941162
5 0,006140887 0,8831666 0,1796281 0,2445139
5 0,83676 0,5334522 0,1009632 0,1341469
6 0,1523311 0,387913 0,02964222 0,03786784
6 0,1730144 0,3849586 0,02816668 0,03746033
6 0,2151731 0,7054636 0,09601797 0,1879219
6 0,3739837 0,5702035 0,04382679 0,1224379
6 0,4904786 0,2924676 0,01752838 0,04772836
6 0,5288147 0,2877488 0,01902008 0,04669404
