0 0,4678003 0,5085449 0,02833831 0,07246864
0 0,4362394 0,518718 0,03211465 0,07927874
1 0,4114223 0,380227 0,04233572 0,05586672
2 0,6157069 0,4836071 0,02253085 0,01832181
2 0,582248 0,483157 0,02268308 0,01760912
2 0,4664243 0,5073456 0,03058657 0,09488195
2 0,4359247 0,5182643 0,03685352 0,1046389
3 0,6171968 0,4755441 0,03055811 0,06339154
3 0,5804005 0,4797868 0,03308809 0,06350127
4 0,4590438 0,4903197 0,1050959 0,1690134
5 0,648393 0,4701905 0,01715386 0,03373098
6 0,6168761 0,4669816 0,0104537 0,03144544
6 0,5810561 0,4764481 0,011962 0,03301156
6 0,4879456 0,4332518 0,02080783 0,04323608
6 0,4560423 0,4354921 0,0214619 0,04154837
