0 0,6613274 0,5478158 0,07703465 0,1799001
0 0,6853887 0,4609534 0,07712698 0,1698203
1 0,6462398 0,0846771 0,06229281 0,1365861
2 0,672687 0,5676274 0,0935384 0,2240448
2 0,6767219 0,439678 0,08800334 0,2010485
3 0,3504221 0,7793968 0,1112695 0,4374868
3 0,4400163 0,6856467 0,07600561 0,3813248
3 0,102695 0,05858105 0,1176237 0,09854412
4 0,56991 0,2422057 0,1413345 0,2596995
5 0,8398235 0,73857 0,08885813 0,1517965
6 0,0967278 0,06182867 0,0404612 0,06078762
6 0,1229583 0,06123221 0,03808898 0,060206
6 0,3379678 0,9944189 0,05253902 0,1731254
6 0,4414616 0,7471085 0,02928656 0,1365494
6 0,530946 0,1754932 0,0241403 0,08305949
6 0,5753778 0,172144 0,0275082 0,08143044
