1 0,5052806 0,4041981 0,03511646 0,04703951
2 0,7601742 0,5984427 0,04915106 0,04438487
2 0,7121737 0,5696631 0,04251653 0,03623825
2 0,2987621 0,2445366 0,01629132 0,01049078
3 0,7398667 0,5905864 0,07722455 0,1070144
3 0,6854012 0,5667298 0,07006669 0,09244728
4 0,5308559 0,5145817 0,08105353 0,1762395
5 0,8165326 0,611561 0,03756833 0,06531268
5 0,02864569 0,01806998 0,05304823 0,09321439
5 0,5663138 0,486949 0,01865244 0,0314616
6 0,7555082 0,5779811 0,02617496 0,05028397
6 0,6915718 0,5626879 0,02375644 0,04629919
6 0,5485236 0,477393 0,02266204 0,04310453
6 0,5292008 0,465914 0,02047873 0,0387975
