0 0,3985883 0,1099758 0,0207687 0,0556913
0 0,376442 0,1390203 0,01987198 0,05717063
1 0,799462 0,6431249 0,1603382 0,3087053
2 0,2987671 0,5548056 0,05627862 0,1100321
2 0,2940052 0,6710823 0,06730643 0,1481811
2 0,4005086 0,1170911 0,02524334 0,06420821
2 0,3728772 0,1330269 0,02094644 0,0651018
3 0,3678702 0,47236 0,09952641 0,1725782
3 0,3945381 0,547929 0,1103827 0,2084889
3 0,5251397 0,1445339 0,03403252 0,05929428
4 0,6487586 0,6386358 0,2289354 0,572242
5 0,2990188 0,4569399 0,02452165 0,08458605
6 0,5235198 0,1442251 0,0127064 0,0280602
6 0,5297021 0,1521429 0,01321948 0,02905983
6 0,3209315 0,5025339 0,03424171 0,08250648
6 0,375949 0,5629474 0,03548592 0,09320062
6 0,6167014 0,4648701 0,04377985 0,1002568
6 0,663804 0,5576627 0,05392885 0,1215436
