0 0,4313385 0,4076161 0,02752224 0,0623818
0 0,4686066 0,3724273 0,02592573 0,04861391
0 0,4665967 0,3984326 0,02814266 0,05605018
0 0,419122 0,385151 0,02951202 0,05177808
1 0,4131678 0,3319647 0,04185653 0,06871557
2 0,7211031 0,4569558 0,03396052 0,0365991
2 0,6810981 0,4455779 0,02874774 0,03419286
2 0,4269908 0,4043063 0,03130978 0,07418346
2 0,466863 0,3845879 0,03186998 0,05178332
3 0,4805431 0,4448741 0,04793936 0,09205323
4 0,4595362 0,4510679 0,1010756 0,1937323
5 0,7617224 0,4535033 0,02672946 0,04442877
5 0,442733 0,3851328 0,01869005 0,03594786
