0 0,6547931 0,1648768 0,0491814 0,1145667
0 0,6048208 0,1205311 0,04150599 0,1273745
0 0,5435888 0,4213039 0,02572984 0,08201063
0 0,5246864 0,4117424 0,02456623 0,07822853
1 0,4632308 0,2653594 0,03479883 0,04568142
2 0,6909698 0,565791 0,08926237 0,07616675
2 0,6639069 0,5099118 0,06629497 0,05182752
2 0,6598572 0,1488815 0,06185716 0,1369726
2 0,5975405 0,1370409 0,04205465 0,1416239
2 0,5488689 0,4211134 0,02924377 0,1074596
2 0,5191675 0,4092656 0,02666575 0,1027085
3 0,597249 0,503808 0,1347517 0,1471143
3 0,5706838 0,4626303 0,1033345 0,1098407
4 0,4545803 0,3700992 0,06891704 0,1546097
5 0,7340168 0,6065889 0,06440204 0,1452909
5 0,6943663 0,1682083 0,02449393 0,05496895
5 0,5900209 0,3932629 0,01942229 0,03544772
6 0,6595004 0,5115886 0,04659623 0,08383042
6 0,5885919 0,4644628 0,03030664 0,0626595
6 0,4403408 0,3201543 0,02328727 0,0388326
6 0,4520609 0,3181519 0,02056864 0,03491539
