0 0,2976831 0,04827297 0,1010603 0,2294146
0 0,4753651 0,3965672 0,02289701 0,06302422
0 0,4562753 0,4002855 0,02214777 0,06361729
1 0,4045488 0,3091663 0,02774587 0,04418731
2 0,5880774 0,4005628 0,03906655 0,03058362
2 0,5676578 0,3910009 0,03409183 0,02649593
2 0,4432251 0,2295904 0,01445028 0,01197642
2 0,445881 0,225087 0,01531217 0,01275301
2 0,2963452 0,01386613 0,1277119 0,278662
2 0,478143 0,3948666 0,02603695 0,08175218
2 0,4526691 0,4003704 0,02464595 0,082596
3 0,5490258 0,3960761 0,06819475 0,08372444
3 0,5230125 0,3926315 0,06114736 0,07518357
4 0,4147722 0,3903316 0,04367301 0,1305556
5 0,6110081 0,3933812 0,02266514 0,04951155
5 0,3706289 0,0521428 0,02930784 0,1049215
5 0,4955146 0,3647631 0,0154649 0,02823842
6 0,5748664 0,3826666 0,02116007 0,04121929
6 0,5320371 0,3881044 0,01906949 0,03809375
