0 0,4264157 0,3130149 0,05758706 0,1836311
0 0,3575773 0,3735511 0,08704051 0,2202597
1 0,2790094 0,0627625 0,248998 0,3361292
2 0,6561074 0,1912808 0,05091238 0,04611158
2 0,6049995 0,1914849 0,04579318 0,04647315
2 0,4196208 0,3044107 0,06368747 0,2318897
2 0,3602862 0,3828431 0,1050404 0,2842304
3 0,6956378 0,2055022 0,1069314 0,1543314
3 0,6451459 0,2232956 0,09826928 0,1675637
4 0,4987449 0,4569022 0,4264975 0,6107861
5 0,7046922 0,1689143 0,03660929 0,05988783
6 0,67191 0,1717659 0,03209847 0,06341177
6 0,6368996 0,2083834 0,03296888 0,07333636
6 0,619377 0,2952085 0,08015054 0,1949115
6 0,497468 0,2998568 0,05308717 0,198475
