0 0,4945281 0,3142819 0,01642743 0,05205494
1 0,4610068 0,2351021 0,02145839 0,03416073
2 0,5995833 0,3842651 0,0279119 0,02668685
2 0,5847372 0,3626519 0,02541023 0,02348894
2 0,4920161 0,3141182 0,01779875 0,06764805
3 0,5734422 0,3751313 0,04839927 0,05946594
3 0,5536525 0,3566847 0,04460979 0,05431199
3 0,3415031 0,9390264 0,1004186 0,430204
4 0,4695721 0,3103099 0,03527349 0,1117689
5 0,6159035 0,3951436 0,01635259 0,03913385
5 0,5246048 0,2890017 0,01253688 0,02409756
6 0,3401845 0,9711329 0,04977629 0,1389743
6 0,3463092 0,8726662 0,04339123 0,1172998
6 0,5914946 0,3702072 0,01551449 0,03054214
6 0,5600786 0,3549934 0,01401526 0,02860343
6 0,4718862 0,2904059 0,01232147 0,02671772
6 0,4678027 0,279972 0,01166424 0,02510327
