0 0,4673718 0,4335849 0,02701053 0,07929796
0 0,4365391 0,441847 0,03095958 0,08615679
1 0,4131678 0,3319647 0,04185653 0,06871557
2 0,5797626 0,4184989 0,02284956 0,02858454
2 0,4660181 0,4303172 0,02902541 0,1012293
2 0,4362873 0,4435385 0,03545272 0,1112712
3 0,577551 0,4309584 0,03440094 0,08425719
4 0,4595362 0,4510679 0,1010756 0,1937323
5 0,442733 0,3851328 0,01869005 0,03594786
6 0,6138066 0,4163762 0,01157945 0,03698963
6 0,5784231 0,4244567 0,01270407 0,0387103
6 0,4883882 0,4087906 0,01974127 0,05167383
6 0,4571643 0,399896 0,02060831 0,04926616
