0 0,4417154 0,2132687 0,01446068 0,04344726
0 0,4211474 0,234589 0,01376316 0,04397786
1 0,5099149 0,6735555 0,07764179 0,175054
2 0,3006576 0,5230929 0,04418826 0,05618051
2 0,2829983 0,5913162 0,0519582 0,06993851
2 0,442756 0,2192624 0,01792797 0,04990834
2 0,4183835 0,2295955 0,01422745 0,05040967
3 0,3481836 0,4856069 0,07414567 0,09717217
3 0,3518912 0,541128 0,08217669 0,1136817
3 0,5348015 0,2637678 0,02487946 0,05225879
4 0,4886381 0,6698811 0,08521688 0,4032044
5 0,3117665 0,4597835 0,02007723 0,05422103
6 0,5339639 0,263068 0,01076168 0,02317858
6 0,5370963 0,2714084 0,01117277 0,02400899
6 0,3158955 0,4937472 0,02574554 0,04914701
6 0,3385199 0,545549 0,0269388 0,05558732
6 0,4849509 0,5375476 0,02528557 0,06749091
6 0,4917408 0,6098923 0,02897885 0,07902473
