0 0,6370485 0,4427769 0,03669441 0,1110252
0 0,609308 0,3879108 0,03093767 0,0916999
1 0,5790026 0,2138637 0,03261721 0,05186844
2 0,3590665 0,5850763 0,07715189 0,1046726
2 0,4461625 0,5632447 0,05886579 0,09660849
2 0,6476007 0,4403566 0,03808343 0,1421753
2 0,6012669 0,3891751 0,02983886 0,116552
3 0,3751271 0,4638988 0,08035699 0,158969
3 0,4397322 0,4519169 0,05887485 0,1512563
3 0,2241504 0,3585726 0,0686256 0,05226058
4 0,5372621 0,3366427 0,08998585 0,1742426
5 0,2713746 0,5719391 0,06301764 0,1099696
5 0,7483267 0,4312194 0,05803496 0,08045644
6 0,2198936 0,3611897 0,02137688 0,03080112
6 0,2368103 0,358882 0,02038333 0,03052652
6 0,3543654 0,5279608 0,04056534 0,10177
6 0,439747 0,4647553 0,02286434 0,07715887
6 0,50743 0,306991 0,01423806 0,03778732
6 0,5371637 0,3031227 0,0152151 0,03714222
