0 0,6660247 0,5355234 0,05642426 0,1649237
0 0,6213559 0,4364848 0,04150134 0,1219912
1 0,5818 0,2113518 0,04174346 0,06662339
2 0,1871436 0,8820732 0,2180757 0,3120818
2 0,3517999 0,8254847 0,1382395 0,2712137
2 0,6812763 0,5327385 0,06186503 0,2132917
2 0,6108528 0,4376717 0,04020107 0,154929
3 0,2694101 0,5954405 0,1907251 0,3157513
3 0,3720954 0,5720116 0,1257059 0,2915383
3 0,1574931 0,3847572 0,08993376 0,06473523
4 0,5290456 0,3664696 0,1136142 0,2244064
5 0,006140887 0,8831666 0,1796281 0,2445139
5 0,83676 0,5334522 0,1009632 0,1341469
6 0,1523311 0,387913 0,02964222 0,03786784
6 0,1730144 0,3849586 0,02816668 0,03746033
6 0,1780115 0,7788811 0,1212347 0,2304758
6 0,3659777 0,6031106 0,04952133 0,1384132
6 0,4910146 0,3294904 0,01733574 0,04923826
6 0,5288765 0,3242416 0,01879072 0,04816312
