0 0,8525289 0,474699 0,03866017 0,05598721
0 0,8331085 0,4597321 0,03641289 0,05334491
0 0,4254699 0,2858131 0,02580583 0,06179273
0 0,3510585 0,2675006 0,02991459 0,06589532
1 0,344171 0,1892737 0,04224044 0,09025991
2 0,5724122 0,3566989 0,02487779 0,02162427
2 0,8545629 0,47207 0,04622388 0,07278556
2 0,8323046 0,4722347 0,04344714 0,05706036
3 0,4068475 0,3566159 0,03765211 0,09632677
3 0,9269181 0,5839099 0,1033827 0,1077196
4 0,4118038 0,3531659 0,1239393 0,2162549
5 0,5932704 0,3505934 0,01516241 0,02917379
5 0,8508118 0,4635306 0,02151543 0,03237575
6 0,9293046 0,5863379 0,04712224 0,06347328
6 0,917332 0,5885245 0,04776925 0,06545785
