0 0,4706828 0,5013156 0,0176298 0,05779484
0 0,4311558 0,5244513 0,026586 0,07611594
1 0,4114223 0,380227 0,04233572 0,05586672
2 0,6157069 0,4836071 0,02253085 0,01832181
2 0,582248 0,483157 0,02268308 0,01760912
2 0,4348213 0,52742 0,02782801 0,1002802
3 0,6171968 0,4755441 0,03055811 0,06339154
3 0,5816138 0,476027 0,0317921 0,06091818
4 0,4593644 0,5033105 0,1055048 0,1976649
5 0,648393 0,4701905 0,01715386 0,03373098
6 0,6169295 0,4635013 0,01011652 0,03036046
6 0,582241 0,4728935 0,01153141 0,03188103
6 0,456845 0,4676539 0,02131081 0,04247189
