0 0,6955837 0,6451488 0,06531966 0,1488085
0 0,660677 0,3955212 0,05466151 0,1397932
1 0,6462398 0,0846771 0,06229281 0,1365861
2 0,7094003 0,6485493 0,07364386 0,2022629
2 0,6498547 0,390815 0,05652368 0,1818074
3 0,3504221 0,7793968 0,1112695 0,4374868
3 0,4402478 0,7518102 0,08050856 0,4159639
3 0,102695 0,05858105 0,1176237 0,09854412
4 0,568635 0,2565344 0,1420171 0,2844124
5 0,8398235 0,73857 0,08885813 0,1517965
6 0,0967278 0,06182867 0,0404612 0,06078762
6 0,1229583 0,06123221 0,03808898 0,060206
6 0,44172 0,8203925 0,03094986 0,1462738
6 0,5291068 0,2144789 0,02310562 0,08069855
6 0,5719894 0,2105368 0,02624357 0,07916021
