0 0,6135575 0,5263692 0,03212976 0,1032337
1 0,5747445 0,2297707 0,03169996 0,06879061
2 0,38649 0,7280516 0,05265361 0,1281526
2 0,4535129 0,7074856 0,04415977 0,1219746
2 0,6224856 0,5263468 0,03275722 0,1360688
3 0,3916937 0,570662 0,05937994 0,2006357
3 0,4456443 0,5583091 0,04720235 0,193805
3 0,226983 0,2873043 0,06698772 0,05998886
4 0,5321949 0,3438793 0,08492297 0,1807104
5 0,3195437 0,7275103 0,04508871 0,09188306
5 0,7039874 0,5508155 0,04598236 0,08749056
6 0,2229329 0,2897061 0,0210017 0,03554875
6 0,2394818 0,2878915 0,02001475 0,03528565
6 0,3819289 0,6880205 0,02833375 0,09930906
6 0,4462859 0,5838498 0,0183773 0,08034405
6 0,5046844 0,3165376 0,01319286 0,04542691
6 0,5327561 0,3127767 0,01460266 0,0447821
