0 0,6668838 0,1627124 0,05214417 0,1074741
0 0,5659651 0,1024082 0,03933871 0,1427038
0 0,5668552 0,4221551 0,01829368 0,0692296
0 0,5054665 0,4086348 0,02071857 0,07014722
1 0,4632308 0,2653594 0,03479883 0,04568142
2 0,6909698 0,565791 0,08926237 0,07616675
2 0,6639069 0,5099118 0,06629497 0,05182752
2 0,6738637 0,1411957 0,06321752 0,1162072
2 0,5591637 0,1254069 0,04688132 0,1456447
2 0,5685043 0,4183292 0,02645624 0,082627
2 0,5020042 0,4117152 0,02747402 0,08896405
3 0,597249 0,503808 0,1347517 0,1471143
3 0,5899471 0,4647215 0,1061062 0,1113483
4 0,4547011 0,3821919 0,0689663 0,1815032
5 0,7340168 0,6065889 0,06440204 0,1452909
5 0,6943663 0,1682083 0,02449393 0,05496895
5 0,5900209 0,3932629 0,01942229 0,03544772
6 0,6885747 0,5153079 0,05057752 0,08543947
6 0,608216 0,4666157 0,03230757 0,06347102
6 0,440787 0,3532463 0,02307385 0,03989446
6 0,4523743 0,3480135 0,02040169 0,03578049
