0 0,4767135 0,1817157 0,01496202 0,05763459
0 0,4279848 0,1842432 0,01901749 0,06535548
1 0,3878646 0,07363743 0,03080758 0,05204034
2 0,5710242 0,2875019 0,03644496 0,04380774
2 0,553341 0,2521574 0,03268266 0,03761202
2 0,4766197 0,1767434 0,01940343 0,06766433
2 0,4267395 0,1893285 0,02512431 0,08032364
3 0,534517 0,2809024 0,06475621 0,09436512
3 0,5199342 0,2467377 0,0587692 0,08342665
4 0,4005558 0,1934889 0,04798099 0,1865442
5 0,5911782 0,3097935 0,02167279 0,05856586
5 0,4835109 0,1401273 0,01550978 0,03382587
6 0,5705659 0,2662984 0,02059102 0,04497719
6 0,5287337 0,2433445 0,01806974 0,04185122
6 0,3990909 0,1851355 0,01785198 0,04066873
6 0,3968558 0,1659064 0,01673532 0,03774065
