0 0,5791473 0,573751 0,01922333 0,05751818
0 0,529466 0,571445 0,0233404 0,06695247
1 0,5056318 0,4390863 0,03550723 0,04576123
2 0,7641399 0,6487339 0,05016387 0,03832698
2 0,7144172 0,6223814 0,04323006 0,03084207
2 0,3052745 0,3554558 0,01548386 0,01004356
2 0,5765333 0,5701124 0,02065003 0,06841642
3 0,743495 0,63104 0,07774442 0,09464258
3 0,6946291 0,6067447 0,06904048 0,07878959
3 0,206878 0,003130436 0,2081873 0,504644
4 0,5300874 0,5576441 0,08334202 0,1909305
5 0,8224419 0,6582853 0,03763193 0,06401351
5 0,0583927 0,1914424 0,04383761 0,07789677
5 0,5658355 0,5449126 0,0188821 0,0291591
6 0,2121779 0,01390088 0,07834415 0,1797411
6 0,7656927 0,6213994 0,025451 0,04641971
6 0,7005798 0,6048342 0,02333766 0,04257655
