0 0,6254039 0,3015322 0,01926368 0,06143314
0 0,5817756 0,2682366 0,01971549 0,06191385
1 0,554543 0,1539626 0,02738416 0,04550213
2 0,6391447 0,4815425 0,04144007 0,0703887
2 0,6482666 0,4323874 0,03747874 0,05897182
2 0,6281141 0,2972814 0,02542925 0,07289141
2 0,5783893 0,2713102 0,0243507 0,07634038
3 0,5915335 0,4225743 0,07226217 0,1209167
3 0,6038082 0,3838179 0,06667137 0,1058232
3 0,1484315 0,5268549 0,1285443 0,1849095
4 0,5414153 0,2536646 0,05360514 0,1564441
5 0,630726 0,5186031 0,0223794 0,07695833
5 0,6564758 0,2707115 0,01947236 0,03978121
6 0,1396223 0,5388305 0,03631937 0,07415807
6 0,1743262 0,5055827 0,03330015 0,06850311
6 0,6380047 0,4556879 0,02528578 0,06000847
6 0,61454 0,3904595 0,02151948 0,04999393
6 0,5304951 0,2433531 0,01534283 0,03471625
6 0,5407894 0,2295144 0,01470017 0,03265423
