0 0,5749082 0,3041039 0,01930505 0,06360096
0 0,5284741 0,3212951 0,02153748 0,0747
1 0,5053977 0,235468 0,03423202 0,07137126
2 0,7194781 0,4518915 0,04060131 0,06437361
2 0,6859872 0,4012987 0,0367558 0,05585784
2 0,5728521 0,2967439 0,02155095 0,07324183
2 0,5293489 0,3294009 0,0252983 0,08974898
3 0,6987716 0,4695567 0,06945282 0,1291342
3 0,6662584 0,4173487 0,06329584 0,1142629
4 0,527631 0,370024 0,07295614 0,2324823
5 0,7580705 0,4923862 0,03150052 0,0652256
5 0,5652598 0,2408826 0,01885599 0,04134506
6 0,723135 0,4360033 0,02464879 0,05222231
6 0,6724457 0,4093578 0,02237517 0,04955059
6 0,5425308 0,3807682 0,02033824 0,05207741
6 0,5264085 0,3450518 0,01869726 0,04818189
