0 0,419046 0,2719442 0,03542796 0,1361029
0 0,3573014 0,4283499 0,07675353 0,2228526
1 0,2790094 0,0627625 0,248998 0,3361292
2 0,6561074 0,1912808 0,05091238 0,04611158
2 0,6049995 0,1914849 0,04579318 0,04647315
2 0,4082013 0,2664973 0,03113264 0,1774698
2 0,3711522 0,4404834 0,07395533 0,2966658
3 0,6956378 0,2055022 0,1069314 0,1543314
3 0,6372702 0,2070256 0,09069437 0,1558237
4 0,4987203 0,4908964 0,4264975 0,6632043
5 0,7046922 0,1689143 0,03660929 0,05988783
6 0,663245 0,1589133 0,02988786 0,06008583
6 0,6297993 0,1935262 0,03066713 0,06931859
6 0,6108764 0,3961014 0,07234049 0,1903435
6 0,4974937 0,4019051 0,04879308 0,1936907
