0 0,5215636 0,3167061 0,0117926 0,04163259
0 0,4847063 0,3164132 0,01339039 0,04666221
1 0,4610068 0,2351021 0,02145839 0,03416073
2 0,5995833 0,3842651 0,0279119 0,02668685
2 0,5847372 0,3626519 0,02541023 0,02348894
2 0,521222 0,3134016 0,01482713 0,04914135
2 0,4841037 0,3196942 0,01712692 0,05760795
3 0,5734422 0,3751313 0,04839927 0,05946594
3 0,5607051 0,3550161 0,04448593 0,05375206
3 0,3415031 0,9390264 0,1004186 0,430204
4 0,4696659 0,3173845 0,0353367 0,1263428
5 0,6159035 0,3951436 0,01635259 0,03913385
5 0,5246048 0,2890017 0,01253688 0,02409756
6 0,3401845 0,9711329 0,04977629 0,1389743
6 0,3463092 0,8726662 0,04339123 0,1172998
6 0,5993667 0,3681345 0,01557142 0,03025413
6 0,5670463 0,3533624 0,01404804 0,02835882
6 0,4721078 0,3088527 0,01221189 0,0268479
6 0,4680471 0,2975381 0,01156592 0,02522355
