0 0,4702019 0,4200887 0,01669794 0,06169611
0 0,4317519 0,4539136 0,02551603 0,08124185
1 0,4131678 0,3319647 0,04185653 0,06871557
2 0,5797626 0,4184989 0,02284956 0,02858454
2 0,4661839 0,4164542 0,01562089 0,07716686
2 0,4353447 0,4590047 0,02649015 0,1048159
3 0,5789862 0,4239731 0,03316289 0,0806976
4 0,4597171 0,4631922 0,1010756 0,2188923
5 0,442733 0,3851328 0,01869005 0,03594786
6 0,614181 0,4095428 0,01123017 0,03563821
6 0,5798208 0,4178421 0,01229441 0,03735822
6 0,4884832 0,4404548 0,0194827 0,05271226
6 0,4576408 0,4304964 0,02032959 0,05024076
