0 0,5216551 0,7536542 0,01196384 0,04130732
0 0,4833121 0,7519298 0,01386645 0,04587851
1 0,4609042 0,6632729 0,02086177 0,02715898
2 0,6070969 0,7902295 0,03056526 0,01950295
2 0,5898122 0,777906 0,02737713 0,01694471
2 0,4195266 0,5616499 0,01551479 0,01034686
2 0,4206288 0,5563371 0,01653954 0,01129809
2 0,5212533 0,7514469 0,01496482 0,04997437
2 0,4826533 0,7540621 0,01778907 0,05827303
3 0,5782127 0,7739678 0,0514344 0,05164301
3 0,5637345 0,7638232 0,04675931 0,04626054
4 0,4677601 0,7377121 0,03582948 0,1140298
5 0,6254421 0,7893757 0,01746047 0,03799546
5 0,5243751 0,7354507 0,01268101 0,02157956
6 0,605599 0,7707434 0,0161472 0,02901541
6 0,5703948 0,763142 0,01454234 0,02694969
6 0,4705286 0,7206435 0,01245362 0,02399048
6 0,4665392 0,7165649 0,01169473 0,02244258
