0 0,6591614 0,4449075 0,04220855 0,117289
0 0,5935241 0,3850134 0,02622014 0,08759034
1 0,5790026 0,2138637 0,03261721 0,05186844
2 0,3590665 0,5850763 0,07715189 0,1046726
2 0,4461625 0,5632447 0,05886579 0,09660849
2 0,6685109 0,4408081 0,04483753 0,149785
2 0,5862495 0,3889618 0,0239622 0,1117469
3 0,3751271 0,4638988 0,08035699 0,158969
3 0,4397322 0,4519169 0,05887485 0,1512563
3 0,2241504 0,3585726 0,0686256 0,05226058
7 0,5372444 0,3523136 0,08998585 0,2060964
5 0,2713746 0,5719391 0,06301764 0,1099696
5 0,7483267 0,4312194 0,05803496 0,08045644
6 0,2198936 0,3611897 0,02137688 0,03080112
6 0,2368103 0,358882 0,02038333 0,03052652
6 0,3525231 0,5334101 0,04159352 0,1041979
6 0,4388242 0,4801273 0,02451473 0,08358818
6 0,5078031 0,3490604 0,01405007 0,03910804
6 0,5371184 0,3447254 0,01499999 0,0384351
