0 0,6986235 0,5413427 0,0668596 0,1766234
0 0,6007081 0,4314023 0,03453445 0,1153511
1 0,5818 0,2113518 0,04174346 0,06662339
2 0,1871436 0,8820732 0,2180757 0,3120818
2 0,3517999 0,8254847 0,1382395 0,2712137
2 0,7118075 0,5349499 0,07442898 0,2260549
2 0,5913512 0,4365259 0,03171611 0,1478328
3 0,2694101 0,5954405 0,1907251 0,3157513
3 0,3720954 0,5720116 0,1257059 0,2915383
3 0,1574931 0,3847572 0,08993376 0,06473523
7 0,5290783 0,3860378 0,1136142 0,2642863
5 0,006140887 0,8831666 0,1796281 0,2445139
5 0,83676 0,5334522 0,1009632 0,1341469
6 0,1523311 0,387913 0,02964222 0,03786784
6 0,1730144 0,3849586 0,02816668 0,03746033
6 0,1685348 0,7976019 0,1281334 0,2419174
6 0,3564135 0,6433601 0,05695972 0,1590736
6 0,4917788 0,3822688 0,01705992 0,05130047
6 0,5289649 0,3762894 0,01846355 0,05017167
