0 0,4361259 0,5282294 0,02488166 0,07752135
1 0,4114223 0,380227 0,04233572 0,05586672
2 0,6157069 0,4836071 0,02253085 0,01832181
2 0,582248 0,483157 0,02268308 0,01760912
2 0,4417441 0,5314196 0,02504003 0,1010882
3 0,6171968 0,4755441 0,03055811 0,06339154
3 0,5816138 0,476027 0,0317921 0,06091818
7 0,4597951 0,5207595 0,1060519 0,2359082
5 0,648393 0,4701905 0,01715386 0,03373098
6 0,6169403 0,4627874 0,01004708 0,03013867
6 0,5832983 0,4695267 0,01115942 0,03085679
6 0,489564 0,5154043 0,0204483 0,04651558
6 0,4580091 0,5143046 0,02109221 0,04456556
