0 0,6317012 0,5346801 0,03645796 0,1094271
0 0,5820438 0,4078121 0,02499443 0,08780271
1 0,5747445 0,2297707 0,03169996 0,06879061
2 0,38649 0,7280516 0,05265361 0,1281526
2 0,4535129 0,7074856 0,04415977 0,1219746
2 0,6398472 0,5310572 0,0382725 0,1427414
2 0,5753279 0,4109334 0,02291304 0,1144873
3 0,3916937 0,570662 0,05937994 0,2006357
3 0,4456443 0,5583091 0,04720235 0,193805
3 0,226983 0,2873043 0,06698772 0,05998886
7 0,5318919 0,3575476 0,08492297 0,2068272
5 0,3195437 0,7275103 0,04508871 0,09188306
5 0,7039874 0,5508155 0,04598236 0,08749056
6 0,2229329 0,2897061 0,0210017 0,03554875
6 0,2394818 0,2878915 0,02001475 0,03528565
6 0,3811006 0,6973084 0,02879676 0,1010655
6 0,446277 0,6137954 0,01929772 0,0856024
6 0,504518 0,3535685 0,01287642 0,04541343
6 0,5319457 0,3494661 0,01422226 0,044774
