0 0,4070944 0,1107385 0,01916572 0,0490939
0 0,349423 0,1583693 0,02053741 0,06035709
1 0,799462 0,6431249 0,1603382 0,3087053
2 0,2987671 0,5548056 0,05627862 0,1100321
2 0,2940052 0,6710823 0,06730643 0,1481811
2 0,4100049 0,1194601 0,02111477 0,05076021
2 0,3459583 0,1486483 0,02509579 0,06300348
3 0,3678702 0,47236 0,09952641 0,1725782
3 0,3744774 0,5621704 0,1147505 0,2152341
3 0,5251397 0,1445339 0,03403252 0,05929428
7 0,6433265 0,6781921 0,2325626 0,6348785
5 0,2990188 0,4569399 0,02452165 0,08458605
6 0,5235198 0,1442251 0,0127064 0,0280602
6 0,5297021 0,1521429 0,01321948 0,02905983
6 0,2935958 0,51937 0,03757608 0,08548757
6 0,3329562 0,5936106 0,03857645 0,09874961
6 0,6071441 0,5672123 0,03976148 0,09663615
6 0,6485059 0,6664376 0,04804301 0,1157465
