0 0,3650657 0,2828047 0,03556669 0,0834918
0 0,2115975 0,2542683 0,06757563 0,1181964
0 0,5528957 0,5132657 0,02582419 0,07912031
0 0,4758389 0,5524361 0,02792254 0,09518084
1 0,4262002 0,3933302 0,0438523 0,06928325
2 0,8193282 0,5917844 0,1065367 0,08409217
2 0,7344109 0,553062 0,07753915 0,06007701
2 0,3683504 0,265745 0,03849927 0,08697617
2 0,2094034 0,2761655 0,08198623 0,1185769
2 0,5496401 0,5096264 0,03046316 0,09736335
2 0,477299 0,559288 0,03801179 0,1209848
3 0,7582812 0,5892408 0,1681161 0,2171583
3 0,6827677 0,5507101 0,1270989 0,1598443
3 0,6043726 0,1155083 0,1079496 0,1856731
7 0,4456439 0,5673052 0,0827575 0,3338412
5 0,9465616 0,6059999 0,09762418 0,1398778
5 0,3865041 0,2850627 0,01282066 0,04209334
5 0,5516697 0,479408 0,02354592 0,04120773
6 0,5987533 0,1189496 0,03646958 0,07521915
6 0,6214966 0,08527452 0,04134601 0,08556575
6 0,8236026 0,5409585 0,05377567 0,09099048
6 0,71268 0,5318971 0,04058981 0,07485291
6 0,4478978 0,5817043 0,03065106 0,07141066
6 0,442138 0,5593032 0,02657339 0,06077966
