0 0,57591 0,5690267 0,01975393 0,05692872
1 0,5056318 0,4390863 0,03550723 0,04576123
2 0,7641399 0,6487339 0,05016387 0,03832698
2 0,7144172 0,6223814 0,04323006 0,03084207
2 0,3052745 0,3554558 0,01548386 0,01004356
2 0,5722227 0,5657634 0,02134097 0,06901941
3 0,743495 0,63104 0,07774442 0,09464258
3 0,6946291 0,6067447 0,06904048 0,07878959
3 0,206878 0,003130436 0,2081873 0,504644
7 0,5298208 0,5734859 0,08374989 0,2275111
5 0,8224419 0,6582853 0,03763193 0,06401351
5 0,0583927 0,1914424 0,04383761 0,07789677
5 0,5658355 0,5449126 0,0188821 0,0291591
6 0,2121779 0,01390088 0,07834415 0,1797411
6 0,7670695 0,6208248 0,02533573 0,04614982
6 0,7072853 0,6028997 0,02293241 0,04162058
6 0,5471417 0,5802785 0,02293062 0,04278052
