0 0,3204892 0,02372158 0,09440014 0,2199624
0 0,4911449 0,3852574 0,01648718 0,05144858
0 0,4383422 0,4096902 0,01780447 0,05869234
1 0,4045488 0,3091663 0,02774587 0,04418731
2 0,5880774 0,4005628 0,03906655 0,03058362
2 0,5676578 0,3910009 0,03409183 0,02649593
2 0,4432251 0,2295904 0,01445028 0,01197642
2 0,445881 0,225087 0,01531217 0,01275301
2 0,4897577 0,3833672 0,02077645 0,06462967
2 0,438807 0,4131762 0,02477446 0,07493508
3 0,5490258 0,3960761 0,06819475 0,08372444
3 0,5328687 0,3877071 0,06066108 0,07383549
7 0,4162888 0,4119247 0,04660103 0,177065
5 0,6110081 0,3933812 0,02266514 0,04951155
5 0,3706289 0,0521428 0,02930784 0,1049215
5 0,4955146 0,3647631 0,0154649 0,02823842
6 0,5883238 0,3756935 0,02100223 0,04036731
6 0,5512414 0,3785025 0,01885682 0,03701127
6 0,4155745 0,4143891 0,01674056 0,03646719
6 0,4141463 0,4072689 0,01550406 0,03357106
