0 0,5725726 0,2912241 0,01992047 0,06429309
0 0,5281158 0,3353085 0,02024841 0,07380545
1 0,5053977 0,235468 0,03423202 0,07137126
2 0,7194781 0,4518915 0,04060131 0,06437361
2 0,6859872 0,4012987 0,0367558 0,05585784
2 0,5694156 0,2849034 0,02220643 0,07530487
2 0,5308009 0,3439802 0,0242483 0,08712828
3 0,6987716 0,4695567 0,06945282 0,1291342
3 0,6662584 0,4173487 0,06329584 0,1142629
7 0,527334 0,3820978 0,07295614 0,2551149
5 0,7580705 0,4923862 0,03150052 0,0652256
5 0,5652598 0,2408826 0,01885599 0,04134506
6 0,7246754 0,4339542 0,02460879 0,05200905
6 0,6793385 0,4014275 0,02225071 0,04873919
6 0,5412713 0,4145027 0,01972878 0,05130869
6 0,5256538 0,3777411 0,01817983 0,04754204
