0 0,5222959 0,3118506 0,01238346 0,04195398
1 0,4610068 0,2351021 0,02145839 0,03416073
2 0,5995833 0,3842651 0,0279119 0,02668685
2 0,5847372 0,3626519 0,02541023 0,02348894
2 0,5209728 0,308841 0,01521987 0,05040258
3 0,5734422 0,3751313 0,04839927 0,05946594
3 0,5607051 0,3550161 0,04448593 0,05375206
3 0,3415031 0,9390264 0,1004186 0,430204
7 0,4697915 0,326858 0,03542072 0,145682
5 0,6159035 0,3951436 0,01635259 0,03913385
5 0,5246048 0,2890017 0,01253688 0,02409756
6 0,3401845 0,9711329 0,04977629 0,1389743
6 0,3463092 0,8726662 0,04339123 0,1172998
6 0,6010295 0,3676968 0,01558316 0,03019345
6 0,5739356 0,3517069 0,01410139 0,0281322
6 0,4724263 0,3353721 0,01205432 0,02702343
