0 0,7270085 0,4432287 0,0687387 0,1156037
0 0,7718813 0,4699677 0,1089035 0,1478265
0 0,5109764 0,2732715 0,02011198 0,03852588
0 0,5455374 0,2692607 0,02188134 0,03770167
0 0,5734627 0,2594903 0,02007633 0,03107697
1 0,5790026 0,2138637 0,03261721 0,05186844
2 0,06508726 0,6535153 0,1612652 0,1332965
2 0,1730961 0,6266404 0,1285495 0,1220434
2 0,726748 0,4210007 0,08073866 0,1202049
2 0,7665833 0,4944042 0,1244411 0,1593176
3 0,4964164 0,3950133 0,08187199 0,1119665
3 0,5525611 0,3767387 0,05367732 0,09029609
3 0,2241504 0,3585726 0,0686256 0,05226058
4 0,5372754 0,3249264 0,08998585 0,1501814
5 0,7483267 0,4312194 0,05803496 0,08045644
6 0,2198936 0,3611897 0,02137688 0,03080112
6 0,2368103 0,358882 0,02038333 0,03052652
