0 0,5223471 0,7510806 0,01253462 0,04134357
0 0,4803858 0,7539564 0,01300544 0,04622339
1 0,4609042 0,6632729 0,02086177 0,02715898
2 0,6070969 0,7902295 0,03056526 0,01950295
2 0,5898122 0,777906 0,02737713 0,01694471
2 0,4195266 0,5616499 0,01551479 0,01034686
2 0,4206288 0,5563371 0,01653954 0,01129809
2 0,520933 0,7490851 0,01533139 0,05086447
2 0,48111 0,7569405 0,01751745 0,05786332
3 0,5782127 0,7739678 0,0514344 0,05164301
3 0,5637345 0,7638232 0,04675931 0,04626054
7 0,4676785 0,7479862 0,03604791 0,137171
5 0,6254421 0,7893757 0,01746047 0,03799546
5 0,5243751 0,7354507 0,01268101 0,02157956
6 0,6073478 0,7705373 0,01614839 0,02894942
6 0,5776209 0,7623823 0,01455569 0,02670826
6 0,4703161 0,749316 0,01252142 0,02521524
6 0,4663181 0,7435319 0,01175436 0,02352612
