0 0,4476745 0,2152525 0,01347035 0,03846264
0 0,3979465 0,2471232 0,01512119 0,04564524
1 0,5099149 0,6735555 0,07764179 0,175054
2 0,3006576 0,5230929 0,04418826 0,05618051
2 0,2829983 0,5913162 0,0519582 0,06993851
2 0,4497719 0,2225289 0,01450223 0,04017329
2 0,3957671 0,2392484 0,01886463 0,04722476
3 0,3481836 0,4856069 0,07414567 0,09717217
3 0,337734 0,5446515 0,08488372 0,1145609
3 0,5348015 0,2637678 0,02487946 0,05225879
7 0,4888432 0,7011615 0,08521688 0,4610317
5 0,3117665 0,4597835 0,02007723 0,05422103
6 0,5339639 0,263068 0,01076168 0,02317858
6 0,5370963 0,2714084 0,01117277 0,02400899
6 0,2981517 0,4977764 0,02705377 0,04966089
6 0,3094987 0,5528187 0,02924669 0,05647725
6 0,4856138 0,6157579 0,02393821 0,06612593
