0 0,7923223 0,2862846 0,06073678 0,1048638
0 0,6538436 0,1999372 0,04121423 0,08063442
2 0,2517284 0,05338788 0,05134676 0,04696053
2 0,1804884 0,03146636 0,06675965 0,04964936
2 0,7929035 0,3069967 0,06832796 0,1074613
2 0,6550441 0,1850809 0,0484997 0,08487362
3 0,2361994 0,04244578 0,0904302 0,142139
3 0,1541758 0,01803464 0,1288195 0,1515758
3 0,9758247 0,66962 0,2287572 0,3634787
5 0,3067182 0,04774648 0,02948213 0,06507367
5 0,8192189 0,3027021 0,03189445 0,05001765
6 0,9773266 0,6680225 0,115063 0,176437
6 0,9602963 0,6971012 0,1224741 0,1946382
6 0,2507519 0,01553506 0,02785739 0,0629847
