0 0,6725816 0,4407961 0,04582697 0,1161641
0 0,5819763 0,3873039 0,03062373 0,09532458
1 0,5790026 0,2138637 0,03261721 0,05186844
2 0,3590665 0,5850763 0,07715189 0,1046726
2 0,4461625 0,5632447 0,05886579 0,09660849
2 0,6807758 0,4362208 0,04915166 0,146787
2 0,5753766 0,3917531 0,02996838 0,1252652
3 0,3751271 0,4638988 0,08035699 0,158969
3 0,4397322 0,4519169 0,05887485 0,1512563
3 0,2241504 0,3585726 0,0686256 0,05226058
7 0,5372423 0,3542867 0,08998585 0,2100805
5 0,2713746 0,5719391 0,06301764 0,1099696
5 0,7483267 0,4312194 0,05803496 0,08045644
6 0,2198936 0,3611897 0,02137688 0,03080112
6 0,2368103 0,358882 0,02038333 0,03052652
6 0,3525231 0,5334101 0,04159352 0,1041979
6 0,4377864 0,4974197 0,02639064 0,09101388
6 0,5078564 0,3550444 0,01402348 0,03929162
6 0,5371121 0,3506443 0,01496935 0,03861511
