0 0,7171669 0,5339441 0,07254869 0,1743653
0 0,5858599 0,4345005 0,03998369 0,1263783
1 0,5818 0,2113518 0,04174346 0,06662339
2 0,1871436 0,8820732 0,2180757 0,3120818
2 0,3517999 0,8254847 0,1382395 0,2712137
2 0,7283417 0,5264063 0,08052158 0,2195244
2 0,577376 0,4406021 0,03912026 0,1663918
3 0,2694101 0,5954405 0,1907251 0,3157513
3 0,3720954 0,5720116 0,1257059 0,2915383
3 0,1574931 0,3847572 0,08993376 0,06473523
7 0,5290824 0,3884976 0,1136142 0,2692568
5 0,006140887 0,8831666 0,1796281 0,2445139
5 0,83676 0,5334522 0,1009632 0,1341469
6 0,1523311 0,387913 0,02964222 0,03786784
6 0,1730144 0,3849586 0,02816668 0,03746033
6 0,1685348 0,7976019 0,1281334 0,2419174
6 0,344703 0,6926441 0,06664103 0,1858953
6 0,4918872 0,3897437 0,01702103 0,05158389
6 0,5289775 0,3836632 0,01841712 0,05044824
