0 0,4450377 0,5297194 0,02993381 0,08534181
1 0,4114223 0,380227 0,04233572 0,05586672
2 0,6157069 0,4836071 0,02253085 0,01832181
2 0,582248 0,483157 0,02268308 0,01760912
2 0,4515194 0,5318807 0,03098315 0,1130853
3 0,6171968 0,4755441 0,03055811 0,06339154
3 0,5816138 0,476027 0,0317921 0,06091818
7 0,4598496 0,5229623 0,1061206 0,2407167
5 0,648393 0,4701905 0,01715386 0,03373098
6 0,6169403 0,4627874 0,01004708 0,03013867
6 0,5842814 0,4663962 0,01081574 0,02991903
6 0,4897011 0,5223683 0,02041751 0,04693103
6 0,4581758 0,5209895 0,02106053 0,04494849
