0 0,5701254 0,5113993 0,02000135 0,05761892
1 0,5052806 0,4041981 0,03511646 0,04703951
2 0,7601742 0,5984427 0,04915106 0,04438487
2 0,7121737 0,5696631 0,04251653 0,03623825
2 0,2987621 0,2445366 0,01629132 0,01049078
2 0,5661697 0,5082777 0,02153623 0,07021651
3 0,7398667 0,5905864 0,07722455 0,1070144
3 0,692631 0,56256 0,06851232 0,08976948
7 0,5306242 0,5433441 0,08108288 0,2406191
5 0,8165326 0,611561 0,03756833 0,06531268
5 0,02864569 0,01806998 0,05304823 0,09321439
5 0,5663138 0,486949 0,01865244 0,0314616
6 0,76359 0,5718091 0,02556086 0,04854459
6 0,7116145 0,5510739 0,02262545 0,04308647
6 0,5475767 0,5592057 0,02227414 0,04695687
