0 0,6434686 0,5295209 0,03952181 0,1095801
0 0,5714903 0,4094589 0,02885091 0,09772462
1 0,5747445 0,2297707 0,03169996 0,06879061
2 0,38649 0,7280516 0,05265361 0,1281526
2 0,4535129 0,7074856 0,04415977 0,1219746
2 0,6507996 0,5244485 0,04223275 0,1399411
2 0,565329 0,4141945 0,02843225 0,1282006
3 0,3916937 0,570662 0,05937994 0,2006357
3 0,4456443 0,5583091 0,04720235 0,193805
3 0,226983 0,2873043 0,06698772 0,05998886
7 0,5318539 0,3592617 0,08492297 0,2100692
5 0,3195437 0,7275103 0,04508871 0,09188306
5 0,7039874 0,5508155 0,04598236 0,08749056
6 0,2229329 0,2897061 0,0210017 0,03554875
6 0,2394818 0,2878915 0,02001475 0,03528565
6 0,3811006 0,6973084 0,02879676 0,1010655
6 0,4462674 0,6462695 0,02029938 0,09144863
6 0,5044944 0,3587799 0,01283175 0,04540753
6 0,5318314 0,3546311 0,01416874 0,04476899
