0 0,688339 0,159108 0,05225438 0,1106612
0 0,5248581 0,1008044 0,03802133 0,1364801
0 0,5711102 0,4141958 0,0193156 0,06664371
0 0,4937428 0,4151596 0,02538633 0,07868749
1 0,4632308 0,2653594 0,03479883 0,04568142
2 0,6909698 0,565791 0,08926237 0,07616675
2 0,6639069 0,5099118 0,06629497 0,05182752
2 0,6960412 0,137046 0,06195134 0,1214541
2 0,5200349 0,125769 0,04794869 0,132504
2 0,5700303 0,4107816 0,02513897 0,08124352
2 0,4934773 0,4199994 0,032543 0,102752
3 0,597249 0,503808 0,1347517 0,1471143
3 0,5899471 0,4647215 0,1061062 0,1113483
7 0,4548834 0,4004411 0,06904012 0,2216857
5 0,7340168 0,6065889 0,06440204 0,1452909
5 0,6943663 0,1682083 0,02449393 0,05496895
5 0,5900209 0,3932629 0,01942229 0,03544772
6 0,6948941 0,5161164 0,05145603 0,08579028
6 0,6487009 0,4709287 0,03662395 0,06516764
6 0,4415207 0,4076697 0,02272373 0,04158938
6 0,4528911 0,3972319 0,02012655 0,03716868
