0 0,4756692 0,1688837 0,01608008 0,05749559
0 0,4240769 0,1986157 0,02241442 0,07262576
1 0,3878646 0,07363743 0,03080758 0,05204034
2 0,5710242 0,2875019 0,03644496 0,04380774
2 0,553341 0,2521574 0,03268266 0,03761202
2 0,4737729 0,1648744 0,01965833 0,06917256
2 0,4258043 0,2043281 0,02886677 0,09114534
3 0,534517 0,2809024 0,06475621 0,09436512
3 0,5199342 0,2467377 0,0587692 0,08342665
7 0,4015119 0,2081844 0,04944259 0,2153524
5 0,5911782 0,3097935 0,02167279 0,05856586
5 0,4835109 0,1401273 0,01550978 0,03382587
6 0,5728496 0,2653952 0,02061719 0,04485214
6 0,5473589 0,236707 0,01830173 0,04095161
6 0,3995187 0,2060717 0,016285 0,03747654
