0 0,3370828 0,01976943 0,0882141 0,2231531
0 0,4884987 0,3840238 0,01679936 0,0504809
0 0,4389181 0,412626 0,02195868 0,06548071
1 0,4045488 0,3091663 0,02774587 0,04418731
2 0,5880774 0,4005628 0,03906655 0,03058362
2 0,5676578 0,3910009 0,03409183 0,02649593
2 0,4432251 0,2295904 0,01445028 0,01197642
2 0,445881 0,225087 0,01531217 0,01275301
2 0,4866477 0,3825665 0,02048963 0,06329542
2 0,4405114 0,4154726 0,02856594 0,08566511
3 0,5490258 0,3960761 0,06819475 0,08372444
3 0,5328687 0,3877071 0,06066108 0,07383549
7 0,4163983 0,4134855 0,04681107 0,1804
5 0,6110081 0,3933812 0,02266514 0,04951155
5 0,3706289 0,0521428 0,02930784 0,1049215
5 0,4955146 0,3647631 0,0154649 0,02823842
6 0,5883238 0,3756935 0,02100223 0,04036731
6 0,5604467 0,3738857 0,01876634 0,03650045
6 0,4159318 0,4194584 0,01671934 0,03658795
6 0,4144794 0,4119775 0,01548591 0,03367567
