0 0,3819704 0,2639096 0,0454703 0,1389728
0 0,4077873 0,4572763 0,07304099 0,2539972
1 0,2790094 0,0627625 0,248998 0,3361292
2 0,6561074 0,1912808 0,05091238 0,04611158
2 0,6049995 0,1914849 0,04579318 0,04647315
2 0,3698283 0,2637128 0,04703712 0,181636
2 0,4260018 0,457266 0,06423327 0,3296413
3 0,6956378 0,2055022 0,1069314 0,1543314
3 0,6372702 0,2070256 0,09069437 0,1558237
7 0,4986857 0,5392764 0,4264975 0,7327772
5 0,7046922 0,1689143 0,03660929 0,05988783
6 0,6614991 0,1563236 0,02945089 0,05942035
6 0,617238 0,1676796 0,02693105 0,06251663
6 0,5989772 0,5373219 0,06199646 0,1816589
6 0,4975286 0,5443653 0,04294956 0,1846337
