0 0,4561735 0,412321 0,01916063 0,06193393
0 0,4453273 0,4669427 0,02842787 0,09146538
1 0,4131678 0,3319647 0,04185653 0,06871557
2 0,5797626 0,4184989 0,02284956 0,02858454
2 0,4512244 0,4104306 0,01937535 0,07815975
2 0,4515875 0,4704432 0,02912861 0,1184133
3 0,5789862 0,4239731 0,03316289 0,0806976
7 0,4599889 0,4814032 0,1010756 0,2561336
5 0,442733 0,3851328 0,01869005 0,03594786
6 0,6142579 0,4081376 0,01115853 0,0353623
6 0,5822688 0,4056416 0,01160687 0,03494555
6 0,4584162 0,4802992 0,01987645 0,05174246
