0 0,5196957 0,7492592 0,01288468 0,0405933
0 0,4815611 0,7564526 0,01632199 0,05074123
1 0,4609042 0,6632729 0,02086177 0,02715898
2 0,6070969 0,7902295 0,03056526 0,01950295
2 0,5898122 0,777906 0,02737713 0,01694471
2 0,4195266 0,5616499 0,01551479 0,01034686
2 0,4206288 0,5563371 0,01653954 0,01129809
2 0,5179028 0,7474636 0,01525229 0,05019857
2 0,4832043 0,7592561 0,02049372 0,06604633
3 0,5782127 0,7739678 0,0514344 0,05164301
3 0,5637345 0,7638232 0,04675931 0,04626054
7 0,4676683 0,7492905 0,03607568 0,1401169
5 0,6254421 0,7893757 0,01746047 0,03799546
5 0,5243751 0,7354507 0,01268101 0,02157956
6 0,6073478 0,7705373 0,01614839 0,02894942
6 0,5846298 0,7616453 0,01456654 0,02647464
6 0,470285 0,7534876 0,01253131 0,02539422
6 0,4662859 0,7474539 0,01176289 0,02368431
