0 0,8302799 0,4538281 0,04109967 0,06608987
0 0,7213652 0,4055244 0,0301587 0,05203873
0 0,3647169 0,3882474 0,02791059 0,1126532
1 0,344171 0,1892737 0,04224044 0,09025991
2 0,4999181 0,342132 0,02408031 0,02312362
2 0,4718283 0,3358915 0,0236316 0,02366263
2 0,8319033 0,4670222 0,04696786 0,06755406
2 0,7215569 0,3957415 0,03587979 0,05415332
2 0,3738221 0,3913865 0,02207574 0,1451722
3 0,4846348 0,3353481 0,03737521 0,06948906
3 0,9269181 0,5839099 0,1033827 0,1077196
7 0,4113978 0,3912752 0,1239393 0,2897305
5 0,8508118 0,4635306 0,02151543 0,03237575
6 0,9293046 0,5863379 0,04712224 0,06347328
6 0,917332 0,5885245 0,04776925 0,06545785
6 0,5016981 0,3236827 0,01252836 0,03064036
6 0,4771346 0,3216259 0,01235309 0,03230935
