0 0,5878828 0,343974 0,02051491 0,06189096
0 0,5272474 0,3667935 0,02152056 0,07471067
1 0,498033 0,2313168 0,02910551 0,05127168
2 0,7168561 0,5946071 0,06058955 0,06772405
2 0,6888257 0,516513 0,05023664 0,05318543
2 0,5859046 0,3379061 0,02512062 0,07189173
2 0,5286109 0,3747274 0,0284543 0,09153736
3 0,6625059 0,5703275 0,101723 0,1159805
3 0,6420329 0,4981847 0,08614123 0,09676853
7 0,5016433 0,3787393 0,04229704 0,2346146
5 0,7542527 0,6690924 0,04365903 0,09384048
5 0,5990251 0,3096868 0,01947141 0,03648263
6 0,7223083 0,5695398 0,03703266 0,05973318
6 0,681874 0,4976272 0,0299722 0,05106035
6 0,4996765 0,4074949 0,01636326 0,04121733
6 0,4997015 0,3759198 0,01507056 0,03764808
