0 0,6108891 0,3903849 0,05458629 0,1542938
1 0,6462398 0,0846771 0,06229281 0,1365861
2 0,6027111 0,4001764 0,05898219 0,1999099
3 0,3504221 0,7793968 0,1112695 0,4374868
3 0,4402478 0,7518102 0,08050856 0,4159639
3 0,102695 0,05858105 0,1176237 0,09854412
7 0,5667644 0,2775641 0,1429921 0,3194406
5 0,8398235 0,73857 0,08885813 0,1517965
6 0,0967278 0,06182867 0,0404612 0,06078762
6 0,1229583 0,06123221 0,03808898 0,060206
6 0,5262967 0,2740388 0,02154833 0,07699674
6 0,5668038 0,2692942 0,02434927 0,07559669
