0 0,4151869 0,1092881 0,01837367 0,05111361
0 0,3327556 0,1637393 0,02099609 0,0612452
0 0,6179097 0,9013451 0,09385526 0,2834756
1 0,799462 0,6431249 0,1603382 0,3087053
2 0,2987671 0,5548056 0,05627862 0,1100321
2 0,2940052 0,6710823 0,06730643 0,1481811
2 0,4180591 0,1175771 0,01989058 0,05451071
2 0,3292265 0,1536755 0,02605638 0,0635497
2 0,6028531 0,8723996 0,100604 0,3118095
3 0,3678702 0,47236 0,09952641 0,1725782
3 0,3744774 0,5621704 0,1147505 0,2152341
3 0,5251397 0,1445339 0,03403252 0,05929428
7 0,6429468 0,6809599 0,2328108 0,6390396
5 0,2990188 0,4569399 0,02452165 0,08458605
6 0,5235198 0,1442251 0,0127064 0,0280602
6 0,5297021 0,1521429 0,01321948 0,02905983
6 0,2935958 0,51937 0,03757608 0,08548757
6 0,2888243 0,6253133 0,04453129 0,1047435
6 0,6063932 0,5752536 0,03944945 0,09631816
6 0,6473202 0,6748665 0,04759485 0,1152508
