0 0,8680992 0,9487252 0,164491 0,2669655
0 0,5369374 0,1696205 0,03355563 0,09796762
0 0,5881273 0,1658806 0,03810608 0,09568077
1 0,6462398 0,0846771 0,06229281 0,1365861
2 0,8521454 0,93403 0,1765604 0,2929309
3 0,5132799 0,4713924 0,1197459 0,3058788
3 0,5891475 0,4062517 0,08193713 0,2415104
3 0,102695 0,05858105 0,1176237 0,09854412
4 0,56991 0,2422057 0,1413345 0,2596995
5 0,8398235 0,73857 0,08885813 0,1517965
6 0,0967278 0,06182867 0,0404612 0,06078762
6 0,1229583 0,06123221 0,03808898 0,060206
