0 0,3805297 0,2788115 0,03261659 0,08702916
0 0,1690024 0,2597921 0,07707024 0,1211769
0 0,5394139 0,5081549 0,02560967 0,0744696
0 0,4855696 0,5647196 0,03829625 0,1137371
1 0,4262002 0,3933302 0,0438523 0,06928325
2 0,8193282 0,5917844 0,1065367 0,08409217
2 0,7344109 0,553062 0,07753915 0,06007701
2 0,384203 0,2623777 0,03389123 0,09365761
2 0,1674702 0,2827157 0,09331401 0,1203821
2 0,5355266 0,5056297 0,02937931 0,0917137
2 0,4904363 0,5691079 0,04696903 0,1499636
3 0,7582812 0,5892408 0,1681161 0,2171583
3 0,6827677 0,5507101 0,1270989 0,1598443
3 0,6043726 0,1155083 0,1079496 0,1856731
7 0,4457803 0,5699663 0,08302179 0,3400828
5 0,9465616 0,6059999 0,09762418 0,1398778
5 0,3865041 0,2850627 0,01282066 0,04209334
5 0,5516697 0,479408 0,02354592 0,04120773
6 0,5987533 0,1189496 0,03646958 0,07521915
6 0,6214966 0,08527452 0,04134601 0,08556575
6 0,8236026 0,5409585 0,05377567 0,09099048
6 0,740319 0,5149286 0,03994572 0,0710161
6 0,4483663 0,5908911 0,03061512 0,07195315
6 0,4425538 0,5673345 0,02654618 0,06119475
