0 0,699467 0,1581617 0,05365503 0,1146286
0 0,5065893 0,1019558 0,03948629 0,1350777
0 0,5676618 0,410351 0,01863414 0,06433898
0 0,4949991 0,4204369 0,0274516 0,08169007
1 0,4632308 0,2653594 0,03479883 0,04568142
2 0,6909698 0,565791 0,08926237 0,07616675
2 0,6639069 0,5099118 0,06629497 0,05182752
2 0,7072443 0,136373 0,06285542 0,1273563
2 0,502196 0,1267647 0,04991084 0,1309755
2 0,5662717 0,4071543 0,02372557 0,0786798
2 0,4959342 0,4246319 0,03351492 0,1089228
3 0,597249 0,503808 0,1347517 0,1471143
3 0,5899471 0,4647215 0,1061062 0,1113483
7 0,4548834 0,4004411 0,06904012 0,2216857
5 0,7340168 0,6065889 0,06440204 0,1452909
5 0,6943663 0,1682083 0,02449393 0,05496895
5 0,5900209 0,3932629 0,01942229 0,03544772
6 0,6948941 0,5161164 0,05145603 0,08579028
6 0,667348 0,4729153 0,03866577 0,06595311
6 0,4415207 0,4076697 0,02272373 0,04158938
6 0,4528911 0,3972319 0,02012655 0,03716868
