0 0,01966715 0,1658053 0,1009426 0,1690174
0 0,561992 0,5625283 0,02033252 0,05452928
0 0,543358 0,5856947 0,03034234 0,07837966
1 0,5056318 0,4390863 0,03550723 0,04576123
2 0,7641399 0,6487339 0,05016387 0,03832698
2 0,7144172 0,6223814 0,04323006 0,03084207
2 0,3052745 0,3554558 0,01548386 0,01004356
2 0,03000924 0,144134 0,1148221 0,1877008
2 0,5579489 0,5597745 0,02198333 0,06680214
2 0,5487445 0,589614 0,03461355 0,103227
3 0,743495 0,63104 0,07774442 0,09464258
3 0,6946291 0,6067447 0,06904048 0,07878959
3 0,206878 0,003130436 0,2081873 0,504644
7 0,529787 0,5754897 0,08380133 0,2321303
5 0,8224419 0,6582853 0,03763193 0,06401351
5 0,0583927 0,1914424 0,04383761 0,07789677
5 0,5658355 0,5449126 0,0188821 0,0291591
6 0,2121779 0,01390088 0,07834415 0,1797411
6 0,7670695 0,6208248 0,02533573 0,04614982
6 0,7191421 0,5994793 0,0222106 0,03994167
6 0,547022 0,5868981 0,02291852 0,04317185
