0 0,3560011 0,01719463 0,08147299 0,2263165
0 0,4843983 0,383513 0,01665905 0,04947013
0 0,4427796 0,4144827 0,02327034 0,06707227
1 0,4045488 0,3091663 0,02774587 0,04418731
2 0,5880774 0,4005628 0,03906655 0,03058362
2 0,5676578 0,3910009 0,03409183 0,02649593
2 0,4432251 0,2295904 0,01445028 0,01197642
2 0,445881 0,225087 0,01531217 0,01275301
2 0,4823688 0,3822646 0,02001309 0,06192309
2 0,4452509 0,4162468 0,02889177 0,08860433
3 0,5490258 0,3960761 0,06819475 0,08372444
3 0,5328687 0,3877071 0,06066108 0,07383549
7 0,4163983 0,4134855 0,04681107 0,1804
5 0,6110081 0,3933812 0,02266514 0,04951155
5 0,3706289 0,0521428 0,02930784 0,1049215
5 0,4955146 0,3647631 0,0154649 0,02823842
6 0,5883238 0,3756935 0,02100223 0,04036731
6 0,5685729 0,3698102 0,0186851 0,03605223
6 0,4159318 0,4194584 0,01671934 0,03658795
6 0,4144794 0,4119775 0,01548591 0,03367567
