0 0,6328064 0,283187 0,02051723 0,06087834
0 0,5698311 0,2837813 0,02378553 0,06993353
1 0,554543 0,1539626 0,02738416 0,04550213
2 0,6391447 0,4815425 0,04144007 0,0703887
2 0,6482666 0,4323874 0,03747874 0,05897182
2 0,6329643 0,278421 0,02500844 0,07323843
2 0,5695277 0,2890776 0,02831495 0,0899238
3 0,5915335 0,4225743 0,07226217 0,1209167
3 0,6038082 0,3838179 0,06667137 0,1058232
3 0,1484315 0,5268549 0,1285443 0,1849095
7 0,5410859 0,2660782 0,0538578 0,1812016
5 0,630726 0,5186031 0,0223794 0,07695833
5 0,6564758 0,2707115 0,01947236 0,03978121
6 0,1396223 0,5388305 0,03631937 0,07415807
6 0,1743262 0,5055827 0,03330015 0,06850311
6 0,641273 0,4580477 0,02547115 0,06037837
6 0,6495785 0,4132193 0,02329081 0,05337167
6 0,5297991 0,278484 0,01500982 0,03480542
6 0,539921 0,2631904 0,01439434 0,03274798
