0 0,5601702 0,2761278 0,02023911 0,06387609
0 0,5401629 0,356549 0,02756816 0,08695233
1 0,5053977 0,235468 0,03423202 0,07137126
2 0,7194781 0,4518915 0,04060131 0,06437361
2 0,6859872 0,4012987 0,0367558 0,05585784
2 0,5565329 0,2709336 0,02228075 0,0755145
2 0,5447593 0,363012 0,03186959 0,1077386
3 0,6987716 0,4695567 0,06945282 0,1291342
3 0,6662584 0,4173487 0,06329584 0,1142629
7 0,527297 0,3836096 0,07295614 0,2579138
5 0,7580705 0,4923862 0,03150052 0,0652256
5 0,5652598 0,2408826 0,01885599 0,04134506
6 0,7246754 0,4339542 0,02460879 0,05200905
6 0,6917559 0,3871413 0,02201509 0,04728836
6 0,541095 0,4192218 0,01964349 0,05119777
6 0,5255479 0,3823231 0,01810724 0,04744959
