0 0,4472468 0,4116763 0,02009392 0,06186467
0 0,4566282 0,4685487 0,0295988 0,09206569
1 0,4131678 0,3319647 0,04185653 0,06871557
2 0,5797626 0,4184989 0,02284956 0,02858454
2 0,4422048 0,4100729 0,02074102 0,07788736
2 0,4632154 0,4702229 0,03070772 0,1192824
3 0,5789862 0,4239731 0,03316289 0,0806976
7 0,4599889 0,4814032 0,1010756 0,2561336
5 0,442733 0,3851328 0,01869005 0,03594786
6 0,6142579 0,4081376 0,01115853 0,0353623
6 0,5832794 0,4006047 0,01132423 0,03396404
6 0,4584162 0,4802992 0,01987645 0,05174246
