0 0,4543824 0,2149649 0,01293936 0,04039294
0 0,3851465 0,2492533 0,01602548 0,04571676
1 0,5099149 0,6735555 0,07764179 0,175054
2 0,3006576 0,5230929 0,04418826 0,05618051
2 0,2829983 0,5913162 0,0519582 0,06993851
2 0,4565583 0,2218992 0,01357409 0,04359937
2 0,3830013 0,2411925 0,02001628 0,04695231
3 0,3481836 0,4856069 0,07414567 0,09717217
3 0,337734 0,5446515 0,08488372 0,1145609
3 0,5348015 0,2637678 0,02487946 0,05225879
7 0,4888575 0,7033803 0,08521688 0,4650033
5 0,3117665 0,4597835 0,02007723 0,05422103
6 0,5339639 0,263068 0,01076168 0,02317858
6 0,5370963 0,2714084 0,01117277 0,02400899
6 0,2981517 0,4977764 0,02705377 0,04966089
6 0,2814968 0,5599567 0,03157145 0,05742326
