0 0,5831513 0,3355216 0,01997632 0,06069064
0 0,5311213 0,3776962 0,02326334 0,07774824
1 0,498033 0,2313168 0,02910551 0,05127168
2 0,7168561 0,5946071 0,06058955 0,06772405
2 0,6888257 0,516513 0,05023664 0,05318543
2 0,5809499 0,3298094 0,0240292 0,07110345
2 0,5335748 0,3850088 0,02914983 0,09809083
3 0,6625059 0,5703275 0,101723 0,1159805
3 0,6420329 0,4981847 0,08614123 0,09676853
7 0,5016433 0,3787393 0,04229704 0,2346146
5 0,7542527 0,6690924 0,04365903 0,09384048
5 0,5990251 0,3096868 0,01947141 0,03648263
6 0,7223083 0,5695398 0,03703266 0,05973318
6 0,6940461 0,4976272 0,03069091 0,05106035
6 0,4996765 0,4074949 0,01636326 0,04121733
6 0,4997015 0,3759198 0,01507056 0,03764808
