0 0,6934865 0,4286204 0,04784453 0,1103394
0 0,5630663 0,3976588 0,03319865 0,09921676
1 0,5790026 0,2138637 0,03261721 0,05186844
2 0,3165728 0,5949621 0,08830893 0,1085875
2 0,4065557 0,5724332 0,06511194 0,1001062
2 0,7000404 0,4238092 0,05167234 0,1379521
2 0,5572856 0,4015282 0,03458995 0,1327769
3 0,3751169 0,4639304 0,08037242 0,1590012
3 0,4397323 0,4519164 0,05887473 0,1512558
3 0,2241504 0,3585726 0,0686256 0,05226058
7 0,5372423 0,3542867 0,08998585 0,2100805
5 0,2253401 0,5820571 0,06962094 0,1125382
5 0,7483267 0,4312194 0,05803496 0,08045644
6 0,2198936 0,3611897 0,02137688 0,03080112
6 0,2368103 0,358882 0,02038333 0,03052652
6 0,3960339 0,524197 0,03466305 0,1015153
6 0,5078564 0,3550444 0,01402348 0,03929162
6 0,5371121 0,3506443 0,01496935 0,03861511
