0 0,6908163 0,5227646 0,05800855 0,1163776
0 0,7127786 0,6311399 0,08102566 0,1511706
0 0,5084696 0,2862963 0,01893327 0,05160207
0 0,5413433 0,2823047 0,02100819 0,05070019
1 0,5747445 0,2297707 0,03169996 0,06879061
2 0,1678824 0,7920405 0,09606599 0,1492414
2 0,2468246 0,7679046 0,07971638 0,1413961
2 0,6923013 0,5012278 0,06798315 0,1279365
2 0,7086331 0,6404566 0,09233046 0,1648945
3 0,4935857 0,4455878 0,07308856 0,1537487
3 0,5444851 0,4150467 0,0473485 0,1252426
3 0,226983 0,2873043 0,06698772 0,05998886
4 0,532423 0,3335979 0,08492297 0,1607475
5 0,08457589 0,7944391 0,07502109 0,1020744
5 0,7039874 0,5508155 0,04598236 0,08749056
6 0,2229329 0,2897061 0,0210017 0,03554875
6 0,2394818 0,2878915 0,02001475 0,03528565
