0 0,6629744 0,510048 0,04169786 0,1057663
0 0,553766 0,4256154 0,03083766 0,1018268
1 0,5747445 0,2297707 0,03169996 0,06879061
2 0,3541732 0,7375004 0,05867016 0,1311654
2 0,4228974 0,7164247 0,04607406 0,1247579
2 0,6691151 0,503882 0,04523873 0,1322882
2 0,5483726 0,4313757 0,03242528 0,1330246
3 0,3916887 0,5707245 0,05938777 0,2006692
3 0,4456444 0,5583081 0,04720229 0,1938044
3 0,226983 0,2873043 0,06698772 0,05998886
7 0,5318539 0,3592617 0,08492297 0,2100692
5 0,284924 0,7373607 0,04922363 0,09336463
5 0,7039874 0,5508155 0,04598236 0,08749056
6 0,2229329 0,2897061 0,0210017 0,03554875
6 0,2394818 0,2878915 0,02001475 0,03528565
6 0,3477288 0,7066505 0,03315294 0,1029083
6 0,4146606 0,6879197 0,02452299 0,09922653
6 0,5044944 0,3587799 0,01283175 0,04540753
6 0,5318314 0,3546311 0,01416874 0,04476899
