0 0,4671177 0,1598935 0,01608148 0,05597818
1 0,3878646 0,07363743 0,03080758 0,05204034
2 0,5803906 0,3058531 0,03849441 0,04725522
2 0,5611489 0,2674267 0,03433454 0,04027337
2 0,464857 0,1563713 0,01906502 0,06778455
3 0,534541 0,2808932 0,06475586 0,09436184
3 0,5199338 0,2467379 0,05876923 0,08342671
7 0,4015119 0,2081844 0,04944259 0,2153524
5 0,6025827 0,3312748 0,02348137 0,06216663
5 0,4835109 0,1401273 0,01550978 0,03382587
6 0,5825226 0,2831488 0,02190417 0,04731214
6 0,5637183 0,2486322 0,01942945 0,04256088
6 0,3995187 0,2060717 0,016285 0,03747654
