0 0,4099249 0,1093109 0,01671672 0,04101306
0 0,4194726 0,1122139 0,01593643 0,0397377
0 0,6225449 0,469044 0,0605346 0,1236595
0 0,6810446 0,5828488 0,07706869 0,1592523
1 0,799462 0,6431249 0,1603382 0,3087053
2 0,3066505 0,3524461 0,03817284 0,05753833
2 0,3044305 0,4055042 0,04294527 0,06983662
2 0,4086786 0,1026538 0,02083978 0,04619241
2 0,4194708 0,1207216 0,01962146 0,04163814
3 0,4891906 0,6106026 0,1498483 0,3416646
3 0,5651481 0,7825341 0,1494624 0,3402438
3 0,5251397 0,1445339 0,03403252 0,05929428
4 0,6487586 0,6386358 0,2289354 0,572242
5 0,3062265 0,2975993 0,01705199 0,05611289
6 0,5235198 0,1442251 0,0127064 0,0280602
6 0,5297021 0,1521429 0,01321948 0,02905983
