0 0,3764812 0,006862879 0,08204696 0,2494502
0 0,4803335 0,3832917 0,01646569 0,04858458
0 0,4477341 0,4152994 0,02401438 0,06825262
1 0,4045488 0,3091663 0,02774587 0,04418731
2 0,5992574 0,4054281 0,04188102 0,03287476
2 0,5765341 0,3948287 0,03623587 0,02822244
2 0,4432251 0,2295904 0,01445028 0,01197642
2 0,445881 0,225087 0,01531217 0,01275301
2 0,4781702 0,3822129 0,01952651 0,06072587
2 0,4507313 0,4163396 0,02901971 0,09044135
3 0,5490503 0,3960633 0,06819373 0,08372074
3 0,5328684 0,3877072 0,06066108 0,07383555
7 0,4163983 0,4134855 0,04681107 0,1804
5 0,6252072 0,3984263 0,02471071 0,05309546
5 0,3706289 0,0521428 0,02930784 0,1049215
5 0,4955146 0,3647631 0,0154649 0,02823842
6 0,5996875 0,3791584 0,02236688 0,04289991
6 0,5778459 0,3724976 0,01975602 0,03804648
6 0,4159318 0,4194584 0,01671934 0,03658795
6 0,4144794 0,4119775 0,01548591 0,03367567
