0 0,6317249 0,2766437 0,02022469 0,05967152
0 0,5705663 0,291286 0,02466792 0,07181406
1 0,554543 0,1539626 0,02738416 0,04550213
2 0,6342794 0,5075578 0,04358304 0,07690975
2 0,6442964 0,4535984 0,03922296 0,06383473
2 0,6316009 0,2719965 0,02422661 0,07188517
2 0,5707824 0,2964449 0,02895576 0,09295708
3 0,591561 0,4225941 0,0722667 0,1209241
3 0,6038078 0,3838176 0,06667131 0,1058233
3 0,1484315 0,5268549 0,1285443 0,1849095
7 0,5410859 0,2660782 0,0538578 0,1812016
5 0,6247768 0,5499607 0,02367485 0,08276281
5 0,6564758 0,2707115 0,01947236 0,03978121
6 0,1396223 0,5388305 0,03631937 0,07415807
6 0,1743262 0,5055827 0,03330015 0,06850311
6 0,6364018 0,483501 0,02669293 0,06448963
6 0,6458259 0,4342696 0,0243212 0,05662411
6 0,5297991 0,278484 0,01500982 0,03480542
6 0,539921 0,2631904 0,01439434 0,03274798
