0 0,5536001 0,2701061 0,01998472 0,06334347
0 0,5483314 0,3641928 0,02888352 0,08871663
1 0,5053977 0,235468 0,03423202 0,07137126
2 0,7369695 0,4779458 0,04266584 0,06903958
2 0,700887 0,4234667 0,03845596 0,0595547
2 0,5498838 0,2652705 0,0219143 0,07510465
2 0,5533733 0,3697236 0,03319955 0,1106554
3 0,698788 0,4695343 0,06945074 0,1291275
3 0,6662581 0,417349 0,0632956 0,1142631
7 0,527297 0,3836096 0,07295614 0,2579138
5 0,7789384 0,5227317 0,03401423 0,06886056
5 0,5652598 0,2408826 0,01885599 0,04134506
6 0,7428029 0,4599075 0,02609718 0,05468869
6 0,7073767 0,4091856 0,02322388 0,04949307
6 0,541095 0,4192218 0,01964349 0,05119777
6 0,5255479 0,3823231 0,01810724 0,04744959
