0 0,4635439 0,425804 0,0601261 0,2371455
1 0,2790094 0,0627625 0,248998 0,3361292
2 0,679576 0,1907045 0,05325377 0,04591554
2 0,628798 0,1909036 0,04820317 0,04627365
2 0,3273644 0,2791421 0,06241938 0,1870475
2 0,4786867 0,4171433 0,05878353 0,3000439
3 0,6956137 0,2054669 0,1069121 0,1543068
3 0,6372704 0,207026 0,09069473 0,1558239
7 0,4986857 0,5392764 0,4264975 0,7327772
5 0,7281892 0,1684023 0,03801858 0,05969959
6 0,5989772 0,5373219 0,06199646 0,1816589
6 0,4975286 0,5443653 0,04294956 0,1846337
