0 0,5120113 0,7460881 0,01268274 0,0391793
0 0,4899936 0,7612444 0,01805025 0,05246939
1 0,4609042 0,6632729 0,02086177 0,02715898
2 0,6162184 0,7964383 0,03229254 0,02089627
2 0,5974299 0,7830686 0,028768 0,01803076
2 0,4195266 0,5616499 0,01551479 0,01034686
2 0,4206288 0,5563371 0,01653954 0,01129809
2 0,5099655 0,7444894 0,0146209 0,04864901
2 0,4927796 0,7629791 0,02104869 0,07010661
3 0,5782307 0,7739657 0,0514341 0,0516416
3 0,5637343 0,7638232 0,04675919 0,04626054
7 0,4676683 0,7492905 0,03607568 0,1401169
5 0,6362993 0,7961168 0,0187791 0,04025418
5 0,5243751 0,7354507 0,01268101 0,02157956
6 0,6165009 0,7758788 0,01704919 0,03047863
6 0,5986804 0,7654785 0,01530927 0,02751993
6 0,470285 0,7534876 0,01253131 0,02539422
6 0,4662859 0,7474539 0,01176289 0,02368431
