0 0,8456546 0,466881 0,04620421 0,07621071
0 0,7072831 0,3950827 0,02853459 0,0499478
0 0,3923617 0,3865005 0,02780107 0,1056783
1 0,344171 0,1892737 0,04224044 0,09025991
2 0,4850757 0,3385637 0,0238567 0,02340299
2 0,8495612 0,4794721 0,05211973 0,08650848
2 0,7075195 0,3857242 0,03395349 0,05189437
2 0,3999236 0,3862591 0,02705556 0,1363873
3 0,484635 0,3353482 0,03737524 0,06948912
3 0,9269181 0,5839099 0,1033827 0,1077196
7 0,4113978 0,3912752 0,1239393 0,2897305
5 0,8508118 0,4635306 0,02151543 0,03237575
6 0,9293046 0,5863379 0,04712224 0,06347328
6 0,917332 0,5885245 0,04776925 0,06545785
