0 0,458511 0,2160077 0,01347733 0,04458696
0 0,378923 0,2501857 0,0165419 0,04598701
1 0,5099149 0,6735555 0,07764179 0,175054
2 0,307475 0,4962993 0,04130799 0,05122787
2 0,2916759 0,5572796 0,0480791 0,06294277
2 0,4607171 0,2211477 0,01438293 0,05123818
2 0,3767452 0,2421131 0,02059302 0,04729539
3 0,3481545 0,4856139 0,07415086 0,09717441
3 0,3377346 0,5446515 0,08488372 0,1145608
3 0,5348015 0,2637678 0,02487946 0,05225879
7 0,4888575 0,7033803 0,08521688 0,4650033
5 0,3174973 0,4381795 0,01874834 0,05104619
6 0,5339639 0,263068 0,01076168 0,02317858
6 0,5370963 0,2714084 0,01117277 0,02400899
