0 0,3819102 0,2744216 0,02721611 0,06493598
0 0,3846848 0,2729284 0,02842888 0,06918246
0 0,5264498 0,510376 0,03078252 0,07060438
0 0,583914 0,4698531 0,0368551 0,06147406
0 0,4412882 0,4657433 0,04100698 0,06929117
0 0,4357309 0,4573391 0,03482994 0,05837703
0 0,4262528 0,4502608 0,02862093 0,04784316
1 0,4262002 0,3933302 0,0438523 0,06928325
2 0,3821099 0,2849005 0,03406394 0,07215726
2 0,3839041 0,2573403 0,03568384 0,07288808
2 0,5218284 0,4999396 0,03679603 0,0743472
2 0,5808841 0,485099 0,04343647 0,06699759
3 0,5556127 0,5634684 0,1356232 0,1715593
3 0,5071903 0,541199 0,08431655 0,1114359
3 0,6043726 0,1155083 0,1079496 0,1856731
4 0,4437576 0,5304929 0,07906625 0,2466837
5 0,3865041 0,2850627 0,01282066 0,04209334
5 0,5516697 0,479408 0,02354592 0,04120773
6 0,5987533 0,1189496 0,03646958 0,07521915
6 0,6214966 0,08527452 0,04134601 0,08556575
