0 0,5784556 0,3281824 0,0193944 0,05955827
0 0,5363734 0,3874854 0,02453798 0,08008748
1 0,498033 0,2313168 0,02910551 0,05127168
2 0,7329242 0,6387852 0,06686783 0,0767858
2 0,7008922 0,5496233 0,05460197 0,059194
2 0,5760921 0,3227821 0,02296966 0,07028276
2 0,5395133 0,3943668 0,02986193 0,1024632
3 0,6625417 0,570327 0,1017283 0,1159803
3 0,6420324 0,4981847 0,08614117 0,09676853
7 0,5016433 0,3787393 0,04229704 0,2346146
5 0,7766262 0,7281126 0,0501644 0,1048838
5 0,5990251 0,3096868 0,01947141 0,03648263
6 0,7392815 0,6131294 0,04110169 0,06515154
6 0,7071331 0,5305619 0,033544 0,05499122
6 0,4996765 0,4074949 0,01636326 0,04121733
6 0,4997015 0,3759198 0,01507056 0,03764808
