0 0,8309305 0,3481573 0,06104022 0,1039789
0 0,6294073 0,1743578 0,03729182 0,07569605
2 0,3563584 0,09157747 0,05085742 0,0541268
2 0,3070966 0,06442589 0,05583745 0,05325204
2 0,8296037 0,3281295 0,06476921 0,1026643
2 0,6305165 0,1606139 0,04395348 0,07952577
3 0,2362098 0,04242682 0,09041734 0,1421224
3 0,1541757 0,01803517 0,1288196 0,1515765
3 0,9758247 0,66962 0,2287572 0,3634787
5 0,4004123 0,09412658 0,02923691 0,06792253
5 0,8192189 0,3027021 0,03189445 0,05001765
6 0,9773266 0,6680225 0,115063 0,176437
6 0,9602963 0,6971012 0,1224741 0,1946382
