0 0,7022434 0,421755 0,04801255 0,1067786
0 0,5541727 0,4041954 0,03380948 0,1037062
1 0,5790026 0,2138637 0,03261721 0,05186844
2 0,2085165 0,5945578 0,1487999 0,130869
2 0,2690013 0,6185721 0,144327 0,1509485
2 0,7079754 0,4169355 0,05189103 0,1329336
2 0,5485208 0,4079177 0,03590542 0,1376044
3 0,3751169 0,4639304 0,08037242 0,1590012
3 0,4397323 0,4519164 0,05887473 0,1512558
3 0,2241504 0,3585726 0,0686256 0,05226058
7 0,5372423 0,3542867 0,08998585 0,2100805
5 0,1579083 0,5455172 0,08603866 0,1098205
5 0,7483267 0,4312194 0,05803496 0,08045644
6 0,2198936 0,3611897 0,02137688 0,03080112
6 0,2368103 0,358882 0,02038333 0,03052652
6 0,2004064 0,5425206 0,08289868 0,1129469
6 0,5078564 0,3550444 0,01402348 0,03929162
6 0,5371121 0,3506443 0,01496935 0,03861511
