0 0,7539465 0,4984604 0,0739426 0,1546105
0 0,5496748 0,4610535 0,04407382 0,1415173
1 0,5818 0,2113518 0,04174346 0,06662339
2 0,7609878 0,4905196 0,0812636 0,1906255
2 0,5421219 0,467096 0,04700363 0,1876088
3 0,2693716 0,5955176 0,1907946 0,3158625
3 0,3720958 0,5720104 0,1257057 0,2915366
3 0,1574931 0,3847572 0,08993376 0,06473523
7 0,5290824 0,3884976 0,1136142 0,2692568
5 0,83676 0,5334522 0,1009632 0,1341469
6 0,1523311 0,387913 0,02964222 0,03786784
6 0,1730144 0,3849586 0,02816668 0,03746033
6 0,4918872 0,3897437 0,01702103 0,05158389
6 0,5289775 0,3836632 0,01841712 0,05044824
