0 0,5879176 0,4321657 0,05566704 0,1633155
1 0,6462398 0,0846771 0,06229281 0,1365861
2 0,5804763 0,4448874 0,06169915 0,2061169
3 0,3504124 0,7795659 0,1112896 0,4375815
3 0,440248 0,7518075 0,08050847 0,4159626
3 0,102695 0,05858105 0,1176237 0,09854412
7 0,5667644 0,2775641 0,1429921 0,3194406
5 0,8398235 0,73857 0,08885813 0,1517965
6 0,0967278 0,06182867 0,0404612 0,06078762
6 0,1229583 0,06123221 0,03808898 0,060206
6 0,5262967 0,2740388 0,02154833 0,07699674
6 0,5668038 0,2692942 0,02434927 0,07559669
