0 0,5475272 0,5026257 0,01944488 0,05447638
0 0,5646328 0,5527463 0,03209478 0,08638403
1 0,5052806 0,4041981 0,03511646 0,04703951
2 0,8784957 0,6787824 0,09593624 0,09297898
2 0,8164542 0,6254442 0,07760268 0,0677647
2 0,2987621 0,2445366 0,01629132 0,01049078
2 0,0546833 0,009473145 0,0967533 0,1667308
2 0,5434738 0,5001451 0,02093947 0,06683671
2 0,5709035 0,5554376 0,03610593 0,1124175
3 0,7398822 0,5905741 0,07722056 0,1070062
3 0,6926308 0,5625601 0,06851226 0,08976954
7 0,5306242 0,5433441 0,08108288 0,2406191
5 0,9615161 0,7204773 0,07353193 0,1156085
5 0,02864569 0,01806998 0,05304823 0,09321439
5 0,5663138 0,486949 0,01865244 0,0314616
6 0,5475767 0,5592057 0,02227414 0,04695687
