0 0,4228246 0,1158953 0,01634184 0,04537886
0 0,3149655 0,1692558 0,02246946 0,06299174
0 0,5658303 0,8236275 0,08033365 0,2636095
1 0,799462 0,6431249 0,1603382 0,3087053
2 0,3203524 0,4065877 0,0542205 0,09145403
2 0,2921852 0,4816692 0,06535345 0,117823
2 0,4198717 0,1084904 0,01749936 0,04733485
2 0,3112241 0,1590936 0,02770171 0,06565785
2 0,5521903 0,802305 0,08601403 0,3005208
3 0,3678291 0,4723856 0,09953776 0,17259
3 0,3744784 0,5621698 0,1147507 0,2152338
3 0,5251397 0,1445339 0,03403252 0,05929428
7 0,6429468 0,6809599 0,2328108 0,6390396
5 0,3383557 0,3370301 0,02517894 0,06969899
6 0,5235198 0,1442251 0,0127064 0,0280602
6 0,5297021 0,1521429 0,01321948 0,02905983
6 0,6063932 0,5752536 0,03944945 0,09631816
6 0,6473202 0,6748665 0,04759485 0,1152508
