0 0,3985363 0,2577816 0,02768731 0,07571113
0 0,1221037 0,2663059 0,08885035 0,1259753
0 0,5239348 0,5056336 0,02434039 0,07041353
0 0,507166 0,5712856 0,0425525 0,1234998
1 0,4262002 0,3933302 0,0438523 0,06928325
2 0,9496411 0,634397 0,2132609 0,1539124
2 0,3948401 0,2720349 0,0280804 0,07740963
2 0,1207674 0,2899774 0,1071675 0,1254056
2 0,5199468 0,5037036 0,02752852 0,08671716
2 0,5139471 0,5736173 0,04997465 0,1620375
3 0,758324 0,589209 0,1681095 0,2171347
3 0,6827672 0,5507104 0,1270992 0,1598445
3 0,6043726 0,1155083 0,1079496 0,1856731
7 0,4457803 0,5699663 0,08302179 0,3400828
5 0,3865041 0,2850627 0,01282066 0,04209334
5 0,5516697 0,479408 0,02354592 0,04120773
6 0,5987533 0,1189496 0,03646958 0,07521915
6 0,6214966 0,08527452 0,04134601 0,08556575
6 0,4483663 0,5908911 0,03061512 0,07195315
6 0,4425538 0,5673345 0,02654618 0,06119475
