0 0,7132066 0,1335777 0,04778332 0,1019789
0 0,4711118 0,1041436 0,04317456 0,1334562
0 0,5596382 0,4035751 0,01742768 0,06018478
0 0,5030693 0,4307615 0,02958015 0,08935326
1 0,4632308 0,2653594 0,03479883 0,04568142
2 0,7517921 0,778183 0,2549494 0,2925079
2 0,7483718 0,645834 0,1781743 0,1587026
2 0,7050894 0,1524624 0,05110317 0,1023186
2 0,4673466 0,1284444 0,05381376 0,1300042
2 0,55783 0,4007575 0,02108151 0,07400763
2 0,5054997 0,4341797 0,03442064 0,1194971
3 0,5973042 0,5038148 0,1347622 0,1471204
3 0,5899464 0,4647213 0,106106 0,1113483
7 0,4548834 0,4004411 0,06904012 0,2216857
5 0,7648549 0,9483356 0,2143286 0,471397
5 0,6943663 0,1682083 0,02449393 0,05496895
5 0,5900209 0,3932629 0,01942229 0,03544772
6 0,7585195 0,6949005 0,1389253 0,2168896
6 0,753193 0,5888746 0,09929758 0,1400846
6 0,4415207 0,4076697 0,02272373 0,04158938
6 0,4528911 0,3972319 0,02012655 0,03716868
