0 0,4756014 0,3832919 0,01619697 0,04765677
0 0,4541885 0,4155463 0,02473304 0,07040858
1 0,4045488 0,3091663 0,02774587 0,04418731
2 0,6272985 0,4302201 0,07021296 0,05285007
2 0,616094 0,4063507 0,05979902 0,04199982
2 0,4432251 0,2295904 0,01445028 0,01197642
2 0,445881 0,225087 0,01531217 0,01275301
2 0,3874371 0,02855819 0,06243467 0,185999
2 0,4733211 0,3823758 0,01895607 0,0594759
2 0,4576201 0,4159923 0,02922171 0,09244722
3 0,5490503 0,3960633 0,06819373 0,08372074
3 0,5328684 0,3877072 0,06066108 0,07383555
7 0,4163983 0,4134855 0,04681107 0,1804
5 0,6408446 0,4355533 0,0429278 0,07604271
5 0,3706289 0,0521428 0,02930784 0,1049215
5 0,4955146 0,3647631 0,0154649 0,02823842
6 0,6274211 0,398939 0,03655988 0,05720717
6 0,4159318 0,4194584 0,01671934 0,03658795
6 0,4144794 0,4119775 0,01548591 0,03367567
