0 0,6300328 0,2695949 0,01982796 0,05828148
0 0,5723481 0,2999373 0,02553165 0,07483763
1 0,554543 0,1539626 0,02738416 0,04550213
2 0,6012211 0,5826817 0,06511968 0,1282345
2 0,6373055 0,5392674 0,05973458 0,1120134
2 0,6296468 0,2650932 0,0233382 0,07032043
2 0,5729992 0,3050255 0,02963358 0,09634817
3 0,591561 0,4225941 0,0722667 0,1209241
3 0,6038078 0,3838176 0,06667131 0,1058233
3 0,1484315 0,5268549 0,1285443 0,1849095
7 0,5410859 0,2660782 0,0538578 0,1812016
5 0,5645127 0,6093097 0,03703618 0,110096
5 0,6564758 0,2707115 0,01947236 0,03978121
6 0,1396223 0,5388305 0,03631937 0,07415807
6 0,1743262 0,5055827 0,03330015 0,06850311
6 0,6019937 0,5560179 0,03672093 0,09241253
6 0,636809 0,5165731 0,03460711 0,08356705
6 0,5297991 0,278484 0,01500982 0,03480542
6 0,539921 0,2631904 0,01439434 0,03274798
