0 0,5462093 0,2640699 0,01962078 0,06271052
0 0,5580551 0,3714805 0,03010678 0,09110421
1 0,5053977 0,235468 0,03423202 0,07137126
2 0,7884666 0,5769727 0,06801021 0,117182
2 0,7575386 0,4975016 0,0599407 0,09604588
2 0,5424287 0,2595938 0,02141333 0,07457852
2 0,5634395 0,3762468 0,03449219 0,11325
3 0,698788 0,4695343 0,06945074 0,1291275
3 0,6662581 0,417349 0,0632956 0,1142631
7 0,527297 0,3836096 0,07295614 0,2579138
5 0,8280256 0,6524056 0,05142576 0,1007809
5 0,5652598 0,2408826 0,01885599 0,04134506
6 0,7958717 0,5590812 0,04147267 0,08064476
6 0,7649806 0,4842944 0,03623956 0,06967169
6 0,541095 0,4192218 0,01964349 0,05119777
6 0,5255479 0,3823231 0,01810724 0,04744959
