0 0,4651787 0,1573311 0,0204168 0,05672395
0 0,5058646 0,1417045 0,02312845 0,05153137
0 0,3968264 0,1529105 0,02410024 0,04512221
0 0,3944095 0,1330491 0,02234021 0,04118204
0 0,3888208 0,1095907 0,02026629 0,03665888
1 0,3878646 0,07363743 0,03080758 0,05204034
2 0,6486449 0,4395289 0,0544768 0,07622397
2 0,6162924 0,3752181 0,0466857 0,06157774
2 0,4620138 0,1480587 0,02486941 0,06055427
2 0,5034853 0,1523666 0,02717957 0,05597216
3 0,4613091 0,229274 0,06616354 0,1007658
3 0,4400964 0,1980872 0,05067846 0,06908733
4 0,3999169 0,1836702 0,04698783 0,1669472
5 0,6890814 0,4941466 0,03944939 0,09153199
5 0,4835109 0,1401273 0,01550978 0,03382587
