0 0,4293689 0,4116828 0,02167043 0,06194365
0 0,4790039 0,4667273 0,02887589 0,0918259
1 0,4131678 0,3319647 0,04185653 0,06871557
2 0,6771271 0,4524662 0,04038113 0,04396158
2 0,6424844 0,4318243 0,03319037 0,03836393
2 0,4241547 0,4105587 0,02300358 0,07766849
2 0,4855228 0,4663862 0,03050452 0,1174668
3 0,5789863 0,4239734 0,03316289 0,0806976
7 0,4599889 0,4814032 0,1010756 0,2561336
5 0,7149358 0,4593258 0,02932817 0,05149567
5 0,442733 0,3851328 0,01869005 0,03594786
6 0,4584162 0,4802992 0,01987645 0,05174246
