0 0,5076101 0,7445807 0,01249975 0,03848347
0 0,4958161 0,7633784 0,01855406 0,05413419
1 0,4609042 0,6632729 0,02086177 0,02715898
2 0,6384124 0,8190582 0,05128384 0,03240314
2 0,6292976 0,8012372 0,04541802 0,02689806
2 0,4195266 0,5616499 0,01551479 0,01034686
2 0,4206288 0,5563371 0,01653954 0,01129809
2 0,5054699 0,743073 0,01421785 0,04787642
2 0,4989414 0,7647525 0,02122384 0,07180795
3 0,5782307 0,7739657 0,0514341 0,0516416
3 0,5637343 0,7638232 0,04675919 0,04626054
7 0,4676683 0,7492905 0,03607568 0,1401169
5 0,6482247 0,8215508 0,03033483 0,051773
5 0,5243751 0,7354507 0,01268101 0,02157956
6 0,6381428 0,795275 0,02667588 0,03909077
6 0,470285 0,7534876 0,01253131 0,02539422
6 0,4662859 0,7474539 0,01176289 0,02368431
