0 0,8621164 0,4922948 0,04116565 0,0665856
0 0,700006 0,3897082 0,0277735 0,04904032
0 0,4045974 0,3835307 0,02747911 0,1030162
1 0,344171 0,1892737 0,04224044 0,09025991
2 0,859931 0,4794654 0,04407924 0,06522736
2 0,7002221 0,380573 0,0330348 0,05098653
2 0,4114024 0,3824278 0,02871579 0,1314915
3 0,484635 0,3353482 0,03737524 0,06948912
3 0,9269181 0,5839099 0,1033827 0,1077196
7 0,4113978 0,3912752 0,1239393 0,2897305
5 0,5756651 0,3557303 0,02056283 0,03509313
5 0,8508118 0,4635306 0,02151543 0,03237575
6 0,9293046 0,5863379 0,04712224 0,06347328
6 0,917332 0,5885245 0,04776925 0,06545785
