0 0,5729976 0,3205858 0,01868528 0,05829668
0 0,5434177 0,3981426 0,02594846 0,08359599
1 0,498033 0,2313168 0,02910551 0,05127168
2 0,7736452 0,8092111 0,1201124 0,1604509
2 0,7590472 0,6839282 0,09911335 0,1177686
2 0,570498 0,3155078 0,02177352 0,06928861
2 0,5471538 0,404709 0,03090817 0,1069416
3 0,6625417 0,570327 0,1017283 0,1159803
3 0,6420324 0,4981847 0,08614117 0,09676853
7 0,5016433 0,3787393 0,04229704 0,2346146
5 0,7984154 0,9477737 0,08878255 0,1666944
5 0,5990251 0,3096868 0,01947141 0,03648263
6 0,781757 0,7817829 0,07165802 0,1123773
6 0,7660666 0,6641001 0,05915976 0,089764
6 0,4996765 0,4074949 0,01636326 0,04121733
6 0,4997015 0,3759198 0,01507056 0,03764808
