0 0,7094762 0,4148528 0,04769939 0,1030798
0 0,5456067 0,4114739 0,0345301 0,1085255
1 0,5790026 0,2138637 0,03261721 0,05186844
2 0,1799975 0,5378543 0,1258022 0,08977818
2 0,1494539 0,6034417 0,1644062 0,1280715
2 0,7144599 0,4100872 0,05153632 0,1278961
2 0,5400662 0,4150684 0,03756285 0,1428009
3 0,3751169 0,4639304 0,08037242 0,1590012
3 0,4397323 0,4519164 0,05887473 0,1512558
3 0,2241504 0,3585726 0,0686256 0,05226058
7 0,5372423 0,3542867 0,08998585 0,2100805
5 0,1963172 0,4728844 0,05758877 0,07970625
5 0,7483267 0,4312194 0,05803496 0,08045644
6 0,2198936 0,3611897 0,02137688 0,03080112
6 0,2368103 0,358882 0,02038333 0,03052652
6 0,1754638 0,4932038 0,07042897 0,08371222
6 0,1459333 0,5466585 0,09043175 0,1076574
6 0,5078564 0,3550444 0,01402348 0,03929162
6 0,5371121 0,3506443 0,01496935 0,03861511
