0 0,6790354 0,4861099 0,04224384 0,1003436
0 0,5373779 0,4497969 0,03155571 0,1094789
1 0,5747445 0,2297707 0,03169996 0,06879061
2 0,2311044 0,6251031 0,09041074 0,116665
2 0,22243 0,7298018 0,1068597 0,1537054
2 0,6839849 0,4793716 0,04616863 0,1234543
2 0,5322778 0,4563364 0,03429663 0,1395673
3 0,3916887 0,5707245 0,05938777 0,2006692
3 0,4456444 0,5583081 0,04720229 0,1938044
3 0,226983 0,2873043 0,06698772 0,05998886
7 0,5318539 0,3592617 0,08492297 0,2100692
5 0,2337368 0,5348089 0,04602195 0,08460373
5 0,7039874 0,5508155 0,04598236 0,08749056
6 0,2229329 0,2897061 0,0210017 0,03554875
6 0,2394818 0,2878915 0,02001475 0,03528565
6 0,5044944 0,3587799 0,01283175 0,04540753
6 0,5318314 0,3546311 0,01416874 0,04476899
