0 0,4131818 0,1129441 0,01730579 0,05108249
0 0,3049745 0,1725124 0,02372858 0,06409991
0 0,540253 0,7937791 0,07395023 0,2555035
1 0,799462 0,6431249 0,1603382 0,3087053
2 0,3644913 0,3315467 0,04193968 0,06827319
2 0,3221889 0,3692205 0,04625225 0,07948279
2 0,4103319 0,109853 0,01932448 0,06213754
2 0,3010929 0,1623189 0,02916801 0,06705105
2 0,5271585 0,7751472 0,07941848 0,2945423
3 0,3678291 0,4723856 0,09953776 0,17259
3 0,3744784 0,5621698 0,1147507 0,2152338
3 0,5251397 0,1445339 0,03403252 0,05929428
7 0,6429468 0,6809599 0,2328108 0,6390396
5 0,3961771 0,2871662 0,0248386 0,05726451
6 0,5235198 0,1442251 0,0127064 0,0280602
6 0,5297021 0,1521429 0,01321948 0,02905983
6 0,6063932 0,5752536 0,03944945 0,09631816
6 0,6473202 0,6748665 0,04759485 0,1152508
