0 0,3815263 0,2701681 0,02974775 0,08475339
0 0,09445884 0,2698509 0,09630799 0,1291503
0 0,5157512 0,504913 0,02360457 0,06854016
0 0,52088 0,5735584 0,04463419 0,1288422
1 0,4262002 0,3933302 0,0438523 0,06928325
2 0,3780896 0,2766089 0,03322047 0,1020815
2 0,09317169 0,2939611 0,1159579 0,1288581
2 0,5117537 0,5032265 0,02650052 0,0843994
2 0,5285363 0,5748948 0,05159497 0,167706
3 0,758324 0,589209 0,1681095 0,2171347
3 0,6827672 0,5507104 0,1270992 0,1598445
3 0,6043726 0,1155083 0,1079496 0,1856731
7 0,4457803 0,5699663 0,08302179 0,3400828
5 0,3865041 0,2850627 0,01282066 0,04209334
5 0,5516697 0,479408 0,02354592 0,04120773
6 0,5987533 0,1189496 0,03646958 0,07521915
6 0,6214966 0,08527452 0,04134601 0,08556575
6 0,4483663 0,5908911 0,03061512 0,07195315
6 0,4425538 0,5673345 0,02654618 0,06119475
