0 0,6884794 0,1473554 0,04639786 0,1104715
0 0,4520589 0,1049995 0,04562533 0,1330546
0 0,5549791 0,4003863 0,01676518 0,05819213
0 0,5093055 0,436452 0,03035662 0,09418404
1 0,4632308 0,2653594 0,03479883 0,04568142
2 0,825505 0,9740059 0,4341456 0,6020012
2 0,680472 0,1553724 0,0494017 0,1315138
2 0,4485744 0,1290305 0,05637714 0,1301147
2 0,5530326 0,3977422 0,01980138 0,07173395
2 0,512482 0,4395085 0,03459629 0,1252474
3 0,5973042 0,5038148 0,1347622 0,1471204
3 0,5899464 0,4647213 0,106106 0,1113483
7 0,4548834 0,4004411 0,06904012 0,2216857
5 0,6943663 0,1682083 0,02449393 0,05496895
5 0,5900209 0,3932629 0,01942229 0,03544772
6 0,6356322 0,9514636 0,1603963 0,487564
6 0,8216228 0,864876 0,2206512 0,385764
6 0,4415207 0,4076697 0,02272373 0,04158938
6 0,4528911 0,3972319 0,02012655 0,03716868
