0 0,4568997 0,1518162 0,01584125 0,05438018
0 0,4477003 0,2215903 0,02479455 0,08038926
1 0,3878646 0,07363743 0,03080758 0,05204034
2 0,5898216 0,4644637 0,06815279 0,1087964
2 0,6182045 0,4125335 0,06454498 0,0918836
2 0,4543853 0,1487229 0,01828331 0,06623167
2 0,4516681 0,2245342 0,02821052 0,1028298
3 0,534541 0,2808932 0,06475586 0,09436184
3 0,5199338 0,2467379 0,05876923 0,08342671
7 0,4015119 0,2081844 0,04944259 0,2153524
5 0,5599672 0,5010508 0,04053527 0,09842634
5 0,4835109 0,1401273 0,01550978 0,03382587
6 0,5907931 0,4367297 0,03744072 0,08579338
6 0,6182191 0,3894618 0,03612232 0,07594544
6 0,3995187 0,2060717 0,016285 0,03747654
