0 0,05125797 0,1643248 0,08255213 0,1560969
0 0,5761058 0,5981658 0,03398561 0,08546722
1 0,5056318 0,4390863 0,03550723 0,04576123
2 0,9575909 0,7570348 0,1195134 0,1024453
2 0,3052745 0,3554558 0,01548386 0,01004356
2 0,04795268 0,1723376 0,09029543 0,1847563
2 0,5828488 0,6003112 0,03814286 0,1117336
3 0,7435105 0,6310333 0,07773989 0,09463593
3 0,6946288 0,6067447 0,06904054 0,07878962
3 0,206878 0,003130436 0,2081873 0,504644
7 0,529787 0,5754897 0,08380133 0,2321303
5 0,0583927 0,1914424 0,04383761 0,07789677
5 0,5658355 0,5449126 0,0188821 0,0291591
6 0,2121779 0,01390088 0,07834415 0,1797411
6 0,9631674 0,7194258 0,06658238 0,09193176
6 0,547022 0,5868981 0,02291852 0,04317185
