0 0,07758334 0,1810951 0,07342649 0,1181984
0 0,0113796 0,1540831 0,09464231 0,1409
0 0,5904229 0,5465422 0,0289036 0,04390609
0 0,5459361 0,4977518 0,03124142 0,04014695
0 0,5242183 0,4904327 0,02791458 0,03578034
0 0,4969561 0,481999 0,02428976 0,03137517
1 0,5056318 0,4390863 0,03550723 0,04576123
2 0,9067817 0,7208444 0,07181746 0,06372623
2 0,3052745 0,3554558 0,01548386 0,01004356
2 0,08184332 0,1985555 0,0875178 0,1297494
2 0,01646748 0,1303811 0,1137948 0,1542519
2 0,5876258 0,5573671 0,03447598 0,04767054
3 0,614943 0,5930204 0,09590375 0,08974448
3 0,5660816 0,5719466 0,06057686 0,0620783
3 0,206878 0,003130436 0,2081873 0,504644
4 0,530285 0,5458856 0,08303878 0,1637045
5 0,0583927 0,1914424 0,04383761 0,07789677
5 0,5658355 0,5449126 0,0188821 0,0291591
6 0,2121779 0,01390088 0,07834415 0,1797411
