0 0,6279218 0,2628029 0,01938176 0,05687243
0 0,5749015 0,309002 0,02633369 0,07781607
1 0,554543 0,1539626 0,02738416 0,04550213
2 0,5298365 0,6138705 0,06746879 0,1388789
2 0,5878335 0,6330122 0,06728834 0,1468154
2 0,6273236 0,2584546 0,02245665 0,068726
2 0,5760001 0,3140062 0,03024167 0,09967595
3 0,591561 0,4225941 0,0722667 0,1209241
3 0,6038078 0,3838176 0,06667131 0,1058233
3 0,1484315 0,5268549 0,1285443 0,1849095
7 0,5410859 0,2660782 0,0538578 0,1812016
5 0,479939 0,5791922 0,03639305 0,09905958
5 0,6564758 0,2707115 0,01947236 0,03978121
6 0,1396223 0,5388305 0,03631937 0,07415807
6 0,1743262 0,5055827 0,03330015 0,06850311
6 0,5285205 0,5841112 0,03524637 0,09909517
6 0,584243 0,602548 0,0361886 0,1033267
6 0,5297991 0,278484 0,01500982 0,03480542
6 0,539921 0,2631904 0,01439434 0,03274798
