0 0,8455853 0,4731231 0,04091126 0,06920379
0 0,6927463 0,3844057 0,02704084 0,04818863
0 0,4153535 0,380133 0,02778488 0,1001225
1 0,344171 0,1892737 0,04224044 0,09025991
2 0,5887716 0,3778413 0,0375452 0,02849221
2 0,5653598 0,3591413 0,03424972 0,02606302
2 0,8443384 0,4680346 0,04570526 0,08263168
2 0,6929335 0,3754902 0,03215063 0,05015832
2 0,4214266 0,3782825 0,0299671 0,1265093
3 0,484635 0,3353482 0,03737524 0,06948912
3 0,9269181 0,5839099 0,1033827 0,1077196
7 0,4113978 0,3912752 0,1239393 0,2897305
5 0,6139036 0,3843547 0,02293205 0,04017264
5 0,8508118 0,4635306 0,02151543 0,03237575
6 0,9293046 0,5863379 0,04712224 0,06347328
6 0,917332 0,5885245 0,04776925 0,06545785
