0 0,4955965 0,6656859 0,0483717 0,1253577
0 0,4652431 0,5957617 0,04099938 0,1037791
0 0,5405361 0,2886361 0,01813745 0,02991444
0 0,5604745 0,2910764 0,01913589 0,03041852
0 0,46093 0,2603768 0,01443321 0,02442592
1 0,4615999 0,249226 0,02144539 0,03487426
2 0,6601686 0,4703174 0,03891802 0,04163843
2 0,635771 0,4349964 0,03433931 0,03518343
2 0,4958685 0,6897491 0,06377387 0,1369995
2 0,4658258 0,6177652 0,05375582 0,1101141
2 0,5401806 0,2984028 0,02423972 0,02575779
2 0,5600167 0,3009617 0,02541518 0,02626449
3 0,4303162 0,4655088 0,0644491 0,124005
3 0,52063 0,3444054 0,03777224 0,06359518
3 0,3977829 0,4256819 0,06121472 0,1025187
4 0,4695721 0,3103099 0,03527349 0,1117689
5 0,6884954 0,4942107 0,02588004 0,05597472
5 0,5271682 0,7447391 0,03674227 0,120277
5 0,5246048 0,2890017 0,01253688 0,02409756
6 0,3945133 0,4316579 0,01946357 0,04673326
6 0,4069652 0,4173422 0,01840302 0,04405284
