0 0,567362 0,3135309 0,01793933 0,05705291
0 0,5514485 0,4087903 0,02739382 0,08694756
1 0,498033 0,2313168 0,02910551 0,05127168
2 0,8118927 0,9286933 0,1427919 0,2140509
2 0,5647663 0,3087481 0,02058578 0,06823605
2 0,555775 0,4149944 0,03202981 0,1112504
3 0,6625417 0,570327 0,1017283 0,1159803
3 0,6420324 0,4981847 0,08614117 0,09676853
7 0,5016433 0,3787393 0,04229704 0,2346146
5 0,5990251 0,3096868 0,01947141 0,03648263
6 0,7652387 0,9899912 0,08487946 0,1706093
6 0,8168007 0,9034474 0,08546734 0,1489104
6 0,4996765 0,4074949 0,01636326 0,04121733
6 0,4997015 0,3759198 0,01507056 0,03764808
