0 0,7151793 0,4082528 0,0470475 0,09946787
0 0,5376339 0,419303 0,03536028 0,1135733
1 0,5790026 0,2138637 0,03261721 0,05186844
2 0,226925 0,453554 0,0644367 0,04217416
2 0,186874 0,4919661 0,08184822 0,05482844
2 0,7195197 0,4035839 0,05078924 0,1231015
2 0,5322052 0,4227841 0,03930956 0,1482141
3 0,3751169 0,4639304 0,08037242 0,1590012
3 0,475813 0,4871938 0,147296 0,2113164
3 0,2241504 0,3585726 0,0686256 0,05226058
7 0,5372423 0,3542867 0,08998585 0,2100805
5 0,2521426 0,4098834 0,0286949 0,05174953
5 0,7483267 0,4312194 0,05803496 0,08045644
6 0,2198936 0,3611897 0,02137688 0,03080112
6 0,2368103 0,358882 0,02038333 0,03052652
6 0,2247949 0,4211465 0,03710543 0,05067605
6 0,5078564 0,3550444 0,01402348 0,03929162
6 0,5371121 0,3506443 0,01496935 0,03861511
