0 0,7674513 0,4741524 0,07058764 0,1401063
0 0,527049 0,4865536 0,04663032 0,1591794
1 0,5818 0,2113518 0,04174346 0,06662339
2 0,1068129 0,5345214 0,106651 0,06908724
2 0,01753163 0,6111846 0,1532703 0,1017761
2 0,7723387 0,4666266 0,07689273 0,1714517
2 0,5194318 0,4930207 0,05201837 0,2074832
3 0,2693716 0,5955176 0,1907946 0,3158625
3 0,412413 0,6677307 0,3097391 0,5093758
3 0,1574931 0,3847572 0,08993376 0,06473523
7 0,5290824 0,3884976 0,1136142 0,2692568
5 0,1577435 0,4655586 0,04686153 0,07088095
5 0,83676 0,5334522 0,1009632 0,1341469
6 0,1523311 0,387913 0,02964222 0,03786784
6 0,1730144 0,3849586 0,02816668 0,03746033
6 0,4918872 0,3897437 0,01702103 0,05158389
6 0,5289775 0,3836632 0,01841712 0,05044824
