0 0,5663821 0,4898158 0,05663431 0,1744756
1 0,6462398 0,0846771 0,06229281 0,1365861
2 0,1310027 0,4731044 0,09440389 0,1172566
2 0,0797542 0,6432458 0,119092 0,157561
2 0,5594246 0,5059017 0,06428021 0,2130664
3 0,3504124 0,7795659 0,1112896 0,4375815
3 0,4938062 0,963185 0,2029864 0,604507
3 0,102695 0,05858105 0,1176237 0,09854412
7 0,5667644 0,2775641 0,1429921 0,3194406
5 0,1586619 0,336974 0,0515641 0,09788388
5 0,8398235 0,73857 0,08885813 0,1517965
6 0,0967278 0,06182867 0,0404612 0,06078762
6 0,1229583 0,06123221 0,03808898 0,060206
6 0,1183961 0,4360271 0,06662643 0,08816981
6 0,06696644 0,5961889 0,08431432 0,1041664
6 0,5262967 0,2740388 0,02154833 0,07699674
6 0,5668038 0,2692942 0,02434927 0,07559669
