0 0,3742928 0,2830252 0,0297088 0,08168721
0 0,06516621 0,2733473 0,1045914 0,1326767
0 0,5078688 0,5045296 0,02288166 0,06687987
0 0,5354722 0,5750722 0,04654467 0,1335761
1 0,4262002 0,3933302 0,0438523 0,06928325
2 0,3782172 0,2804018 0,0360097 0,1002111
2 0,06392023 0,2979453 0,1257541 0,1326885
2 0,5038832 0,5030408 0,02550977 0,08233827
2 0,543941 0,5753521 0,05312657 0,1725201
3 0,758324 0,589209 0,1681095 0,2171347
3 0,6957502 0,5127832 0,1609856 0,1507685
3 0,6043726 0,1155083 0,1079496 0,1856731
7 0,4457803 0,5699663 0,08302179 0,3400828
5 0,3865041 0,2850627 0,01282066 0,04209334
5 0,5516697 0,479408 0,02354592 0,04120773
6 0,5987533 0,1189496 0,03646958 0,07521915
6 0,6214966 0,08527452 0,04134601 0,08556575
6 0,4483663 0,5908911 0,03061512 0,07195315
6 0,4425538 0,5673345 0,02654618 0,06119475
