0 0,6724142 0,1630967 0,04203093 0,102938
0 0,4331886 0,1055737 0,04809183 0,1329132
0 0,5503026 0,3975242 0,01616174 0,05638784
0 0,5166032 0,4421797 0,03103614 0,09893054
1 0,4632308 0,2653594 0,03479883 0,04568142
2 0,6752066 0,1605601 0,04975045 0,1265105
2 0,4299636 0,1293688 0,05899116 0,1304986
2 0,5482646 0,3950313 0,0187152 0,06965417
2 0,5205567 0,4448308 0,03461438 0,1308478
3 0,5973042 0,5038148 0,1347622 0,1471204
3 0,6383339 0,4547505 0,1269376 0,1294789
7 0,4548834 0,4004411 0,06904012 0,2216857
5 0,6943663 0,1682083 0,02449393 0,05496895
5 0,5900209 0,3932629 0,01942229 0,03544772
6 0,4415207 0,4076697 0,02272373 0,04158938
6 0,4528911 0,3972319 0,02012655 0,03716868
