0 0,3458467 0,05511165 0,06755078 0,1857011
0 0,465838 0,3839024 0,0155738 0,04599971
0 0,4689796 0,4148514 0,02584267 0,07394648
1 0,4045488 0,3091663 0,02774587 0,04418731
2 0,5249905 0,5954983 0,07299277 0,1079986
2 0,5942186 0,5438186 0,07600492 0,08906588
2 0,4432251 0,2295904 0,01445028 0,01197642
2 0,445881 0,225087 0,01531217 0,01275301
2 0,3542203 0,05386698 0,07912832 0,2192113
2 0,4634076 0,3832373 0,01781374 0,0572508
2 0,4731933 0,4140887 0,02936086 0,09541649
3 0,5490503 0,3960633 0,06819373 0,08372074
3 0,5512387 0,3713865 0,07182223 0,07257766
7 0,4163983 0,4134855 0,04681107 0,1804
5 0,4500091 0,6158555 0,04722199 0,1230546
5 0,3706289 0,0521428 0,02930784 0,1049215
5 0,4955146 0,3647631 0,0154649 0,02823842
6 0,4159318 0,4194584 0,01671934 0,03658795
6 0,4144794 0,4119775 0,01548591 0,03367567
