0 0,4994064 0,2943659 0,01176789 0,03890973
0 0,5090032 0,3435799 0,0184975 0,05760628
1 0,4610068 0,2351021 0,02145839 0,03416073
2 0,5654681 0,537218 0,03992355 0,06043324
2 0,6018085 0,5201002 0,04087502 0,05636606
2 0,4972023 0,2923039 0,01310709 0,04772872
2 0,5125047 0,3450885 0,0206365 0,0739212
3 0,5734593 0,3751269 0,04839927 0,05946451
3 0,5734837 0,3413033 0,05467451 0,06497127
3 0,3415031 0,9390264 0,1004186 0,430204
7 0,4698072 0,3280517 0,03543115 0,1481046
5 0,5302906 0,5377088 0,02326971 0,05818218
5 0,5246048 0,2890017 0,01253688 0,02409756
6 0,3401845 0,9711329 0,04977629 0,1389743
6 0,3463092 0,8726662 0,04339123 0,1172998
6 0,5650233 0,5131524 0,02083498 0,05614561
6 0,599854 0,4983206 0,02194077 0,05344611
6 0,4724717 0,3391492 0,01203197 0,02704716
