0 0,5449306 0,2600495 0,02531326 0,06725669
0 0,5891775 0,2403458 0,02915245 0,06233901
0 0,5413294 0,3487378 0,02809137 0,06212515
0 0,5227087 0,3095602 0,02559352 0,05632484
0 0,4976244 0,2635621 0,02291155 0,04979378
1 0,5053977 0,235468 0,03423202 0,07137126
2 0,858934 0,6595759 0,0580281 0,1060791
2 0,802361 0,5744036 0,05070478 0,08785382
2 0,5419111 0,2513278 0,03038818 0,07373416
2 0,5859952 0,250693 0,03414696 0,06918424
3 0,599825 0,4032558 0,08235532 0,1489061
3 0,5601723 0,3551836 0,05508506 0,09830952
4 0,5278547 0,360921 0,07295614 0,2150809
5 0,9288694 0,7407125 0,05488539 0,09693924
5 0,5652598 0,2408826 0,01885599 0,04134506
