0 0,4985946 0,7419486 0,01205885 0,03723022
0 0,5087586 0,767261 0,01939419 0,05696566
1 0,4609042 0,6632729 0,02086177 0,02715898
2 0,5776514 0,8842703 0,04900682 0,04918443
2 0,6196234 0,8724902 0,05005187 0,04505306
2 0,4195266 0,5616499 0,01551479 0,01034686
2 0,4206288 0,5563371 0,01653954 0,01129809
2 0,05602503 0,008517504 0,2506944 0,4903184
2 0,4963336 0,7405909 0,01341131 0,04645781
2 0,512473 0,76788 0,02152812 0,07452057
3 0,5782307 0,7739657 0,0514341 0,0516416
3 0,5766553 0,7572156 0,05770099 0,05026057
7 0,4676683 0,7492905 0,03607568 0,1401169
5 0,5355726 0,8726352 0,02742237 0,06546116
5 0,5243751 0,7354507 0,01268101 0,02157956
6 0,470285 0,7534876 0,01253131 0,02539422
6 0,4662859 0,7474539 0,01176289 0,02368431
