0 0,8426011 0,4626552 0,03924304 0,06751823
0 0,6857121 0,3793328 0,02634835 0,04739261
0 0,4244031 0,3765555 0,02780288 0,09720558
1 0,344171 0,1892737 0,04224044 0,09025991
2 0,645699 0,4249337 0,0368107 0,0290122
2 0,6222797 0,3996888 0,03272206 0,02572364
2 0,8478758 0,4681076 0,04748678 0,08628726
2 0,6858701 0,3706268 0,03131771 0,04939568
2 0,4297906 0,374048 0,03075308 0,1216683
3 0,4628437 0,3187852 0,05823916 0,07061374
3 0,9269181 0,5839099 0,1033827 0,1077196
7 0,4113978 0,3912752 0,1239393 0,2897305
5 0,6729449 0,4375017 0,02486289 0,04743135
5 0,8508118 0,4635306 0,02151543 0,03237575
6 0,9293046 0,5863379 0,04712224 0,06347328
6 0,917332 0,5885245 0,04776925 0,06545785
