0 0,7200653 0,4013621 0,0462299 0,09574217
0 0,5294741 0,4286345 0,03627551 0,1194425
1 0,5790026 0,2138637 0,03261721 0,05186844
2 0,1884261 0,4362198 0,08198872 0,04613268
2 0,2123547 0,4436976 0,08321011 0,05013275
2 0,7238086 0,3968301 0,04988283 0,1182475
2 0,5241755 0,4320122 0,04135746 0,1544741
3 0,3751169 0,4639304 0,08037242 0,1590012
3 0,5339414 0,5035484 0,1513863 0,1956655
3 0,2241504 0,3585726 0,0686256 0,05226058
7 0,5372423 0,3542867 0,08998585 0,2100805
5 0,1668341 0,4129486 0,04600574 0,05221415
5 0,7483267 0,4312194 0,05803496 0,08045644
6 0,2198936 0,3611897 0,02137688 0,03080112
6 0,2368103 0,358882 0,02038333 0,03052652
6 0,1842565 0,4078202 0,04545403 0,05016339
6 0,2067902 0,4141323 0,04597254 0,05350196
6 0,5078564 0,3550444 0,01402348 0,03929162
6 0,5371121 0,3506443 0,01496935 0,03861511
