0 0,7717533 0,4620754 0,06839311 0,1329951
0 0,5153471 0,5029936 0,0481275 0,1703142
1 0,5818 0,2113518 0,04174346 0,06662339
2 0,07340437 0,5006555 0,1301338 0,07239988
2 0,09580395 0,5158241 0,1361274 0,08148989
2 0,7757673 0,4548745 0,07425135 0,1623738
2 0,5076492 0,5098578 0,05524069 0,2199573
3 0,2693716 0,5955176 0,1907946 0,3158625
3 0,5066573 0,7249119 0,3090936 0,4818781
3 0,1574931 0,3847572 0,08993376 0,06473523
7 0,5290824 0,3884976 0,1136142 0,2692568
5 0,05215645 0,4670936 0,07120478 0,07097584
5 0,83676 0,5334522 0,1009632 0,1341469
6 0,1523311 0,387913 0,02964222 0,03786784
6 0,1730144 0,3849586 0,02816668 0,03746033
6 0,06680429 0,464222 0,07308871 0,07031235
6 0,08773068 0,4769458 0,07612527 0,07689497
6 0,4918872 0,3897437 0,01702103 0,05158389
6 0,5289775 0,3836632 0,01841712 0,05044824
