0 0,003484309 0,5555834 0,07975921 0,1138115
2 0,2154386 0,5239552 0,1198375 0,1533109
2 0,2166435 0,5987284 0,1454509 0,2012773
2 0,002406836 0,4523164 0,03402138 0,03545678
2 0,01805413 0,5473359 0,08100089 0,1180508
3 0,3131476 0,2481042 0,07907432 0,1107291
5 0,2072716 0,4529036 0,06722249 0,1055545
5 0,02083185 0,5341226 0,04393357 0,05936351
6 0,3095482 0,2532955 0,02881101 0,05710906
6 0,3257152 0,2437734 0,02864996 0,05842316
6 0,2020556 0,4816151 0,07743879 0,1205174
6 0,2009493 0,5461682 0,09342265 0,1465141
