0 0,5558838 0,526563 0,05715126 0,1804091
1 0,6462398 0,0846771 0,06229281 0,1365861
2 0,06808189 0,3623093 0,1222112 0,1351296
2 0,1065761 0,4187279 0,1219194 0,1504222
2 0,5492036 0,5448345 0,06593394 0,2161692
3 0,3504124 0,7795659 0,1112896 0,4375815
3 0,102695 0,05858105 0,1176237 0,09854412
7 0,5667644 0,2775641 0,1429921 0,3194406
5 0,02640411 0,2948124 0,08415973 0,09899414
5 0,8398235 0,73857 0,08885813 0,1517965
6 0,0967278 0,06182867 0,0404612 0,06078762
6 0,1229583 0,06123221 0,03808898 0,060206
6 0,05151913 0,3273647 0,08126035 0,1038334
6 0,5262967 0,2740388 0,02154833 0,07699674
6 0,5668038 0,2692942 0,02434927 0,07559669
