0 0,6908239 0,4610804 0,04166895 0,09462824
0 0,5224072 0,4802926 0,03215849 0,1177352
1 0,5747445 0,2297707 0,03169996 0,06879061
2 0,2103382 0,4298413 0,06886078 0,06669086
2 0,2355395 0,4517227 0,06878075 0,07256228
2 0,694786 0,4542246 0,04570383 0,1151257
2 0,5176259 0,4878218 0,03641671 0,146347
3 0,3916887 0,5707245 0,05938777 0,2006692
3 0,5224378 0,6735668 0,1164712 0,2149335
3 0,226983 0,2873043 0,06698772 0,05998886
7 0,5318539 0,3592617 0,08492297 0,2100692
5 0,1863806 0,3968632 0,0418876 0,05729842
5 0,7039874 0,5508155 0,04598236 0,08749056
6 0,2229329 0,2897061 0,0210017 0,03554875
6 0,2394818 0,2878915 0,02001475 0,03528565
6 0,2048781 0,4052534 0,04029007 0,05760521
6 0,5044944 0,3587799 0,01283175 0,04540753
6 0,5318314 0,3546311 0,01416874 0,04476899
