0 0,4101107 0,1014662 0,01444682 0,04688233
0 0,2833154 0,1800292 0,02667618 0,06663918
0 0,4917112 0,7507291 0,06592786 0,2426418
1 0,799462 0,6431249 0,1603382 0,3087053
2 0,4537773 0,2208135 0,03693762 0,04185832
2 0,4455212 0,2492478 0,03996965 0,04857284
2 0,4136634 0,1045396 0,01388738 0,0557493
2 0,2791113 0,1697685 0,03250071 0,07025146
2 0,479189 0,7363594 0,07042074 0,2850228
3 0,3678291 0,4723856 0,09953776 0,17259
3 0,5251397 0,1445339 0,03403252 0,05929428
7 0,6429468 0,6809599 0,2328108 0,6390396
5 0,4598751 0,1866568 0,01774782 0,04146725
6 0,5235198 0,1442251 0,0127064 0,0280602
6 0,5297021 0,1521429 0,01321948 0,02905983
6 0,4534884 0,1998495 0,01977056 0,04064614
6 0,4456459 0,2256963 0,0214307 0,04505855
6 0,6063932 0,5752536 0,03944945 0,09631816
6 0,6473202 0,6748665 0,04759485 0,1152508
