0 0,6771685 0,1708051 0,03547364 0,09400702
0 0,4124253 0,1058946 0,0508559 0,1330106
0 0,5451895 0,3946806 0,01586759 0,05459082
0 0,5258582 0,448509 0,03153467 0,1040352
1 0,4632308 0,2653594 0,03479883 0,04568142
2 0,6859115 0,16254 0,03696668 0,115648
2 0,4094727 0,1294734 0,06196362 0,1311626
2 0,5430911 0,3923326 0,01799124 0,06756085
2 0,5306964 0,4506621 0,03424919 0,1368129
3 0,5973042 0,5038148 0,1347622 0,1471204
3 0,653828 0,4396389 0,08746028 0,1087476
7 0,4548834 0,4004411 0,06904012 0,2216857
5 0,6943663 0,1682083 0,02449393 0,05496895
5 0,5900209 0,3932629 0,01942229 0,03544772
6 0,4415207 0,4076697 0,02272373 0,04158938
6 0,4528911 0,3972319 0,02012655 0,03716868
