0 0,4460276 0,1450339 0,01557329 0,05289245
0 0,4644453 0,2305331 0,02489924 0,0836578
1 0,3878646 0,07363743 0,03080758 0,05204034
2 0,4642693 0,8791957 0,1073862 0,309179
2 0,4869551 0,6858882 0,08894345 0,2051005
2 0,4433658 0,1422764 0,01760447 0,06470388
2 0,4691239 0,2321841 0,02715319 0,1061904
3 0,534541 0,2808932 0,06475586 0,09436184
3 0,541767 0,2005067 0,05101258 0,08652645
7 0,4015119 0,2081844 0,04944259 0,2153524
5 0,4835109 0,1401273 0,01550978 0,03382587
6 0,4616838 0,8531964 0,05916265 0,1930073
6 0,4847203 0,6672732 0,04852062 0,1405752
6 0,3995187 0,2060717 0,016285 0,03747654
