0 0,07316712 0,1995121 0,06184316 0,1288552
0 0,6010709 0,6053711 0,03553957 0,08946836
1 0,5056318 0,4390863 0,03550723 0,04576123
2 0,3052745 0,3554558 0,01548386 0,01004356
2 0,08335888 0,1936408 0,06095489 0,1521886
2 0,608309 0,6062244 0,03996032 0,1153362
3 0,7435105 0,6310333 0,07773989 0,09463593
3 0,6762404 0,5783483 0,07628882 0,07102779
3 0,206878 0,003130436 0,2081873 0,504644
7 0,529787 0,5754897 0,08380133 0,2321303
5 0,0583927 0,1914424 0,04383761 0,07789677
5 0,5658355 0,5449126 0,0188821 0,0291591
6 0,2121779 0,01390088 0,07834415 0,1797411
6 0,547022 0,5868981 0,02291852 0,04317185
