0 0,3638532 0,07327187 0,05062264 0,1626748
0 0,4605533 0,3844788 0,01530951 0,04525113
0 0,4777427 0,4138563 0,02624542 0,07540643
1 0,4045488 0,3091663 0,02774587 0,04418731
2 0,4766387 0,8517212 0,1659365 0,3876391
2 0,5068004 0,667917 0,1204621 0,1948927
2 0,4432251 0,2295904 0,01445028 0,01197642
2 0,445881 0,225087 0,01531217 0,01275301
2 0,3737547 0,0577181 0,04629865 0,2002056
2 0,4580775 0,3839141 0,01734176 0,05624574
2 0,4823259 0,4124247 0,02927533 0,09640044
3 0,5490503 0,3960633 0,06819373 0,08372074
3 0,5532891 0,3620768 0,05215406 0,05816513
7 0,4163983 0,4134855 0,04681107 0,1804
5 0,3706289 0,0521428 0,02930784 0,1049215
5 0,4955146 0,3647631 0,0154649 0,02823842
6 0,4699828 0,7794765 0,09218511 0,2598214
6 0,4159318 0,4194584 0,01671934 0,03658795
6 0,4144794 0,4119775 0,01548591 0,03367567
