0 0,6227831 0,2500252 0,01851553 0,05412966
0 0,5824204 0,3283011 0,02774453 0,08365601
1 0,554543 0,1539626 0,02738416 0,04550213
2 0,3256502 0,6224012 0,0830729 0,1490147
2 0,3853982 0,581087 0,07512233 0,1319841
2 0,6218866 0,2459865 0,02090901 0,06559616
2 0,5845045 0,3330494 0,0311622 0,1061265
3 0,591561 0,4225941 0,0722667 0,1209241
3 0,6633473 0,3718402 0,05429882 0,1202933
3 0,1484315 0,5268549 0,1285443 0,1849095
7 0,5410859 0,2660782 0,0538578 0,1812016
5 0,2606656 0,6455215 0,05592141 0,1216158
5 0,6564758 0,2707115 0,01947236 0,03978121
6 0,1396223 0,5388305 0,03631937 0,07415807
6 0,1743262 0,5055827 0,03330015 0,06850311
6 0,3193951 0,5944936 0,04725009 0,1040425
6 0,3777581 0,5569788 0,0418402 0,09495494
6 0,5297991 0,278484 0,01500982 0,03480542
6 0,539921 0,2631904 0,01439434 0,03274798
