0 0,09423557 0,07641685 0,1702166 0,3623491
0 0,493737 0,7407173 0,01188606 0,03663355
0 0,5162372 0,769101 0,01972055 0,0582052
1 0,4609042 0,6632729 0,02086177 0,02715898
2 0,5708826 0,96775 0,09162056 0,1035174
2 0,5728241 0,910907 0,07549429 0,07232617
2 0,4195266 0,5616499 0,01551479 0,01034686
2 0,4206288 0,5563371 0,01653954 0,01129809
2 0,1150696 0,05611312 0,1779143 0,4501054
2 0,4914399 0,7394245 0,01309255 0,04576752
2 0,520218 0,7692882 0,02159423 0,07558215
3 0,5782307 0,7739657 0,0514341 0,0516416
3 0,5770708 0,7508795 0,04291838 0,04512073
7 0,4676683 0,7492905 0,03607568 0,1401169
5 0,5243751 0,7354507 0,01268101 0,02157956
6 0,5701956 0,9221812 0,04713994 0,09331752
6 0,5721784 0,8768946 0,03930432 0,07219048
6 0,470285 0,7534876 0,01253131 0,02539422
6 0,4662859 0,7474539 0,01176289 0,02368431
