0 0,8548809 0,4665525 0,03556609 0,06265259
0 0,6781706 0,3739666 0,02562165 0,04655862
0 0,4326773 0,3724799 0,02755645 0,09400493
1 0,344171 0,1892737 0,04224044 0,09025991
2 0,7102307 0,4570516 0,05576348 0,04148954
2 0,6721641 0,4381664 0,05221719 0,03959298
2 0,8590379 0,4743263 0,03769255 0,07069728
2 0,6782991 0,3654801 0,03044713 0,04860246
2 0,4373626 0,3693402 0,03119341 0,1165245
3 0,4400538 0,3081342 0,05317521 0,06166387
3 0,9269181 0,5839099 0,1033827 0,1077196
7 0,4113978 0,3912752 0,1239393 0,2897305
5 0,7481895 0,4604784 0,03395009 0,04741991
5 0,8508118 0,4635306 0,02151543 0,03237575
6 0,9293046 0,5863379 0,04712224 0,06347328
6 0,917332 0,5885245 0,04776925 0,06545785
