0 0,3487188 0,2556115 0,01925635 0,04786456
0 0,384746 0,6989146 0,04657596 0,1543045
1 0,5099149 0,6735555 0,07764179 0,175054
2 0,4610624 0,3171412 0,02596179 0,03120589
2 0,3462898 0,247578 0,02355984 0,04992187
2 0,3790705 0,6859007 0,05175012 0,1850525
3 0,3481545 0,4856139 0,07415086 0,09717441
3 0,5348015 0,2637678 0,02487946 0,05225879
7 0,4888575 0,7033803 0,08521688 0,4650033
5 0,471112 0,2898349 0,01235473 0,03281343
6 0,5339639 0,263068 0,01076168 0,02317858
6 0,5370963 0,2714084 0,01117277 0,02400899
