0 0,8350958 0,3232124 0,06030881 0,1060791
0 0,5975413 0,1423991 0,03290737 0,07055396
2 0,6731149 0,3225845 0,06430376 0,06795555
2 0,6284018 0,3213243 0,0668115 0,07410973
2 0,8329442 0,3251183 0,0760476 0,1417156
2 0,5983706 0,1300161 0,03890586 0,07444197
3 0,2351274 0,03809279 0,09572467 0,1420354
3 0,9758247 0,66962 0,2287572 0,3634787
5 0,7121133 0,3011749 0,03879482 0,06698304
5 0,8192189 0,3027021 0,03189445 0,05001765
6 0,9773266 0,6680225 0,115063 0,176437
6 0,9602963 0,6971012 0,1224741 0,1946382
