0 0,7742293 0,4524317 0,06646347 0,127361
0 0,5056159 0,518788 0,04963309 0,1808933
1 0,5818 0,2113518 0,04174346 0,06662339
2 0,05908534 0,491751 0,09296992 0,05448163
2 0,7776374 0,4455297 0,07200551 0,1552929
2 0,4978252 0,5261244 0,05876586 0,231773
3 0,2663127 0,6093615 0,2136246 0,3443813
3 0,5635292 0,6242907 0,2607946 0,4489963
3 0,1574931 0,3847572 0,08993376 0,06473523
7 0,5290824 0,3884976 0,1136142 0,2692568
5 0,83676 0,5334522 0,1009632 0,1341469
6 0,1523311 0,387913 0,02964222 0,03786784
6 0,1730144 0,3849586 0,02816668 0,03746033
6 0,04735473 0,4591819 0,05485141 0,06203169
6 0,4918872 0,3897437 0,01702103 0,05158389
6 0,5289775 0,3836632 0,01841712 0,05044824
