0 0,06705725 0,03232241 0,07888922 0,1517597
0 0,5173015 0,4944682 0,01813942 0,05122805
0 0,6117004 0,5642483 0,03539163 0,09363499
1 0,5052806 0,4041981 0,03511646 0,04703951
2 0,2987621 0,2445366 0,01629132 0,01049078
2 0,06237313 0,02368104 0,09816086 0,1953723
2 0,5133027 0,4925328 0,01936615 0,06322214
2 0,6189033 0,5641634 0,04003417 0,118706
3 0,7406198 0,5870979 0,0808081 0,1077907
7 0,5306242 0,5433441 0,08108288 0,2406191
5 0,02864569 0,01806998 0,05304823 0,09321439
5 0,5663138 0,486949 0,01865244 0,0314616
6 0,5475767 0,5592057 0,02227414 0,04695687
