0 0,6948467 0,4502772 0,04126668 0,09230667
0 0,5164271 0,4957272 0,03239948 0,1215153
1 0,5747445 0,2297707 0,03169996 0,06879061
2 0,1498814 0,4251112 0,0551938 0,05206037
2 0,1948671 0,4173399 0,04994211 0,05057323
2 0,6984534 0,4434685 0,04531914 0,1119174
2 0,5118072 0,5037781 0,03767911 0,1493195
3 0,3929147 0,5819841 0,06479993 0,2112319
3 0,5491574 0,6131421 0,1163065 0,2496563
3 0,226983 0,2873043 0,06698772 0,05998886
7 0,5318539 0,3592617 0,08492297 0,2100692
5 0,1038045 0,4170392 0,03985607 0,05049616
5 0,7039874 0,5508155 0,04598236 0,08749056
6 0,2229329 0,2897061 0,0210017 0,03554875
6 0,2394818 0,2878915 0,02001475 0,03528565
6 0,1861143 0,3952307 0,03052966 0,05056703
6 0,5044944 0,3587799 0,01283175 0,04540753
6 0,5318314 0,3546311 0,01416874 0,04476899
