0 0,4163185 0,1034347 0,01618326 0,04807585
0 0,273146 0,1837578 0,02811339 0,06787241
0 0,4713552 0,7380264 0,06301612 0,2382267
1 0,799462 0,6431249 0,1603382 0,3087053
2 0,4487631 0,1844232 0,02452058 0,0264774
2 0,4575208 0,2046744 0,02639052 0,02964038
2 0,4176593 0,105417 0,02049977 0,06157488
2 0,268785 0,1734594 0,03413907 0,07179648
2 0,4588956 0,725194 0,06723714 0,2818436
3 0,3603679 0,4803345 0,1050053 0,1837141
3 0,5251397 0,1445339 0,03403252 0,05929428
7 0,6429468 0,6809599 0,2328108 0,6390396
5 0,4413816 0,1571139 0,01060727 0,03383815
6 0,5235198 0,1442251 0,0127064 0,0280602
6 0,5297021 0,1521429 0,01321948 0,02905983
6 0,4561799 0,1840184 0,01468822 0,03356338
6 0,6063932 0,5752536 0,03944945 0,09631816
6 0,6473202 0,6748665 0,04759485 0,1152508
