0 0,4243911 0,41478 0,02886268 0,06338
0 0,4644026 0,374746 0,02630556 0,04980838
0 0,4842781 0,4033781 0,02756181 0,05767256
0 0,4486897 0,3934224 0,0287033 0,05442411
1 0,4131678 0,3319647 0,04185653 0,06871557
2 0,7211031 0,4569558 0,03396052 0,0365991
2 0,6810981 0,4455779 0,02874774 0,03419286
2 0,4205676 0,4065402 0,03498399 0,06850928
2 0,4623818 0,3866371 0,03187826 0,05437064
3 0,5307461 0,4489965 0,06894878 0,1066725
3 0,4805431 0,4448741 0,04793936 0,09205323
4 0,4595362 0,4510679 0,1010756 0,1937323
5 0,7617224 0,4535033 0,02672946 0,04442877
5 0,442733 0,3851328 0,01869005 0,03594786
