0 0,09366543 0,198284 0,06517368 0,1319368
0 0,6120974 0,6080521 0,0359574 0,09068713
1 0,5056318 0,4390863 0,03550723 0,04576123
2 0,3052745 0,3554558 0,01548386 0,01004356
2 0,08979559 0,1923112 0,08049718 0,1713057
2 0,6194367 0,6082997 0,04058117 0,1162058
3 0,7441577 0,6287258 0,08141762 0,09517103
3 0,6487052 0,5718231 0,08131802 0,06875741
3 0,206878 0,003130436 0,2081873 0,504644
7 0,529787 0,5754897 0,08380133 0,2321303
5 0,0583927 0,1914424 0,04383761 0,07789677
5 0,5658355 0,5449126 0,0188821 0,0291591
6 0,2121779 0,01390088 0,07834415 0,1797411
6 0,547022 0,5868981 0,02291852 0,04317185
