0 0,3832181 0,05783331 0,05595797 0,1673995
0 0,4560756 0,3850678 0,01512048 0,04467833
0 0,485546 0,4126782 0,0264746 0,07638925
1 0,4045488 0,3091663 0,02774587 0,04418731
2 0,4432251 0,2295904 0,01445028 0,01197642
2 0,445881 0,225087 0,01531217 0,01275301
2 0,3846803 0,04698938 0,07589698 0,2165515
2 0,4535766 0,384572 0,01701006 0,055475
2 0,4904079 0,4106761 0,02911854 0,09689075
3 0,5528286 0,3933492 0,07024765 0,08394891
3 0,533581 0,3655547 0,06290531 0,06380635
7 0,4163983 0,4134855 0,04681107 0,1804
5 0,3706289 0,0521428 0,02930784 0,1049215
5 0,4955146 0,3647631 0,0154649 0,02823842
6 0,4159318 0,4194584 0,01671934 0,03658795
6 0,4144794 0,4119775 0,01548591 0,03367567
