0 0,6202929 0,2448207 0,01820785 0,05300951
0 0,5867375 0,3370887 0,02826148 0,08608884
1 0,554543 0,1539626 0,02738416 0,04550213
2 0,2119253 0,7631118 0,07687883 0,1574237
2 0,2848954 0,6511061 0,06387502 0,1191217
2 0,6193115 0,2409112 0,02038908 0,06430596
2 0,5892859 0,3416842 0,03141111 0,1087844
3 0,5972218 0,4245519 0,07523125 0,1259863
3 0,6499513 0,3442405 0,0720616 0,1175566
3 0,1484315 0,5268549 0,1285443 0,1849095
7 0,5410859 0,2660782 0,0538578 0,1812016
5 0,1141261 0,8801261 0,07539782 0,1542552
5 0,6564758 0,2707115 0,01947236 0,03978121
6 0,1396223 0,5388305 0,03631937 0,07415807
6 0,1743262 0,5055827 0,03330015 0,06850311
6 0,2007722 0,7356795 0,0466705 0,1112146
6 0,2738802 0,630684 0,03793532 0,09079194
6 0,5297991 0,278484 0,01500982 0,03480542
6 0,539921 0,2631904 0,01439434 0,03274798
