0 0,4906568 0,2901251 0,01147074 0,03796738
0 0,522218 0,3488792 0,01918024 0,05942523
1 0,4610068 0,2351021 0,02145839 0,03416073
2 0,5844002 0,8307651 0,06997353 0,1406444
2 0,5528624 0,7070758 0,0559783 0,1004225
2 0,4883847 0,288243 0,01258674 0,04673022
2 0,5261474 0,3495069 0,02095133 0,075652
3 0,5760388 0,3734227 0,0500918 0,06079698
3 0,5589507 0,321655 0,04953676 0,05673259
3 0,3415031 0,9390264 0,1004186 0,430204
7 0,4698072 0,3280517 0,03543115 0,1481046
5 0,6284685 0,9704199 0,04959935 0,1657279
5 0,5246048 0,2890017 0,01253688 0,02409756
6 0,3401845 0,9711329 0,04977629 0,1389743
6 0,3463092 0,8726662 0,04339123 0,1172998
6 0,5877448 0,8012533 0,03972673 0,1027559
6 0,556376 0,6861816 0,03169441 0,08064151
6 0,4724717 0,3391492 0,01203197 0,02704716
