0 0,1139218 0,05873096 0,18239 0,3392527
0 0,5092703 0,7492952 0,01651382 0,03834122
0 0,5425867 0,7357723 0,0192818 0,03266439
0 0,4701498 0,6983786 0,01686141 0,02383095
0 0,4656571 0,695233 0,01568943 0,02210444
0 0,4582452 0,6914164 0,01426533 0,02005213
1 0,4609042 0,6632729 0,02086177 0,02715898
2 0,682326 0,8414235 0,04574299 0,03233851
2 0,6509802 0,819348 0,03915787 0,02654278
2 0,4195266 0,5616499 0,01551479 0,01034686
2 0,4206288 0,5563371 0,01653954 0,01129809
2 0,124618 0,115038 0,2054083 0,348488
2 0,5068337 0,7420789 0,01999506 0,03949071
2 0,5407207 0,7443007 0,02286023 0,0350903
3 0,5160279 0,7574709 0,05352813 0,04987957
3 0,4964386 0,7479973 0,03908503 0,03860922
4 0,4678201 0,730128 0,0356687 0,09701927
5 0,71763 0,8466008 0,03004169 0,05838727
5 0,5243751 0,7354507 0,01268101 0,02157956
