0 0,1361951 0,06695205 0,1689758 0,3648057
0 0,4896282 0,7397534 0,01176316 0,03616177
0 0,5228063 0,7705129 0,01995826 0,05909084
1 0,4609042 0,6632729 0,02086177 0,02715898
2 0,4195266 0,5616499 0,01551479 0,01034686
2 0,4206288 0,5563371 0,01653954 0,01129809
2 0,1218004 0,02454013 0,2169772 0,4625921
2 0,4873129 0,7385077 0,01287019 0,04521188
2 0,5269814 0,7703235 0,02166581 0,07625742
3 0,580916 0,7731261 0,053249 0,05211014
3 0,5606287 0,7476721 0,05154347 0,04384491
7 0,4676683 0,7492905 0,03607568 0,1401169
5 0,5243751 0,7354507 0,01268101 0,02157956
6 0,5741457 0,9673879 0,04176635 0,1005327
6 0,470285 0,7534876 0,01253131 0,02539422
6 0,4662859 0,7474539 0,01176289 0,02368431
