0 0,4582221 0,2090566 0,01162586 0,03814113
0 0,3414588 0,2571675 0,01993668 0,04836631
0 0,3744583 0,6846212 0,04685354 0,1508756
1 0,5099149 0,6735555 0,07764179 0,175054
2 0,4654543 0,2852638 0,01792914 0,01998037
2 0,4675514 0,304197 0,01920533 0,02223533
2 0,4588928 0,2109848 0,01525086 0,04844141
2 0,3389651 0,2491394 0,02431294 0,05061412
2 0,3685151 0,6725323 0,05146715 0,1823906
3 0,3423576 0,4890049 0,07780656 0,102517
3 0,5348015 0,2637678 0,02487946 0,05225879
7 0,4888575 0,7033803 0,08521688 0,4650033
6 0,5339639 0,263068 0,01076168 0,02317858
6 0,5370963 0,2714084 0,01117277 0,02400899
6 0,4651284 0,2700384 0,01020929 0,02409935
6 0,4670978 0,2874267 0,01086634 0,02586532
