0 0,8267133 0,3323765 0,05260414 0,09685445
0 0,5895674 0,1347161 0,03188878 0,06935126
2 0,7489011 0,3226293 0,05898106 0,05752331
2 0,7170783 0,3215753 0,06147164 0,06186843
2 0,8211657 0,3185758 0,05349833 0,1030688
2 0,5903373 0,1226497 0,03774339 0,07327408
2 0,001600742 0,05490631 0,1892665 0,2778289
3 0,9758247 0,66962 0,2287572 0,3634787
5 0,7787217 0,3042691 0,03526139 0,05730999
5 0,8192189 0,3027021 0,03189445 0,05001765
6 0,9773266 0,6680225 0,115063 0,176437
6 0,9602963 0,6971012 0,1224741 0,1946382
6 0,7571372 0,2907729 0,03895611 0,06308877
