0 0,7262566 0,3897439 0,04446089 0,08943605
0 0,5160569 0,4480465 0,0380061 0,1312594
1 0,5790026 0,2138637 0,03261721 0,05186844
2 0,01175877 0,4581435 0,08184451 0,04096186
2 0,06496724 0,4487243 0,07411048 0,03918707
2 0,7291647 0,3855025 0,04795325 0,1101951
2 0,5110378 0,4513178 0,04554483 0,1669761
3 0,4271151 0,5164618 0,1666219 0,2149773
3 0,5454774 0,394083 0,05765069 0,1041113
3 0,2241504 0,3585726 0,0686256 0,05226058
7 0,5372423 0,3542867 0,08998585 0,2100805
5 0,7483267 0,4312194 0,05803496 0,08045644
6 0,2198936 0,3611897 0,02137688 0,03080112
6 0,2368103 0,358882 0,02038333 0,03052652
6 0,004560351 0,4297167 0,04810166 0,04925036
6 0,0556041 0,4220578 0,04344383 0,04799181
6 0,5078564 0,3550444 0,01402348 0,03929162
6 0,5371121 0,3506443 0,01496935 0,03861511
