0 0,7760181 0,4422364 0,06419039 0,1213793
0 0,4948443 0,5389808 0,05186149 0,1943017
1 0,5818 0,2113518 0,04174346 0,06662339
2 0,7788758 0,4356803 0,0694102 0,147864
2 0,4869192 0,5470489 0,06343794 0,2466976
3 0,3136165 0,7518227 0,3967747 0,5598518
3 0,5370281 0,4568058 0,07739395 0,1632702
3 0,1574931 0,3847572 0,08993376 0,06473523
7 0,5290824 0,3884976 0,1136142 0,2692568
5 0,83676 0,5334522 0,1009632 0,1341469
6 0,1523311 0,387913 0,02964222 0,03786784
6 0,1730144 0,3849586 0,02816668 0,03746033
6 0,4918872 0,3897437 0,01702103 0,05158389
6 0,5289775 0,3836632 0,01841712 0,05044824
