0 0,6986983 0,4384042 0,04069698 0,08972645
0 0,5101746 0,5147032 0,03281245 0,1258737
1 0,5747445 0,2297707 0,03169996 0,06879061
2 0,04696849 0,4412019 0,06780848 0,0554446
2 0,0953392 0,4328741 0,06180924 0,05379742
2 0,7019612 0,431699 0,04473937 0,1084626
2 0,5057572 0,5234212 0,03943193 0,1526296
3 0,4387515 0,6795941 0,1229026 0,2400201
3 0,537083 0,4541076 0,04958892 0,1422001
3 0,226983 0,2873043 0,06698772 0,05998886
7 0,5318539 0,3592617 0,08492297 0,2100692
5 0,7039874 0,5508155 0,04598236 0,08749056
6 0,2229329 0,2897061 0,0210017 0,03554875
6 0,2394818 0,2878915 0,02001475 0,03528565
6 0,03773442 0,4170955 0,04307124 0,05406231
6 0,0845277 0,4102004 0,03899333 0,05295175
6 0,5044944 0,3587799 0,01283175 0,04540753
6 0,5318314 0,3546311 0,01416874 0,04476899
