0 0,4191329 0,111591 0,01343271 0,04596537
0 0,2611868 0,1882814 0,02984548 0,06935
0 0,4488874 0,7276422 0,06187132 0,2340066
1 0,799462 0,6431249 0,1603382 0,3087053
2 0,433269 0,1476077 0,02127564 0,02127069
2 0,4399104 0,1629047 0,02267104 0,02342057
2 0,4154949 0,1086335 0,01251608 0,05470026
2 0,256638 0,1779346 0,03612377 0,07364017
2 0,436377 0,716381 0,06579435 0,2789336
3 0,2898548 0,6104179 0,1252378 0,3392604
3 0,4997841 0,7735262 0,1465687 0,3326146
3 0,5251397 0,1445339 0,03403252 0,05929428
7 0,6429468 0,6809599 0,2328108 0,6390396
6 0,5235198 0,1442251 0,0127064 0,0280602
6 0,5297021 0,1521429 0,01321948 0,02905983
6 0,4323989 0,1307724 0,01220816 0,02669841
6 0,4386631 0,1447984 0,012869 0,02847278
6 0,6063932 0,5752536 0,03944945 0,09631816
6 0,6473202 0,6748665 0,04759485 0,1152508
