0 0,3931826 0,267331 0,02204698 0,07597315
0 0,585179 0,5748814 0,05116647 0,1439892
1 0,4262002 0,3933302 0,0438523 0,06928325
2 0,3831983 0,2039881 0,04490685 0,04347622
2 0,3792262 0,1641368 0,05478972 0,05566055
2 0,3874938 0,274721 0,0191797 0,08935785
2 0,5955992 0,5716164 0,05726761 0,1816016
3 0,7481317 0,517272 0,1778887 0,1595843
3 0,5453037 0,5327003 0,08747244 0,1124426
3 0,6043726 0,1155083 0,1079496 0,1856731
7 0,4457803 0,5699663 0,08302179 0,3400828
5 0,3869575 0,2500187 0,01640642 0,05601829
5 0,3865041 0,2850627 0,01282066 0,04209334
5 0,5516697 0,479408 0,02354592 0,04120773
6 0,5987533 0,1189496 0,03646958 0,07521915
6 0,6214966 0,08527452 0,04134601 0,08556575
6 0,3854179 0,2407022 0,02630848 0,05533344
6 0,3820976 0,2096087 0,03149554 0,06683135
6 0,4483663 0,5908911 0,03061512 0,07195315
6 0,4425538 0,5673345 0,02654618 0,06119475
