0 0,7028691 0,1457922 0,03810847 0,1012555
0 0,3738228 0,1057001 0,05614877 0,1337913
0 0,5360189 0,3901161 0,01546741 0,05169141
0 0,5461463 0,4600853 0,03199869 0,1129482
1 0,4632308 0,2653594 0,03479883 0,04568142
2 0,8078069 0,03573895 0,1147714 0,07849842
2 0,6933319 0,1547012 0,03594357 0,1188838
2 0,3713579 0,1289956 0,06777388 0,1329324
2 0,5338906 0,3879846 0,01704985 0,06412566
2 0,5526642 0,4611791 0,03357613 0,1470662
3 0,6696333 0,4767058 0,1324115 0,1561799
3 0,5291329 0,4131825 0,06809646 0,07028675
7 0,4548834 0,4004411 0,06904012 0,2216857
5 0,758227 0,1152415 0,04230231 0,08433026
5 0,6943663 0,1682083 0,02449393 0,05496895
5 0,5900209 0,3932629 0,01942229 0,03544772
6 0,8013116 0,09581429 0,06134051 0,08818692
6 0,8785336 0,03079653 0,09211421 0,1258428
6 0,4415207 0,4076697 0,02272373 0,04158938
6 0,4528911 0,3972319 0,02012655 0,03716868
