0 0,08143849 0,1742641 0,05885434 0,1330844
0 0,6243482 0,6106676 0,03621924 0,09163696
1 0,5056318 0,4390863 0,03550723 0,04576123
2 0,3052745 0,3554558 0,01548386 0,01004356
2 0,06932646 0,1796824 0,05991597 0,1564864
2 0,6317133 0,610219 0,04112786 0,1166462
3 0,7241455 0,6015811 0,09900731 0,09004939
3 0,5934279 0,5748736 0,05987036 0,06223488
3 0,206878 0,003130436 0,2081873 0,504644
7 0,529787 0,5754897 0,08380133 0,2321303
5 0,0583927 0,1914424 0,04383761 0,07789677
5 0,5658355 0,5449126 0,0188821 0,0291591
6 0,2121779 0,01390088 0,07834415 0,1797411
6 0,547022 0,5868981 0,02291852 0,04317185
