0 0,453213 0,2128572 0,01182297 0,03251123
0 0,4569176 0,2182174 0,0112977 0,03142959
0 0,4857066 0,5412182 0,03544745 0,08163473
1 0,5099149 0,6735555 0,07764179 0,175054
2 0,3344511 0,3902193 0,03057331 0,03383064
2 0,3249061 0,4268737 0,03424254 0,03951573
2 0,4526832 0,2072375 0,01511103 0,03630215
2 0,4569865 0,2248838 0,01432487 0,03264856
3 0,3996465 0,6076617 0,0978471 0,1983334
3 0,4159959 0,734785 0,101533 0,1798908
3 0,5348015 0,2637678 0,02487946 0,05225879
4 0,4886381 0,6698811 0,08521688 0,4032044
5 0,3406863 0,3507062 0,0137614 0,0388338
6 0,5339639 0,263068 0,01076168 0,02317858
6 0,5370963 0,2714084 0,01117277 0,02400899
