0 0,3838323 0,01895374 0,04915071 0,1772801
0 0,4510551 0,3858171 0,01490629 0,0440737
0 0,4946631 0,4109948 0,02660361 0,07720673
1 0,4045488 0,3091663 0,02774587 0,04418731
2 0,4432251 0,2295904 0,01445028 0,01197642
2 0,445881 0,225087 0,01531217 0,01275301
2 0,3724369 0,03529584 0,04427093 0,2134978
2 0,4485445 0,3853837 0,01665735 0,05466038
2 0,4997957 0,4083545 0,02885062 0,09706151
3 0,5705206 0,3703433 0,06741238 0,07088238
3 0,4753321 0,3904121 0,05023542 0,0625155
7 0,4163983 0,4134855 0,04681107 0,1804
5 0,3706289 0,0521428 0,02930784 0,1049215
5 0,4955146 0,3647631 0,0154649 0,02823842
6 0,4159318 0,4194584 0,01671934 0,03658795
6 0,4144794 0,4119775 0,01548591 0,03367567
