0 0,6173957 0,239243 0,0178588 0,0517897
0 0,5923443 0,3471383 0,02876037 0,08869451
1 0,554543 0,1539626 0,02738416 0,04550213
2 0,08982569 0,9469681 0,1003877 0,2331504
2 0,6163464 0,2354722 0,01983953 0,06288815
2 0,5954348 0,351531 0,03156012 0,1116086
3 0,6484641 0,4177309 0,0685783 0,1492551
3 0,5879774 0,3013303 0,05291075 0,07683545
3 0,1484315 0,5268549 0,1285443 0,1849095
7 0,5410859 0,2660782 0,0538578 0,1812016
5 0,6564758 0,2707115 0,01947236 0,03978121
6 0,1396223 0,5388305 0,03631937 0,07415807
6 0,1743262 0,5055827 0,03330015 0,06850311
6 0,06333587 0,9330627 0,06510997 0,1540958
6 0,5297991 0,278484 0,01500982 0,03480542
6 0,539921 0,2631904 0,01439434 0,03274798
