0 0,4850259 0,7387427 0,0116187 0,03566043
0 0,5303916 0,7719265 0,02015769 0,05989766
1 0,4609042 0,6632729 0,02086177 0,02715898
2 0,4195266 0,5616499 0,01551479 0,01034686
2 0,4206288 0,5563371 0,01653954 0,01129809
2 0,4827018 0,7375425 0,01262921 0,0446105
2 0,5347482 0,771306 0,02168095 0,07676557
3 0,5925172 0,7619063 0,0538404 0,05283856
3 0,5143188 0,7493076 0,03970149 0,03907999
7 0,4676683 0,7492905 0,03607568 0,1401169
5 0,5243751 0,7354507 0,01268101 0,02157956
6 0,470285 0,7534876 0,01253131 0,02539422
6 0,4662859 0,7474539 0,01176289 0,02368431
