0 0,2203937 0,3895292 0,04888579 0,05525649
0 0,2671818 0,3772849 0,04171467 0,05146337
0 0,7694979 0,4587805 0,1007237 0,118029
0 0,8072256 0,5225056 0,1361858 0,1627686
0 0,5800596 0,2608657 0,02161527 0,0328688
0 0,5613307 0,2569609 0,01736498 0,02780426
1 0,5754601 0,2371914 0,03201312 0,05175298
2 0,06508726 0,6535153 0,1612652 0,1332965
2 0,1730961 0,6266404 0,1285495 0,1220434
2 0,2220543 0,4084543 0,06284778 0,04727364
2 0,2684865 0,3952948 0,05391224 0,04340154
2 0,766362 0,4935412 0,1299784 0,1119053
2 0,802584 0,5654222 0,174608 0,1632297
3 0,3643492 0,3537008 0,0713104 0,06654418
3 0,4906535 0,3998869 0,08586583 0,0999251
3 0,4139656 0,3386515 0,05474722 0,05861288
4 0,5372754 0,3249264 0,08998585 0,1501814
5 0,1787381 0,4052713 0,04025637 0,04779333
5 0,7483267 0,4312194 0,05803496 0,08045644
6 0,4115789 0,3401019 0,01807231 0,03103858
6 0,4211668 0,3422105 0,01802489 0,03206342
