0 0,7285323 0,3839839 0,04339164 0,086272
0 0,5096315 0,4600094 0,03917083 0,1383339
1 0,5790026 0,2138637 0,03261721 0,05186844
2 0,05305299 0,4506308 0,07582626 0,03956139
2 0,7311071 0,3799068 0,04678977 0,1062126
2 0,5047977 0,4632841 0,04834151 0,1743982
3 0,4461481 0,5206062 0,1427298 0,1820291
3 0,5391442 0,3808614 0,05150837 0,09267056
3 0,2241504 0,3585726 0,0686256 0,05226058
7 0,5372423 0,3542867 0,08998585 0,2100805
5 0,7483267 0,4312194 0,05803496 0,08045644
6 0,2198936 0,3611897 0,02137688 0,03080112
6 0,2368103 0,358882 0,02038333 0,03052652
6 0,04351434 0,4238719 0,0445345 0,04828864
6 0,5078564 0,3550444 0,01402348 0,03929162
6 0,5371121 0,3506443 0,01496935 0,03861511
