0 0,7770081 0,4326482 0,06187469 0,1157457
0 0,4841638 0,5624412 0,05436605 0,2097678
1 0,5818 0,2113518 0,04174346 0,06662339
2 0,779431 0,4264391 0,06680948 0,1409335
2 0,4760704 0,5715333 0,07069519 0,2638404
3 0,3440632 0,7686922 0,3136969 0,4409794
3 0,5295429 0,4324219 0,06652516 0,1381024
3 0,1574931 0,3847572 0,08993376 0,06473523
7 0,5290824 0,3884976 0,1136142 0,2692568
5 0,83676 0,5334522 0,1009632 0,1341469
6 0,1523311 0,387913 0,02964222 0,03786784
6 0,1730144 0,3849586 0,02816668 0,03746033
6 0,4918872 0,3897437 0,01702103 0,05158389
6 0,5289775 0,3836632 0,01841712 0,05044824
