0 0,409025 0,1086629 0,01562479 0,04729986
0 0,2485301 0,1932155 0,03172423 0,07094425
0 0,4265009 0,7210243 0,06119689 0,2304547
1 0,799462 0,6431249 0,1603382 0,3087053
2 0,431866 0,1442742 0,02098444 0,0208261
2 0,4383311 0,1591588 0,02234086 0,02289724
2 0,4099278 0,1076783 0,01980382 0,05915034
2 0,2437781 0,1828127 0,03828794 0,0756219
2 0,4138192 0,7112339 0,06412119 0,2766799
3 0,2788177 0,6468825 0,09162948 0,3166068
3 0,5435091 0,7312129 0,1395704 0,3067606
3 0,5251397 0,1445339 0,03403252 0,05929428
7 0,6429468 0,6809599 0,2328108 0,6390396
6 0,5235198 0,1442251 0,0127064 0,0280602
6 0,5297021 0,1521429 0,01321948 0,02905983
6 0,4309959 0,1276311 0,01205954 0,02630442
6 0,4370935 0,1412838 0,01270401 0,02802593
6 0,6063932 0,5752536 0,03944945 0,09631816
6 0,6473202 0,6748665 0,04759485 0,1152508
