0 0,3494598 0,04486245 0,06189883 0,1773704
0 0,446029 0,3866434 0,01469368 0,04350114
0 0,5041264 0,4089287 0,02659032 0,07771504
1 0,4045488 0,3091663 0,02774587 0,04418731
2 0,4432251 0,2295904 0,01445028 0,01197642
2 0,445881 0,225087 0,01531217 0,01275301
2 0,3563542 0,04961753 0,07663202 0,2101151
2 0,4435197 0,3862584 0,01632878 0,05388784
2 0,5094791 0,4056581 0,02848369 0,09682709
3 0,5697544 0,3673742 0,04959893 0,06080621
3 0,4580601 0,3983769 0,05062914 0,06416017
7 0,4163983 0,4134855 0,04681107 0,1804
5 0,3706289 0,0521428 0,02930784 0,1049215
5 0,4955146 0,3647631 0,0154649 0,02823842
6 0,4159318 0,4194584 0,01671934 0,03658795
6 0,4144794 0,4119775 0,01548591 0,03367567
