0 0,7255166 0,4409393 0,06472123 0,1002595
0 0,7657561 0,4608868 0,1027019 0,1409699
0 0,5076596 0,2771163 0,01994279 0,03879011
0 0,537676 0,2735889 0,0214175 0,03806806
0 0,5780304 0,2604427 0,02113718 0,03231651
1 0,5790026 0,2138637 0,03261721 0,05186844
2 0,06508726 0,6535153 0,1612652 0,1332965
2 0,1730961 0,6266404 0,1285495 0,1220434
2 0,7271308 0,4160359 0,08177161 0,09455156
2 0,7606946 0,4825699 0,1157711 0,1541425
3 0,5095584 0,4335844 0,09218791 0,1504084
3 0,5525611 0,3767387 0,05367732 0,09029609
3 0,2241504 0,3585726 0,0686256 0,05226058
4 0,5372754 0,3249264 0,08998585 0,1501814
5 0,7483267 0,4312194 0,05803496 0,08045644
6 0,2198936 0,3611897 0,02137688 0,03080112
6 0,2368103 0,358882 0,02038333 0,03052652
