0 0,8432024 0,4654724 0,03592438 0,06383151
0 0,6577073 0,3597587 0,02371401 0,04436368
0 0,4484888 0,360596 0,02579457 0,08521295
1 0,344171 0,1892737 0,04224044 0,09025991
2 0,8069535 0,4731187 0,041116 0,03076804
2 0,7873718 0,4711002 0,04167545 0,03182572
2 0,848114 0,4688492 0,04478967 0,08446229
2 0,6577724 0,3518438 0,02818382 0,04652494
2 0,4514625 0,3560776 0,03078568 0,1030868
3 0,4711511 0,3154423 0,0477235 0,05529708
3 0,4212043 0,3568624 0,03856802 0,09363258
3 0,9269181 0,5839099 0,1033827 0,1077196
7 0,4113978 0,3912752 0,1239393 0,2897305
5 0,8256683 0,462703 0,02254939 0,03464854
5 0,8508118 0,4635306 0,02151543 0,03237575
6 0,9293046 0,5863379 0,04712224 0,06347328
6 0,917332 0,5885245 0,04776925 0,06545785
6 0,8109786 0,453703 0,02522337 0,03600091
6 0,7924575 0,4516965 0,02539599 0,03722233
