0 0,4512483 0,2128543 0,011051 0,03729594
0 0,3242243 0,261184 0,02158281 0,04959995
0 0,350508 0,6600988 0,04750058 0,1441349
1 0,5099149 0,6735555 0,07764179 0,175054
2 0,4613661 0,2475494 0,015481 0,01590085
2 0,4629335 0,2616539 0,01642391 0,01740658
2 0,4524003 0,2119762 0,01461148 0,04625094
2 0,3215759 0,2531558 0,02615488 0,05229032
2 0,3439249 0,6497838 0,05115229 0,1770712
3 0,2735636 0,5696698 0,07746664 0,1685437
3 0,4118555 0,697848 0,0961141 0,1650784
3 0,5348015 0,2637678 0,02487946 0,05225879
7 0,4888575 0,7033803 0,08521688 0,4650033
6 0,5339639 0,263068 0,01076168 0,02317858
6 0,5370963 0,2714084 0,01117277 0,02400899
