0 0,8199652 0,305563 0,04903996 0,09044856
0 0,5745085 0,1205036 0,03003299 0,06714815
0 0,04683405 0,05291992 0,1315062 0,2018706
2 0,7555516 0,3226333 0,05844176 0,05661285
2 0,7247483 0,3215973 0,06091243 0,06081605
2 0,8269544 0,3178308 0,0525285 0,1016101
2 0,5751806 0,1090137 0,03563064 0,07115185
2 0,06420615 0,04442191 0,1473104 0,2425396
3 0,9758247 0,66962 0,2287572 0,3634787
5 0,7846204 0,3045432 0,03491646 0,05645537
5 0,8192189 0,3027021 0,03189445 0,05001765
6 0,9773266 0,6680225 0,115063 0,176437
6 0,9602963 0,6971012 0,1224741 0,1946382
6 0,7637785 0,2912779 0,03871948 0,06209964
6 0,7346455 0,2890623 0,03966773 0,06643659
