0 0,03818807 0,02661574 0,07194838 0,1453722
0 0,6458507 0,5674061 0,03579998 0,09448355
1 0,5052806 0,4041981 0,03511646 0,04703951
2 0,2987621 0,2445366 0,01629132 0,01049078
2 0,0529862 0,02452534 0,06946474 0,1729299
2 0,6528929 0,5651045 0,04144168 0,1176405
3 0,7144569 0,5438767 0,07843506 0,08624813
3 0,57718 0,5368515 0,06091583 0,07554007
7 0,5306242 0,5433441 0,08108288 0,2406191
5 0,02864569 0,01806998 0,05304823 0,09321439
5 0,5663138 0,486949 0,01865244 0,0314616
6 0,5475767 0,5592057 0,02227414 0,04695687
