0 0,3813589 0,2851152 0,0218167 0,07190126
0 0,6201201 0,5706437 0,05281681 0,1468987
1 0,4262002 0,3933302 0,0438523 0,06928325
2 0,3839347 0,2114697 0,04314169 0,0413686
2 0,3802778 0,1747988 0,05218428 0,05235153
2 0,3873442 0,2796549 0,01834121 0,08654618
2 0,6311852 0,5649825 0,05925143 0,1823503
3 0,7376355 0,5090839 0,1341187 0,130191
3 0,5171084 0,5462322 0,08848575 0,1176427
3 0,6043726 0,1155083 0,1079496 0,1856731
7 0,4457803 0,5699663 0,08302179 0,3400828
5 0,3874786 0,2550601 0,01584157 0,05394608
5 0,3865041 0,2850627 0,01282066 0,04209334
5 0,5516697 0,479408 0,02354592 0,04120773
6 0,5987533 0,1189496 0,03646958 0,07521915
6 0,6214966 0,08527452 0,04134601 0,08556575
6 0,3860659 0,2467716 0,02530754 0,05313432
6 0,3830023 0,218082 0,03007215 0,06365949
6 0,4483663 0,5908911 0,03061512 0,07195315
6 0,4425538 0,5673345 0,02654618 0,06119475
