0 0,6776267 0,1673862 0,03304929 0,09152216
0 0,3326222 0,1045366 0,06202364 0,1353592
0 0,5269484 0,3860633 0,01508904 0,04909754
0 0,5714427 0,4717168 0,03373671 0,1212319
1 0,4632308 0,2653594 0,03479883 0,04568142
2 0,7938608 0,05054063 0,1054847 0,07111645
2 0,6860628 0,1614709 0,03297776 0,1133795
2 0,3306649 0,1276735 0,07435697 0,1354774
2 0,5248665 0,3841045 0,01632774 0,06098372
2 0,5796903 0,4715183 0,03422111 0,1563461
3 0,6723962 0,4693561 0,09137493 0,1365445
3 0,5044826 0,4107948 0,06804991 0,06872427
7 0,4548834 0,4004411 0,06904012 0,2216857
5 0,7491632 0,1236389 0,03935122 0,07952982
5 0,6943663 0,1682083 0,02449393 0,05496895
5 0,5900209 0,3932629 0,01942229 0,03544772
6 0,7880211 0,1070043 0,05659842 0,08217961
6 0,8558226 0,04991806 0,08249038 0,1142774
6 0,4415207 0,4076697 0,02272373 0,04158938
6 0,4528911 0,3972319 0,02012655 0,03716868
