0 0,3609215 0,06565255 0,04791325 0,1599211
0 0,4415342 0,3874343 0,01450801 0,04301149
0 0,5128232 0,4067613 0,02645212 0,07790053
1 0,4045488 0,3091663 0,02774587 0,04418731
2 0,4432251 0,2295904 0,01445028 0,01197642
2 0,445881 0,225087 0,01531217 0,01275301
2 0,3726555 0,05513179 0,04080313 0,1969232
2 0,4390371 0,3870817 0,01605916 0,05322653
2 0,5183259 0,4029406 0,02807087 0,0962733
3 0,5697544 0,3673742 0,04959893 0,06080621
3 0,4580601 0,3983769 0,05062914 0,06416017
7 0,4163983 0,4134855 0,04681107 0,1804
5 0,3706289 0,0521428 0,02930784 0,1049215
5 0,4955146 0,3647631 0,0154649 0,02823842
6 0,4159318 0,4194584 0,01671934 0,03658795
6 0,4144794 0,4119775 0,01548591 0,03367567
