0 0,07603583 0,04474479 0,1701505 0,3665876
0 0,4763011 0,7369808 0,01134107 0,03476995
0 0,5452702 0,7740753 0,02025563 0,06085584
1 0,4609042 0,6632729 0,02086177 0,02715898
2 0,4195266 0,5616499 0,01551479 0,01034686
2 0,4206288 0,5563371 0,01653954 0,01129809
2 0,1081992 0,04437935 0,1665902 0,4443591
2 0,4739889 0,7358481 0,01221278 0,04351127
2 0,5498506 0,772624 0,02150589 0,07698514
3 0,5915537 0,7595522 0,04013878 0,04874259
3 0,5008092 0,7502425 0,03988388 0,03962554
7 0,4676683 0,7492905 0,03607568 0,1401169
5 0,5243751 0,7354507 0,01268101 0,02157956
6 0,470285 0,7534876 0,01253131 0,02539422
6 0,4662859 0,7474539 0,01176289 0,02368431
