0 0,3160081 0,2632372 0,02238294 0,05020636
0 0,3392869 0,6521053 0,04780161 0,1414722
1 0,5099149 0,6735555 0,07764179 0,175054
2 0,4613661 0,2475494 0,015481 0,01590085
2 0,4629335 0,2616539 0,01642391 0,01740658
2 0,3132861 0,2552031 0,02705854 0,05310214
2 0,3323939 0,6424929 0,05114847 0,1749671
3 0,2735636 0,5696698 0,07746664 0,1685437
3 0,4118555 0,697848 0,0961141 0,1650784
3 0,5348015 0,2637678 0,02487946 0,05225879
7 0,4888575 0,7033803 0,08521688 0,4650033
6 0,5339639 0,263068 0,01076168 0,02317858
6 0,5370963 0,2714084 0,01117277 0,02400899
