0 0,8364516 0,3218652 0,06027901 0,1033441
0 0,5666295 0,1132082 0,02909881 0,06602627
0 0,07474452 0,04789627 0,1150381 0,1893514
2 0,7555516 0,3226333 0,05844176 0,05661285
2 0,7247483 0,3215973 0,06091243 0,06081605
2 0,8384348 0,3297925 0,07044321 0,1275306
2 0,5672577 0,1020092 0,03457022 0,07007462
2 0,08929973 0,03870988 0,1311568 0,2268031
3 0,9758247 0,66962 0,2287572 0,3634787
5 0,7846204 0,3045432 0,03491646 0,05645537
5 0,8192189 0,3027021 0,03189445 0,05001765
6 0,9773266 0,6680225 0,115063 0,176437
6 0,9602963 0,6971012 0,1224741 0,1946382
6 0,7637785 0,2912779 0,03871948 0,06209964
6 0,7346455 0,2890623 0,03966773 0,06643659
