0 0,06880462 0,03614944 0,07924452 0,1510561
0 0,6568699 0,5673578 0,03548878 0,09385407
1 0,5052806 0,4041981 0,03511646 0,04703951
2 0,2987621 0,2445366 0,01629132 0,01049078
2 0,07223511 0,02835155 0,088187 0,187353
2 0,6636885 0,5643179 0,04153359 0,1161658
3 0,7144569 0,5438767 0,07843506 0,08624813
3 0,57718 0,5368515 0,06091583 0,07554007
7 0,5306242 0,5433441 0,08108288 0,2406191
5 0,02864569 0,01806998 0,05304823 0,09321439
5 0,5663138 0,486949 0,01865244 0,0314616
6 0,5475767 0,5592057 0,02227414 0,04695687
