0 0,7070007 0,4057311 0,03865153 0,08257896
0 0,4951305 0,5816945 0,03458625 0,1392621
1 0,5747445 0,2297707 0,03169996 0,06879061
2 0,03572977 0,4429591 0,06923288 0,05582052
2 0,08447757 0,4345694 0,06314792 0,05415493
2 0,7095605 0,3995239 0,04255754 0,09935212
2 0,4914941 0,5929939 0,04517654 0,1618758
3 0,4539235 0,6899257 0,1070775 0,1839928
3 0,5322073 0,4218413 0,04535294 0,1278931
3 0,226983 0,2873043 0,06698772 0,05998886
7 0,5318539 0,3592617 0,08492297 0,2100692
5 0,7039874 0,5508155 0,04598236 0,08749056
6 0,2229329 0,2897061 0,0210017 0,03554875
6 0,2394818 0,2878915 0,02001475 0,03528565
6 0,02626455 0,4187854 0,04408813 0,05433536
6 0,07343343 0,411835 0,03995004 0,05321461
6 0,5044944 0,3587799 0,01283175 0,04540753
6 0,5318314 0,3546311 0,01416874 0,04476899
