0 0,860531 0,8956369 0,1560563 0,252479
0 0,5317127 0,1747297 0,03292871 0,09794587
0 0,5761414 0,171392 0,03689432 0,09596092
1 0,6462398 0,0846771 0,06229281 0,1365861
2 0,8458426 0,8809491 0,1676331 0,2730932
3 0,5348721 0,6932561 0,13472 0,42693
3 0,5891475 0,4062517 0,08193713 0,2415104
3 0,102695 0,05858105 0,1176237 0,09854412
4 0,56991 0,2422057 0,1413345 0,2596995
5 0,8398235 0,73857 0,08885813 0,1517965
6 0,0967278 0,06182867 0,0404612 0,06078762
6 0,1229583 0,06123221 0,03808898 0,060206
