0 0,09508193 0,2015624 0,06559226 0,1306507
0 0,6580826 0,6156819 0,03566647 0,09180626
1 0,5056318 0,4390863 0,03550723 0,04576123
2 0,3052745 0,3554558 0,01548386 0,01004356
2 0,09881872 0,1960175 0,07179594 0,1619983
2 0,6649962 0,6132062 0,04165673 0,1147265
3 0,7163384 0,5964249 0,07941395 0,07984355
3 0,5770311 0,5768312 0,06192136 0,06459123
3 0,206878 0,003130436 0,2081873 0,504644
7 0,529787 0,5754897 0,08380133 0,2321303
5 0,0583927 0,1914424 0,04383761 0,07789677
5 0,5658355 0,5449126 0,0188821 0,0291591
6 0,2121779 0,01390088 0,07834415 0,1797411
6 0,547022 0,5868981 0,02291852 0,04317185
