0 0,3842462 0,06193066 0,05400404 0,1668534
0 0,4365489 0,388356 0,01430899 0,04248738
0 0,5226567 0,4040138 0,02615476 0,07780588
1 0,4045488 0,3091663 0,02774587 0,04418731
2 0,4432251 0,2295904 0,01445028 0,01197642
2 0,445881 0,225087 0,01531217 0,01275301
2 0,3911363 0,04832864 0,0614711 0,211329
2 0,4340766 0,3880287 0,01578936 0,05251777
2 0,5282696 0,3996063 0,02751803 0,09528464
3 0,5697544 0,3673742 0,04959893 0,06080621
3 0,4580601 0,3983769 0,05062914 0,06416017
7 0,4163983 0,4134855 0,04681107 0,1804
5 0,3706289 0,0521428 0,02930784 0,1049215
5 0,4955146 0,3647631 0,0154649 0,02823842
6 0,4159318 0,4194584 0,01671934 0,03658795
6 0,4144794 0,4119775 0,01548591 0,03367567
