0 0,473087 0,2830757 0,01114568 0,03627187
0 0,5507013 0,3554813 0,01955158 0,06070143
1 0,4610068 0,2351021 0,02145839 0,03416073
2 0,4708132 0,2814224 0,01202723 0,04476172
2 0,5551074 0,3542055 0,02081352 0,0761627
3 0,587399 0,345876 0,03770059 0,06054258
3 0,3415031 0,9390264 0,1004186 0,430204
7 0,4698072 0,3280517 0,03543115 0,1481046
5 0,5246048 0,2890017 0,01253688 0,02409756
6 0,3401845 0,9711329 0,04977629 0,1389743
6 0,3463092 0,8726662 0,04339123 0,1172998
6 0,4724717 0,3391492 0,01203197 0,02704716
