0 0,7326938 0,3686584 0,04014468 0,0777936
0 0,4942763 0,5039943 0,04328001 0,1633899
1 0,5790026 0,2138637 0,03261721 0,05186844
2 0,05305299 0,4506308 0,07582626 0,03956139
2 0,7346547 0,3650654 0,04328239 0,09566921
2 0,4902523 0,5077169 0,05823866 0,2003647
3 0,4461481 0,5206062 0,1427298 0,1820291
3 0,5391442 0,3808614 0,05150837 0,09267056
3 0,2241504 0,3585726 0,0686256 0,05226058
7 0,5372423 0,3542867 0,08998585 0,2100805
5 0,7483267 0,4312194 0,05803496 0,08045644
6 0,2198936 0,3611897 0,02137688 0,03080112
6 0,2368103 0,358882 0,02038333 0,03052652
6 0,04351434 0,4238719 0,0445345 0,04828864
6 0,5078564 0,3550444 0,01402348 0,03929162
6 0,5371121 0,3506443 0,01496935 0,03861511
