0 0,04898843 0,5160398 0,07396481 0,113391
2 0,09679458 0,5224786 0,07272458 0,08657014
2 0,1253746 0,513867 0,07532921 0,09180135
2 0,002406836 0,4523164 0,03402138 0,03545678
2 0,04746917 0,5176215 0,09724352 0,1537571
3 0,3131476 0,2481042 0,07907432 0,1107291
5 0,06605583 0,5121613 0,04609275 0,0651426
5 0,02083185 0,5341226 0,04393357 0,05936351
6 0,3095482 0,2532955 0,02881101 0,05710906
6 0,3257152 0,2437734 0,02864996 0,05842316
6 0,08359152 0,4940673 0,05251231 0,0765782
6 0,1105678 0,4849176 0,05386171 0,08125311
