0 0,6906036 0,5141531 0,05491304 0,1025311
0 0,7105075 0,611776 0,07789958 0,1450263
0 0,5052736 0,2897983 0,01871532 0,05173641
0 0,5337965 0,2862967 0,02049786 0,05095112
0 0,5736765 0,2468848 0,020661 0,04349506
1 0,5747445 0,2297707 0,03169996 0,06879061
2 0,1678824 0,7920405 0,09606599 0,1492414
2 0,2468246 0,7679046 0,07971638 0,1413961
2 0,6935315 0,4926546 0,06794953 0,1099603
2 0,7066085 0,6194012 0,08794248 0,1583853
3 0,5045618 0,5335766 0,0772548 0,2003035
3 0,5444851 0,4150467 0,0473485 0,1252426
3 0,226983 0,2873043 0,06698772 0,05998886
4 0,532423 0,3335979 0,08492297 0,1607475
5 0,08457589 0,7944391 0,07502109 0,1020744
5 0,7039874 0,5508155 0,04598236 0,08749056
6 0,2229329 0,2897061 0,0210017 0,03554875
6 0,2394818 0,2878915 0,02001475 0,03528565
