0 0,08025816 0,0239293 0,07263321 0,1494692
0 0,6676212 0,5667045 0,03492498 0,09273839
1 0,5052806 0,4041981 0,03511646 0,04703951
2 0,2987621 0,2445366 0,01629132 0,01049078
2 0,06871876 0,0173381 0,09418934 0,1918457
2 0,6741277 0,5629394 0,04139155 0,114106
3 0,7144569 0,5438767 0,07843506 0,08624813
3 0,57718 0,5368515 0,06091583 0,07554007
7 0,5306242 0,5433441 0,08108288 0,2406191
5 0,02864569 0,01806998 0,05304823 0,09321439
5 0,5663138 0,486949 0,01865244 0,0314616
6 0,5475767 0,5592057 0,02227414 0,04695687
