0 0,4226621 0,1062706 0,01502958 0,04688758
0 0,2068732 0,2102942 0,03827676 0,07636112
0 0,3597315 0,7220809 0,05952948 0,223387
1 0,799462 0,6431249 0,1603382 0,3087053
2 0,431866 0,1442742 0,02098444 0,0208261
2 0,4383311 0,1591588 0,02234086 0,02289724
2 0,4221694 0,1069919 0,01970285 0,05979455
2 0,2014263 0,1996766 0,04591271 0,0823006
2 0,3458445 0,7164237 0,05944362 0,2737855
3 0,2788177 0,6468825 0,09162948 0,3166068
3 0,5435091 0,7312129 0,1395704 0,3067606
3 0,5251397 0,1445339 0,03403252 0,05929428
7 0,6429468 0,6809599 0,2328108 0,6390396
6 0,5235198 0,1442251 0,0127064 0,0280602
6 0,5297021 0,1521429 0,01321948 0,02905983
6 0,4309959 0,1276311 0,01205954 0,02630442
6 0,4370935 0,1412838 0,01270401 0,02802593
6 0,6063932 0,5752536 0,03944945 0,09631816
6 0,6473202 0,6748665 0,04759485 0,1152508
