0 0,7101496 0,1542677 0,04211247 0,1011447
0 0,2850635 0,102221 0,06915608 0,1378965
0 0,5175579 0,3821656 0,01472175 0,046583
0 0,6037593 0,4835896 0,03779829 0,1287326
1 0,4632308 0,2653594 0,03479883 0,04568142
2 0,7938608 0,05054063 0,1054847 0,07111645
2 0,7104781 0,1539352 0,05331171 0,130564
2 0,2836945 0,1253276 0,08248995 0,1390369
2 0,5155923 0,3803546 0,01576591 0,05787241
2 0,6137485 0,4817706 0,03803551 0,1643954
3 0,6723962 0,4693561 0,09137493 0,1365445
3 0,5044826 0,4107948 0,06804991 0,06872427
7 0,4548834 0,4004411 0,06904012 0,2216857
5 0,7491632 0,1236389 0,03935122 0,07952982
5 0,6943663 0,1682083 0,02449393 0,05496895
5 0,5900209 0,3932629 0,01942229 0,03544772
6 0,7880211 0,1070043 0,05659842 0,08217961
6 0,8558226 0,04991806 0,08249038 0,1142774
6 0,4415207 0,4076697 0,02272373 0,04158938
6 0,4528911 0,3972319 0,02012655 0,03716868
