0 0,4011755 0,03665262 0,0526756 0,16931
0 0,4314411 0,3893363 0,01411411 0,04196405
0 0,5328631 0,4008381 0,02568972 0,07738322
1 0,4045488 0,3091663 0,02774587 0,04418731
2 0,4432251 0,2295904 0,01445028 0,01197642
2 0,445881 0,225087 0,01531217 0,01275301
2 0,39718 0,03191048 0,07503751 0,215964
2 0,4290062 0,3890243 0,01554698 0,05181062
2 0,5385243 0,3958632 0,02684742 0,09387636
3 0,5697544 0,3673742 0,04959893 0,06080621
3 0,4580601 0,3983769 0,05062914 0,06416017
7 0,4163983 0,4134855 0,04681107 0,1804
5 0,3706289 0,0521428 0,02930784 0,1049215
5 0,4955146 0,3647631 0,0154649 0,02823842
6 0,4159318 0,4194584 0,01671934 0,03658795
6 0,4144794 0,4119775 0,01548591 0,03367567
