0 0,6055748 0,219417 0,01654238 0,04734886
0 0,6227371 0,387937 0,02978557 0,09713596
1 0,554543 0,1539626 0,02738416 0,04550213
2 0,05912191 0,9935367 0,1066224 0,2546458
2 0,6281179 0,3911412 0,03054851 0,1205223
3 0,6551586 0,4112273 0,04737651 0,1265882
3 0,5717421 0,2918641 0,05084807 0,07381284
3 0,1484315 0,5268549 0,1285443 0,1849095
7 0,5410859 0,2660782 0,0538578 0,1812016
5 0,6564758 0,2707115 0,01947236 0,03978121
6 0,1396223 0,5388305 0,03631937 0,07415807
6 0,1743262 0,5055827 0,03330015 0,06850311
6 0,02957362 0,9815519 0,07004365 0,1655284
6 0,5297991 0,278484 0,01500982 0,03480542
6 0,539921 0,2631904 0,01439434 0,03274798
