0 0,1578782 0,02162021 0,1601328 0,3774846
0 0,4670396 0,7352592 0,01106009 0,03387608
0 0,5614204 0,7755122 0,01992404 0,06100847
1 0,4609042 0,6632729 0,02086177 0,02715898
2 0,4195266 0,5616499 0,01551479 0,01034686
2 0,4206288 0,5563371 0,01653954 0,01129809
2 0,4647784 0,7341764 0,0118534 0,04236531
2 0,5660523 0,7731932 0,02099943 0,07613651
3 0,5915537 0,7595522 0,04013878 0,04874259
3 0,5008092 0,7502425 0,03988388 0,03962554
7 0,4676683 0,7492905 0,03607568 0,1401169
5 0,5243751 0,7354507 0,01268101 0,02157956
6 0,470285 0,7534876 0,01253131 0,02539422
6 0,4662859 0,7474539 0,01176289 0,02368431
