0 0,4629639 0,2122555 0,01087433 0,03734779
0 0,2961647 0,2684984 0,02436885 0,0517047
0 0,3126023 0,6401504 0,04851565 0,1361389
1 0,5099149 0,6735555 0,07764179 0,175054
2 0,4613661 0,2475494 0,015481 0,01590085
2 0,4629335 0,2616539 0,01642391 0,01740658
2 0,4621295 0,2129767 0,01490012 0,0470165
2 0,2932651 0,2604353 0,02932319 0,05507892
2 0,3049423 0,6319974 0,05145586 0,170832
3 0,2735636 0,5696698 0,07746664 0,1685437
3 0,4118555 0,697848 0,0961141 0,1650784
3 0,5348015 0,2637678 0,02487946 0,05225879
7 0,4888575 0,7033803 0,08521688 0,4650033
6 0,5339639 0,263068 0,01076168 0,02317858
6 0,5370963 0,2714084 0,01117277 0,02400899
