0 0,9881951 0,860346 0,1727157 0,2464713
0 0,4621999 0,3734199 0,02556476 0,04082543
0 0,4840078 0,3639659 0,02347755 0,03829432
1 0,4170234 0,3567505 0,04124039 0,07136959
2 0,7211031 0,4569558 0,03396052 0,0365991
2 0,6810981 0,4455779 0,02874774 0,03419286
2 0,9799889 0,8971272 0,215796 0,2834777
2 0,4622011 0,3865743 0,03411141 0,03615075
2 0,4839082 0,3765295 0,03149125 0,03352994
3 0,7276793 0,7657992 0,2128443 0,3892017
3 0,5370988 0,4463516 0,06639487 0,08846116
3 0,6064199 0,8055816 0,1823869 0,4504205
4 0,4595362 0,4510679 0,1010756 0,1937323
5 0,7617224 0,4535033 0,02672946 0,04442877
5 0,442733 0,3851328 0,01869005 0,03594786
6 0,6144305 0,8316333 0,0544402 0,1750076
6 0,5856692 0,7572657 0,04775107 0,14497
