0 0,2205839 0,3894664 0,04878713 0,05504674
0 0,2673503 0,3772272 0,04162911 0,0512659
0 0,8662354 0,3293379 0,05137962 0,05006534
0 0,8384989 0,3354025 0,05073124 0,0520547
0 0,5800596 0,2608657 0,02161527 0,0328688
0 0,5613307 0,2569609 0,01736498 0,02780426
1 0,57546 0,2371929 0,03201318 0,05175531
2 0,06508726 0,6535153 0,1612652 0,1332965
2 0,1730961 0,6266404 0,1285495 0,1220434
2 0,2222874 0,4083796 0,06277753 0,0469299
2 0,2686935 0,3952269 0,05385552 0,04307622
2 0,8642204 0,3488969 0,06524926 0,03883123
2 0,8366158 0,3555244 0,06464571 0,04071778
3 0,3643492 0,3537008 0,0713104 0,06654418
3 0,4906439 0,399887 0,08586738 0,09992629
3 0,4139665 0,3386523 0,05474627 0,05861384
4 0,5372754 0,3249264 0,08998585 0,1501814
5 0,1787509 0,4052671 0,04025556 0,04779249
5 0,8872309 0,3292185 0,0345214 0,0410676
6 0,4115802 0,3401027 0,01807272 0,031039
6 0,4211671 0,3422118 0,01802558 0,03206402
