0 0,232441 0,3588023 0,04478675 0,06462157
0 0,2752648 0,3404304 0,03867084 0,06070936
0 0,833426 0,3630551 0,04606068 0,06078744
0 0,8067415 0,3725374 0,04527676 0,06288809
1 0,5706899 0,2513477 0,03090662 0,06980252
2 0,1678824 0,7920405 0,09606599 0,1492414
2 0,2468246 0,7679046 0,07971638 0,1413961
2 0,2350104 0,3756768 0,05576274 0,0617106
2 0,2772881 0,3567253 0,04857558 0,05730599
2 0,830008 0,3795178 0,05578786 0,05633491
3 0,3667153 0,3110307 0,06662959 0,08910191
3 0,4884342 0,4555842 0,07619089 0,121048
4 0,532423 0,3335979 0,08492297 0,1607475
5 0,08457589 0,7944391 0,07502109 0,1020744
5 0,1949395 0,3793832 0,03747326 0,05162108
5 0,8533932 0,3595514 0,03259754 0,04409939
