0 0,6712937 0,1534479 0,03928113 0,07574081
0 0,7101575 0,154232 0,04879171 0,09049648
0 0,561259 0,4119729 0,02028078 0,05277491
0 0,6131772 0,3974415 0,03099847 0,05664146
0 0,4405284 0,3195632 0,03184506 0,03995782
0 0,4522118 0,3176224 0,02815512 0,03589886
0 0,4686788 0,3119165 0,02317014 0,03021336
0 0,4351796 0,3110873 0,02382907 0,02937949
1 0,4632308 0,2653594 0,03479883 0,04568142
2 0,8208393 0,8238909 0,236977 0,2563739
2 0,6685735 0,1714448 0,04897201 0,07218915
2 0,7087125 0,1346936 0,05862612 0,09838688
2 0,5595718 0,3978644 0,02777255 0,04671645
2 0,6091647 0,4102594 0,03483385 0,06254578
3 0,5772133 0,4339717 0,09754801 0,09774578
3 0,5032868 0,4058169 0,06534481 0,06522375
4 0,4545803 0,3700992 0,06891704 0,1546097
5 0,6943663 0,1682083 0,02449393 0,05496895
5 0,5900209 0,3932629 0,01942229 0,03544772
