0 0,3409879 0,9817932 0,0991739 0,3069071
0 0,3129563 0,7825664 0,0854277 0,2258748
1 0,3893417 0,09425771 0,03066203 0,05290157
2 0,6486449 0,4395289 0,0544768 0,07622397
2 0,6162924 0,3752181 0,0466857 0,06157774
2 0,3184205 0,8102826 0,1018019 0,2668488
3 0,302432 0,4744042 0,123271 0,2448003
3 0,4674175 0,2316918 0,04731801 0,09903032
3 0,2673003 0,3946604 0,1203154 0,1908036
4 0,3999169 0,1836702 0,04698783 0,1669472
5 0,6890814 0,4941466 0,03944939 0,09153199
6 0,2610992 0,405883 0,04213753 0,08085191
6 0,2855675 0,3756159 0,03707123 0,07450277
6 0,3915161 0,109042 0,01518697 0,03323841
