0 0,2730216 0,9786539 0,2093851 0,5011888
0 0,2679344 0,7872533 0,1415806 0,287396
0 0,4267507 0,3656121 0,01254573 0,02346534
1 0,4058007 0,3257155 0,02780828 0,04481757
2 0,6899712 0,444879 0,06723356 0,05357951
2 0,6447195 0,4242113 0,05400157 0,04266524
2 0,4432251 0,2295904 0,01445028 0,01197642
2 0,445881 0,225087 0,01531217 0,01275301
2 0,2745977 0,8407142 0,1772383 0,3298883
2 0,4272976 0,3741843 0,01569787 0,01869553
2 0,4310674 0,3760448 0,01661903 0,01978213
3 0,2971802 0,5733624 0,1537089 0,2218934
3 0,480013 0,4006414 0,04808584 0,07096213
3 0,2703803 0,5439387 0,1367007 0,1703778
4 0,4147722 0,3903316 0,04367301 0,1305556
5 0,7487029 0,442279 0,04872292 0,08591813
6 0,2629374 0,5538406 0,04672459 0,07677984
6 0,2912018 0,5300547 0,04031977 0,06930849
6 0,4082277 0,344373 0,01374316 0,02806908
