0 0,2833343 0,5435043 0,0593158 0,1200922
0 0,3212579 0,4699398 0,05008727 0,09869906
1 0,553053 0,170942 0,02725089 0,04638672
2 0,597267 0,7056668 0,06003422 0,1360593
2 0,6152877 0,6087592 0,05206418 0,1052372
2 0,286418 0,5655463 0,07441412 0,1314434
2 0,3234677 0,4902039 0,0635418 0,1047105
3 0,396901 0,3511743 0,08277926 0,1230631
3 0,5716804 0,3267812 0,05204022 0,09999192
3 0,4129367 0,2989364 0,0707244 0,09761065
4 0,5416346 0,2454001 0,05343473 0,1397302
5 0,5770594 0,8017074 0,03415376 0,1349221
5 0,2440918 0,6272711 0,05308323 0,112095
6 0,4088508 0,3015628 0,02346629 0,04367942
6 0,4246957 0,2990491 0,02284437 0,04321653
6 0,5587667 0,1845316 0,01377976 0,02920127
