0 0,4507724 0,1461032 0,01642576 0,03522527
0 0,4612888 0,1613747 0,01707447 0,03717875
1 0,5067824 0,2570599 0,033966 0,07210684
2 0,858934 0,6595759 0,0580281 0,1060791
2 0,802361 0,5744036 0,05070478 0,08785382
2 0,4510585 0,1565747 0,0212819 0,03167039
2 0,461503 0,1721892 0,02225709 0,03379166
3 0,5842277 0,8852695 0,1474113 0,4206192
3 0,6072642 0,4057732 0,07028049 0,1393385
3 0,4962423 0,760553 0,1225455 0,3370192
4 0,5278547 0,360921 0,07295614 0,2150809
5 0,9288694 0,7407125 0,05488539 0,09693924
6 0,4939869 0,7807343 0,03937924 0,1238527
6 0,5021886 0,7156352 0,0369446 0,1116611
