0 0,4954601 0,6653692 0,04829997 0,1249364
0 0,4651344 0,5955211 0,04094815 0,103429
1 0,4615998 0,2492267 0,02144542 0,03487545
2 0,6601686 0,4703174 0,03891802 0,04163843
2 0,635771 0,4349964 0,03433931 0,03518343
2 0,4957027 0,6893564 0,06371936 0,1364713
2 0,4656944 0,6174661 0,0537191 0,1096612
2 0,4638797 0,2581531 0,0147323 0,01666248
3 0,4303162 0,4655088 0,0644491 0,124005
3 0,5206303 0,3444091 0,03777444 0,0635972
3 0,3977866 0,4256796 0,06121567 0,1025165
4 0,4695721 0,3103099 0,03527349 0,1117689
5 0,6884954 0,4942107 0,02588004 0,05597472
5 0,5271559 0,7447222 0,03674126 0,1202736
6 0,3945172 0,4316551 0,01946279 0,04673272
6 0,4069701 0,4173403 0,01840267 0,04405272
6 0,4609921 0,2603409 0,0105868 0,02245981
