0 0,4610208 0,1582245 0,0192149 0,05135101
0 0,5008076 0,1416817 0,02277663 0,0517574
0 0,397283 0,1580914 0,0242337 0,04555368
0 0,3951294 0,1403092 0,02267903 0,04204482
0 0,3916098 0,1100878 0,02030462 0,0367524
1 0,3878646 0,07363743 0,03080758 0,05204034
2 0,6486449 0,4395289 0,0544768 0,07622397
2 0,6162924 0,3752181 0,0466857 0,06157774
2 0,4589407 0,1465304 0,02558619 0,04931223
2 0,4982149 0,1517289 0,02623582 0,05750883
3 0,5017644 0,2149034 0,06373146 0,08829236
3 0,4400964 0,1980872 0,05067846 0,06908733
4 0,3999169 0,1836702 0,04698783 0,1669472
5 0,6890814 0,4941466 0,03944939 0,09153199
5 0,4835109 0,1401273 0,01550978 0,03382587
