0 0,4903249 0,2989978 0,01914746 0,0399307
0 0,5031548 0,3181037 0,02086303 0,04326504
1 0,5081763 0,694641 0,07396495 0,1696964
2 0,3344511 0,3902193 0,03057331 0,03383064
2 0,3249061 0,4268737 0,03424254 0,03951573
2 0,490296 0,3109391 0,02535573 0,03609222
2 0,5030215 0,3306625 0,02763131 0,03970152
3 0,5317016 0,382029 0,0599907 0,09888208
3 0,3925947 0,5985258 0,06461167 0,1953745
3 0,5727132 0,4284205 0,07518721 0,116444
4 0,4886381 0,6698811 0,08521688 0,4032044
5 0,3406863 0,3507062 0,0137614 0,0388338
5 0,4809403 0,2877562 0,01096281 0,03204495
6 0,5745324 0,4259359 0,02436483 0,0499298
