0 0,0009848177 0,4772378 0,08882138 0,09027022
0 0,9452907 0,3564975 0,07356763 0,06881696
0 0,9133101 0,3652432 0,07315242 0,0723123
0 0,5827138 0,2694756 0,02679908 0,04103005
1 0,5786763 0,2223018 0,039967 0,03785717
2 0,004739314 0,50475 0,1092791 0,08321276
2 0,9425383 0,3804848 0,09157431 0,05900127
2 0,9107494 0,3900861 0,09127283 0,06254405
3 0,3206977 0,3815831 0,09694752 0,08646226
3 0,5756508 0,431318 0,132349 0,1465996
3 0,3549902 0,3567216 0,06156525 0,05771452
4 0,5290213 0,3518038 0,1136142 0,1941162
5 0,9670353 0,3557343 0,04726124 0,05241102
6 0,3504235 0,3596169 0,01629701 0,03404117
6 0,3682193 0,357075 0,01518431 0,03370559
