0 0,1097873 0,4171761 0,05445397 0,07341111
0 0,1570459 0,4092653 0,04889946 0,07184017
0 0,8351258 0,3626382 0,04711467 0,06314874
0 0,8085392 0,3720904 0,04632819 0,06529647
0 0,5754578 0,2508404 0,02106482 0,04426944
1 0,5721316 0,237809 0,02977908 0,0495674
2 0,1678824 0,7920405 0,09606599 0,1492414
2 0,2468246 0,7679046 0,07971638 0,1413961
2 0,1135969 0,4357233 0,06458476 0,07098681
2 0,160235 0,4276009 0,05836281 0,06921548
2 0,8320763 0,3788311 0,0566045 0,06043071
3 0,3667153 0,3110307 0,06662959 0,08910191
3 0,5632676 0,4261565 0,08664221 0,131019
3 0,3870428 0,2698717 0,04792464 0,05544889
4 0,532423 0,3335979 0,08492297 0,1607475
5 0,08457589 0,7944391 0,07502109 0,1020744
5 0,07434845 0,4275714 0,04248464 0,05169547
5 0,8533932 0,3595514 0,03259754 0,04409939
6 0,3833077 0,2721207 0,0118905 0,03302103
6 0,3979233 0,2705181 0,01111048 0,03279316
