0 0,4402925 0,1591595 0,01882952 0,04211897
0 0,4481704 0,1769956 0,02006769 0,04552937
1 0,7859589 0,6472346 0,1385972 0,2509517
2 0,3066505 0,3524461 0,03817284 0,05753833
2 0,3044305 0,4055042 0,04294527 0,06983662
2 0,440635 0,1722887 0,02385753 0,03702784
2 0,4484534 0,1908296 0,02552155 0,04050946
3 0,5653671 0,8909867 0,2162463 0,6383538
3 0,6159931 0,2600889 0,06108034 0,1012215
4 0,6487586 0,6386358 0,2289354 0,572242
5 0,3062265 0,2975993 0,01705199 0,05611289
5 0,4351156 0,1501413 0,01027289 0,0327152
6 0,6124656 0,258137 0,02077538 0,04318255
6 0,6255983 0,274956 0,02209175 0,04555005
