0 0,4265184 0,3656274 0,01263148 0,02464592
1 0,4050288 0,3151816 0,02671027 0,02893615
2 0,6899712 0,444879 0,06723356 0,05357951
2 0,6447195 0,4242113 0,05400157 0,04266524
2 0,4432251 0,2295904 0,01445028 0,01197642
2 0,445881 0,225087 0,01531217 0,01275301
2 0,4270108 0,3740883 0,01575848 0,02085507
2 0,4307492 0,3759358 0,01667464 0,02204901
3 0,2971802 0,5733624 0,1537089 0,2218934
3 0,4593202 0,3908346 0,04948011 0,06391722
3 0,1947221 0,6150123 0,131034 0,1966531
4 0,4147722 0,3903316 0,04367301 0,1305556
5 0,7487029 0,442279 0,04872292 0,08591813
6 0,1898543 0,6272032 0,05345312 0,08707014
6 0,209145 0,5981877 0,04669702 0,07711002
6 0,4082277 0,344373 0,01374316 0,02806908
