0 0,450101 0,1452521 0,01657638 0,03684449
0 0,460555 0,1604389 0,01722533 0,03885651
1 0,5064488 0,2444468 0,03368649 0,05409157
2 0,858934 0,6595759 0,0580281 0,1060791
2 0,802361 0,5744036 0,05070478 0,08785382
2 0,4502507 0,1554227 0,021247 0,03419203
2 0,4606216 0,1709294 0,02219313 0,03637671
3 0,5842277 0,8852695 0,1474113 0,4206192
3 0,5592921 0,3342706 0,06789374 0,1245943
3 0,4881946 0,9601697 0,09396175 0,3702559
4 0,5278547 0,360921 0,07295614 0,2150809
5 0,9288694 0,7407125 0,05488539 0,09693924
6 0,4925407 0,9860474 0,03563446 0,1189475
6 0,4770211 0,8999637 0,03308064 0,1072015
6 0,5002984 0,2621441 0,01657623 0,04241991
