0 0,4581398 0,7128486 0,01062649 0,01877135
0 0,4626235 0,7154387 0,01117629 0,01974246
1 0,4611152 0,6680552 0,02079126 0,01549947
2 0,682326 0,8414235 0,04574299 0,03233851
2 0,6509802 0,819348 0,03915787 0,02654278
2 0,4195266 0,5616499 0,01551479 0,01034686
2 0,4206288 0,5563371 0,01653954 0,01129809
2 0,4579771 0,7204669 0,01388675 0,01439646
2 0,4624559 0,723413 0,01462123 0,01521003
3 0,4200746 0,8211046 0,07418311 0,1018255
3 0,499814 0,7448177 0,04176512 0,04297638
3 0,3524645 0,8220779 0,04653174 0,0945868
4 0,4678201 0,730128 0,0356687 0,09701927
5 0,71763 0,8466008 0,03004169 0,05838727
6 0,3514809 0,8282187 0,02320215 0,04715304
6 0,3547392 0,8168339 0,0215168 0,0434441
6 0,4602017 0,6912391 0,01042655 0,01928583
