0 0,4616504 0,2629669 0,01355767 0,03281879
0 0,4634207 0,279761 0,014458 0,03533077
1 0,5087419 0,6767113 0,07443157 0,1372349
2 0,3344511 0,3902193 0,03057331 0,03383064
2 0,3249061 0,4268737 0,03424254 0,03951573
2 0,4618396 0,2734213 0,01730117 0,02853441
2 0,4636079 0,2907597 0,01846078 0,03106612
3 0,5317016 0,382029 0,0599907 0,09888208
3 0,5810378 0,3861714 0,04289156 0,09104198
4 0,4886381 0,6698811 0,08521688 0,4032044
5 0,3406863 0,3507062 0,0137614 0,0388338
6 0,5792261 0,3835825 0,01713699 0,03578329
6 0,5859447 0,4014715 0,01816261 0,03776509
