0 0,3614878 0,05419135 0,05398044 0,1329846
0 0,3658566 0,003028989 0,06902444 0,1835777
0 0,4748521 0,3901584 0,01902416 0,0427472
0 0,5119183 0,358996 0,02292526 0,04206318
0 0,4082726 0,3446959 0,01836827 0,03068918
1 0,4045488 0,3091663 0,02774587 0,04418731
2 0,6899712 0,444879 0,06723356 0,05357951
2 0,6447195 0,4242113 0,05400157 0,04266524
2 0,4432251 0,2295904 0,01445028 0,01197642
2 0,445881 0,225087 0,01531217 0,01275301
2 0,363641 0,08438081 0,06640431 0,1294765
2 0,4726258 0,3804916 0,0247305 0,04015779
2 0,5098433 0,3692436 0,02638215 0,04646897
3 0,5138953 0,3818733 0,06432188 0,07098925
3 0,4536685 0,3971499 0,04935515 0,06240577
4 0,4147722 0,3903316 0,04367301 0,1305556
5 0,7487029 0,442279 0,04872292 0,08591813
5 0,3706289 0,0521428 0,02930784 0,1049215
5 0,4955146 0,3647631 0,0154649 0,02823842
