0 0,9479557 0,356159 0,07454026 0,07168585
0 0,9161959 0,3648598 0,07415468 0,07527167
0 0,5827138 0,2694756 0,02679908 0,04103005
1 0,5813468 0,2124507 0,04179245 0,06374502
2 0,9456381 0,3796423 0,09201968 0,06456089
2 0,9140971 0,3891724 0,09169918 0,06827384
3 0,3206977 0,3815831 0,09694752 0,08646226
3 0,5416211 0,5383489 0,1461231 0,2835014
3 0,2973323 0,3649064 0,06949115 0,05972648
4 0,5290213 0,3518038 0,1136142 0,1941162
5 0,9670353 0,3557343 0,04726124 0,05241102
6 0,2925953 0,3678774 0,02001107 0,03514069
6 0,3112122 0,3652181 0,01879919 0,03478515
