0 0,004511803 0,4326972 0,06886113 0,07941544
0 0,8373581 0,3620983 0,04800719 0,06513631
0 0,810901 0,3715115 0,04722148 0,06732076
0 0,5754578 0,2508404 0,02106482 0,04426944
1 0,5743755 0,23058 0,03168201 0,06686705
2 0,1678824 0,7920405 0,09606599 0,1492414
2 0,2468246 0,7679046 0,07971638 0,1413961
2 0,009016186 0,4516345 0,0803971 0,07953429
2 0,8346782 0,3779263 0,05726063 0,06415296
2 0,8084564 0,3876547 0,05649579 0,06656855
3 0,3667153 0,3110307 0,06662959 0,08910191
3 0,5391142 0,5415896 0,07846975 0,2004809
3 0,3398801 0,2750084 0,05333999 0,05677432
4 0,532423 0,3335979 0,08492297 0,1607475
5 0,08457589 0,7944391 0,07502109 0,1020744
5 0,8533932 0,3595514 0,03259754 0,04409939
6 0,3360531 0,2773022 0,01447013 0,03376061
6 0,3512262 0,2756385 0,01363242 0,03352267
