0 0,4211812 0,1148094 0,01594451 0,03573424
0 0,4265982 0,1270124 0,01681525 0,03804809
1 0,7976545 0,6428625 0,1585701 0,3035462
2 0,3066505 0,3524461 0,03817284 0,05753833
2 0,3044305 0,4055042 0,04294527 0,06983662
2 0,4215498 0,1258426 0,01993918 0,03180319
2 0,4269369 0,1385511 0,02107012 0,03410441
3 0,3886655 0,83094 0,1831923 0,4606707
3 0,5803335 0,214734 0,04958999 0,08363062
4 0,6487586 0,6386358 0,2289354 0,572242
5 0,3062265 0,2975993 0,01705199 0,05611289
6 0,577641 0,2135375 0,01744032 0,03707224
6 0,5877322 0,2264613 0,01838344 0,0388177
