0 0,7252172 0,1450954 0,05459064 0,08715087
0 0,7621512 0,1121398 0,07235914 0,1116354
0 0,5299979 0,3531904 0,01326209 0,02540034
0 0,530498 0,3563914 0,01414734 0,02723306
1 0,4631365 0,2660848 0,03485575 0,04372925
2 0,8208393 0,8238909 0,236977 0,2563739
2 0,7259017 0,1157508 0,06946588 0,07894766
2 0,7630416 0,07621568 0,09203601 0,1041039
2 0,5298921 0,3628503 0,01712608 0,0207352
2 0,5303826 0,3666845 0,01826215 0,02232569
3 0,1276786 0,5292283 0,3231055 0,2471629
3 0,5846225 0,4222024 0,08595985 0,08360624
4 0,4545803 0,3700992 0,06891704 0,1546097
5 0,7076122 0,1553296 0,02810019 0,06153393
6 0,4691611 0,3115976 0,01677841 0,02921832
