0 0,4262144 0,3656518 0,01268065 0,02563167
1 0,4045982 0,3097574 0,02765578 0,0426774
2 0,6899712 0,444879 0,06723356 0,05357951
2 0,6447195 0,4242113 0,05400157 0,04266524
2 0,4432251 0,2295904 0,01445028 0,01197642
2 0,445881 0,225087 0,01531217 0,01275301
2 0,4266517 0,3739448 0,01577881 0,02281511
2 0,430351 0,375775 0,0166862 0,02410299
3 0,2971802 0,5733624 0,1537089 0,2218934
3 0,512296 0,3755131 0,05780569 0,06429237
3 0,1011223 0,7535352 0,2516621 0,362808
4 0,4147722 0,3903316 0,04367301 0,1305556
5 0,7487029 0,442279 0,04872292 0,08591813
5 0,3665357 0,009488285 0,03473964 0,1269637
6 0,09031549 0,7769233 0,09417599 0,1444819
6 0,1308938 0,715888 0,07638226 0,1198555
6 0,4082277 0,344373 0,01374316 0,02806908
