0 0,4492207 0,1441423 0,01667503 0,03817558
0 0,4595929 0,1592174 0,0173215 0,04022986
1 0,5055547 0,2364589 0,03427681 0,06982172
2 0,858934 0,6595759 0,0580281 0,1060791
2 0,802361 0,5744036 0,05070478 0,08785382
2 0,4492411 0,1539543 0,02115589 0,03641993
2 0,4595204 0,1693264 0,02207014 0,03865087
3 0,5842277 0,8852695 0,1474113 0,4206192
3 0,619498 0,3390869 0,06548613 0,1093433
4 0,5278547 0,360921 0,07295614 0,2150809
5 0,9288694 0,7407125 0,05488539 0,09693924
6 0,5002984 0,2621441 0,01657623 0,04241991
