0 0,4630369 0,2493678 0,01135764 0,02342641
1 0,4610545 0,2356682 0,02146056 0,03300279
2 0,6601686 0,4703174 0,03891802 0,04163843
2 0,635771 0,4349964 0,03433931 0,03518343
2 0,4584459 0,2506235 0,01394692 0,01942557
2 0,4630021 0,2570013 0,0146009 0,02047747
3 0,4303162 0,4655088 0,0644491 0,124005
3 0,5427594 0,3245963 0,04486245 0,05125809
3 0,366292 0,5455765 0,04546824 0,1489038
4 0,4695721 0,3103099 0,03527349 0,1117689
5 0,6884954 0,4942107 0,02588004 0,05597472
6 0,3659935 0,5562078 0,02426633 0,0580751
6 0,3677917 0,5272985 0,02262351 0,05345643
6 0,4609921 0,2603409 0,0105868 0,02245981
