0 0,4622066 0,7153329 0,01118636 0,02069116
1 0,4609373 0,6637465 0,02088025 0,02597538
2 0,682326 0,8414235 0,04574299 0,03233851
2 0,6509802 0,819348 0,03915787 0,02654278
2 0,4195266 0,5616499 0,01551479 0,01034686
2 0,4206288 0,5563371 0,01653954 0,01129809
2 0,4619784 0,7231326 0,01451963 0,01709536
3 0,4200746 0,8211046 0,07418311 0,1018255
3 0,5438524 0,7489402 0,04657555 0,04149629
3 0,3390403 0,868255 0,06367853 0,1351966
4 0,4678201 0,730128 0,0356687 0,09701927
5 0,71763 0,8466008 0,03004169 0,05838727
6 0,3374667 0,8771872 0,0307636 0,0641828
6 0,3426796 0,858972 0,02789196 0,05764403
6 0,4602017 0,6912391 0,01042655 0,01928583
