0 0,8305038 0,4581383 0,03533363 0,04864049
0 0,8127685 0,4556947 0,03573662 0,05030251
1 0,3448054 0,190753 0,04224253 0,08662385
2 0,5724122 0,3566989 0,02487779 0,02162427
2 0,8286 0,4721099 0,04254138 0,04537708
2 0,8109213 0,4701712 0,04307926 0,04689842
3 0,6854957 0,5058281 0,137684 0,1497585
3 0,425955 0,3223897 0,04429749 0,07727623
3 0,8219332 0,6023592 0,1234766 0,1393839
4 0,4118038 0,3531659 0,1239393 0,2162549
5 0,5932704 0,3505934 0,01516241 0,02917379
5 0,8410989 0,4625876 0,02176678 0,03301936
6 0,8260592 0,6051952 0,05135673 0,08084977
6 0,8071924 0,6086413 0,0518015 0,08408952
