0 0,8085073 0,2975964 0,05203539 0,07891023
0 0,785158 0,2950847 0,05376953 0,0839746
2 0,4111899 0,09971344 0,03389311 0,04042417
2 0,3630505 0,08472669 0,03415006 0,04245228
2 0,8043553 0,3177656 0,05977237 0,07764709
2 0,7811322 0,3165677 0,06186181 0,08257765
3 0,2799282 0,4541535 0,5328267 0,6896371
3 0,9453321 0,7215415 0,2607861 0,4439115
5 0,4505898 0,09310633 0,02178395 0,05337834
5 0,8192189 0,3027021 0,03189445 0,05001765
6 0,9479282 0,7182198 0,1276349 0,2081889
6 0,9253066 0,7568462 0,1365972 0,2337004
