0 0,8732686 0,3287566 0,05363351 0,05718535
0 0,8459856 0,3347512 0,05302894 0,0593642
0 0,580166 0,260888 0,0216406 0,03289753
0 0,5615172 0,2569997 0,01740563 0,02785438
1 0,5790026 0,2138637 0,03261721 0,05186844
2 0,06508726 0,6535153 0,1612652 0,1332965
2 0,1730961 0,6266404 0,1285495 0,1220434
2 0,8723693 0,3471732 0,06606525 0,05264091
2 0,8452761 0,3536847 0,06540108 0,05488396
3 0,3727577 0,3570192 0,07238409 0,06962067
3 0,5724299 0,5085039 0,1538667 0,2475945
3 0,2516104 0,3548476 0,06520393 0,05144465
4 0,5372754 0,3249264 0,08998585 0,1501814
5 0,8872309 0,3292185 0,0345214 0,0410676
6 0,247425 0,357434 0,01976547 0,0303545
6 0,2639942 0,3551735 0,0188098 0,03008729
