0 0,9512821 0,3557466 0,07532966 0,07410467
0 0,9197944 0,3643914 0,07497609 0,07775897
0 0,5828475 0,2695118 0,02683777 0,04107493
1 0,5818 0,2113518 0,04174346 0,06662339
2 0,9494017 0,378571 0,09226841 0,06971848
2 0,9181579 0,3880132 0,09193128 0,07357889
3 0,3289875 0,3869207 0,09951752 0,09159279
3 0,5757283 0,746776 0,321348 0,7367208
3 0,191025 0,3799971 0,08487439 0,06351751
4 0,5290213 0,3518038 0,1136142 0,1941162
5 0,9670353 0,3557343 0,04726124 0,05241102
6 0,1859664 0,3831086 0,02725245 0,03720599
6 0,2061444 0,3802262 0,02584313 0,03681153
