0 0,2901116 0,311417 0,08325158 0,1380373
0 0,3700305 0,1780831 0,05845374 0,1071593
0 0,6175892 0,2935434 0,1081122 0,2253498
0 0,4954427 0,2981765 0,07745653 0,2297534
0 0,256405 0,2939119 0,1538675 0,2383222
1 0,2790094 0,0627625 0,248998 0,3361292
2 0,8015714 0,1876882 0,06517422 0,04489523
2 0,7524934 0,1878623 0,06047124 0,04523826
2 0,2794766 0,2877396 0,1061907 0,143917
2 0,3673697 0,2044169 0,06983143 0,1189455
3 0,5700223 0,2160544 0,10698 0,1734324
3 0,4918337 0,3512 0,08587694 0,274653
4 0,4987449 0,4569022 0,4264975 0,6107861
5 0,8503246 0,1657225 0,0451898 0,05871737
