0 0,4176603 0,1068508 0,01547939 0,03559607
0 0,4226754 0,1181471 0,01629162 0,03778774
1 0,799462 0,6431249 0,1603382 0,3087053
2 0,3066505 0,3524461 0,03817284 0,05753833
2 0,3044305 0,4055042 0,04294527 0,06983662
2 0,417973 0,1171964 0,01926687 0,03282797
2 0,4229571 0,1289433 0,02030459 0,03502858
3 0,5356283 0,1578741 0,03678161 0,06365001
4 0,6487586 0,6386358 0,2289354 0,572242
5 0,3062265 0,2975993 0,01705199 0,05611289
6 0,533825 0,157423 0,01356578 0,02973086
6 0,5406761 0,1661968 0,01414788 0,03085333
