0 0,3856214 0,28098 0,02674946 0,06001616
0 0,3832417 0,2643883 0,03066695 0,06910932
0 0,4441878 0,4694015 0,01608321 0,03354698
0 0,4497506 0,4722728 0,01732114 0,03602171
1 0,4262002 0,3933302 0,0438523 0,06928325
2 0,3846182 0,2627533 0,03353423 0,05548775
2 0,3821083 0,2437189 0,03845239 0,06423014
2 0,4444656 0,4795455 0,02015433 0,03142047
2 0,4500196 0,4831052 0,02170917 0,03382364
3 0,6697828 0,4821221 0,1110798 0,1068511
3 0,647022 0,05339438 0,1449835 0,2557859
4 0,4437576 0,5304929 0,07906625 0,2466837
5 0,3865041 0,2850627 0,01282066 0,04209334
6 0,6388774 0,05954015 0,0451619 0,09438974
6 0,6727272 0,009420693 0,05281419 0,1130955
6 0,4303523 0,4488696 0,02152812 0,0440895
