0 0,3676644 0,02340478 0,06442612 0,1579822
0 0,4258367 0,3656851 0,01269606 0,02645355
1 0,4045488 0,3091663 0,02774587 0,04418731
2 0,6899712 0,444879 0,06723356 0,05357951
2 0,6447195 0,4242113 0,05400157 0,04266524
2 0,4432251 0,2295904 0,01445028 0,01197642
2 0,445881 0,225087 0,01531217 0,01275301
2 0,4262168 0,3737537 0,01576194 0,02462757
2 0,4298689 0,375562 0,01665702 0,02599841
3 0,3299088 0,5428372 0,1268189 0,1914786
3 0,5520217 0,3581258 0,06011659 0,06126714
4 0,4147722 0,3903316 0,04367301 0,1305556
5 0,7487029 0,442279 0,04872292 0,08591813
5 0,3706289 0,0521428 0,02930784 0,1049215
6 0,4082879 0,3445083 0,01381177 0,02821195
