0 0,4625083 0,2488317 0,01135334 0,02424359
1 0,4610068 0,2351021 0,02145839 0,03416073
2 0,6601686 0,4703174 0,03891802 0,04163843
2 0,635771 0,4349964 0,03433931 0,03518343
2 0,4579028 0,2498854 0,01384798 0,02103704
2 0,4624118 0,2561983 0,01448727 0,02214015
3 0,4436741 0,448168 0,06263712 0,11478
3 0,5731837 0,3210338 0,04714012 0,05153745
3 0,3503971 0,7978598 0,07872504 0,3118473
4 0,4695721 0,3103099 0,03527349 0,1117689
5 0,6884954 0,4942107 0,02588004 0,05597472
6 0,349528 0,8209196 0,04011869 0,1065277
6 0,3538182 0,7519469 0,03584635 0,0928317
6 0,4612343 0,2609515 0,01062578 0,02255261
