0 0,8424315 0,4597418 0,03545219 0,04906952
0 0,8255383 0,4574128 0,03588247 0,05071002
1 0,344171 0,1892737 0,04224044 0,09025991
2 0,5724122 0,3566989 0,02487779 0,02162427
2 0,8407549 0,473146 0,04254442 0,04758739
2 0,8239246 0,4712902 0,04308373 0,04915076
3 0,6553122 0,4848679 0,1276312 0,1389468
3 0,4265382 0,3028657 0,04174688 0,0667789
3 0,9066874 0,587465 0,1074467 0,1136744
4 0,4118038 0,3531659 0,1239393 0,2162549
5 0,5932704 0,3505934 0,01516241 0,02917379
5 0,8508118 0,4635306 0,02151543 0,03237575
6 0,9093738 0,5899781 0,04817653 0,06678137
6 0,8961955 0,5923851 0,04881167 0,06898093
