0 0,4564919 0,2132881 0,01103339 0,02813053
0 0,45764 0,2241426 0,01161823 0,02979034
1 0,5099149 0,6735555 0,07764179 0,175054
2 0,3344511 0,3902193 0,03057331 0,03383064
2 0,3249061 0,4268737 0,03424254 0,03951573
2 0,4566413 0,2215176 0,01402566 0,02573788
2 0,4577885 0,2327173 0,01476991 0,02738625
3 0,5220451 0,396402 0,06098169 0,1047984
3 0,5401174 0,2778408 0,02673709 0,05624098
4 0,4886381 0,6698811 0,08521688 0,4032044
5 0,3406863 0,3507062 0,0137614 0,0388338
6 0,5391864 0,2769735 0,01144975 0,02456665
6 0,5426614 0,286226 0,01191449 0,02549976
