0 0,4938308 0,9580033 0,06263417 0,1422827
0 0,4563468 0,9064931 0,04979491 0,1098466
0 0,5406467 0,7338828 0,01836443 0,02561721
0 0,5611042 0,7349478 0,01935482 0,02605867
0 0,4601376 0,6913702 0,01426095 0,02001345
1 0,4611343 0,6763617 0,02104214 0,02812827
2 0,682326 0,8414235 0,04574299 0,03233851
2 0,6509802 0,819348 0,03915787 0,02654278
2 0,4195266 0,5616499 0,01551479 0,01034686
2 0,4206288 0,5563371 0,01653954 0,01129809
2 0,4940577 0,9993038 0,08474737 0,1442347
2 0,4562519 0,9406391 0,06668729 0,1064021
2 0,5405576 0,7441729 0,02494705 0,01963092
2 0,5610528 0,7453908 0,02621335 0,02001728
3 0,4200746 0,8211046 0,07418311 0,1018255
3 0,521037 0,7583009 0,03993446 0,05006547
3 0,3858608 0,7988967 0,06919971 0,08223429
4 0,4678201 0,730128 0,0356687 0,09701927
5 0,71763 0,8466008 0,03004169 0,05838727
5 0,5243751 0,7354507 0,01268101 0,02157956
6 0,3817616 0,8035659 0,02201167 0,04334809
6 0,3965564 0,7959065 0,01993519 0,04051544
