0 0,8107502 0,310753 0,05318928 0,08704746
0 0,7883159 0,2960161 0,05417222 0,0854367
2 0,4111899 0,09971344 0,03389311 0,04042417
2 0,3630505 0,08472669 0,03415006 0,04245228
2 0,8113739 0,3190563 0,06397247 0,1150194
2 0,7847143 0,3167891 0,06237471 0,08677453
3 0,224569 0,2083941 0,25747 0,3103286
3 0,9758247 0,66962 0,2287572 0,3634787
5 0,4505898 0,09310633 0,02178395 0,05337834
5 0,8192189 0,3027021 0,03189445 0,05001765
6 0,9773266 0,6680225 0,115063 0,176437
6 0,9602963 0,6971012 0,1224741 0,1946382
