0 0,4171629 0,1109728 0,01578593 0,03864634
0 0,4219864 0,1168684 0,01625735 0,03868151
1 0,799462 0,6431249 0,1603382 0,3087053
2 0,3066505 0,3524461 0,03817284 0,05753833
2 0,3044305 0,4055042 0,04294527 0,06983662
2 0,4164623 0,1139861 0,01923466 0,04921931
2 0,4221926 0,1271594 0,02018583 0,03712052
3 0,510479 0,349725 0,09183338 0,1500143
3 0,5251397 0,1445339 0,03403252 0,05929428
4 0,6487586 0,6386358 0,2289354 0,572242
5 0,3062265 0,2975993 0,01705199 0,05611289
6 0,5235198 0,1442251 0,0127064 0,0280602
6 0,5297021 0,1521429 0,01321948 0,02905983
6 0,7560233 0,7280213 0,07653058 0,1670735
