0 0,4191285 0,4188651 0,02883935 0,05758446
0 0,4597226 0,3773275 0,02667406 0,05084205
0 0,4878498 0,4081179 0,02744186 0,05821359
0 0,4566562 0,3992521 0,02841693 0,05533892
0 0,4045313 0,3810746 0,0298582 0,05049187
1 0,4131678 0,3319647 0,04185653 0,06871557
2 0,7211031 0,4569558 0,03396052 0,0365991
2 0,6810981 0,4455779 0,02874774 0,03419286
2 0,4161968 0,4071622 0,03698656 0,05648345
2 0,4574217 0,3888921 0,03186652 0,05680716
3 0,5408911 0,4166747 0,05230951 0,08532733
3 0,4805431 0,4448741 0,04793936 0,09205323
4 0,4595362 0,4510679 0,1010756 0,1937323
5 0,7617224 0,4535033 0,02672946 0,04442877
5 0,442733 0,3851328 0,01869005 0,03594786
