0 0,3858654 0,2728505 0,02766404 0,06519336
0 0,3835638 0,2663009 0,03022435 0,0699966
0 0,4437126 0,474292 0,01572442 0,03743744
0 0,448975 0,4721582 0,01723048 0,03680247
1 0,4262002 0,3933302 0,0438523 0,06928325
2 0,3853309 0,2673337 0,03494412 0,08333427
2 0,3825162 0,2467964 0,03788882 0,06742394
2 0,4430014 0,478882 0,01886991 0,04798159
2 0,4491566 0,4825707 0,02149799 0,03590074
3 0,5181458 0,8721175 0,3258654 0,7383127
3 0,589426 0,5026467 0,0850606 0,09949693
3 0,6043726 0,1155083 0,1079496 0,1856731
4 0,4437576 0,5304929 0,07906625 0,2466837
5 0,3865041 0,2850627 0,01282066 0,04209334
6 0,5987533 0,1189496 0,03646958 0,07521915
6 0,6214966 0,08527452 0,04134601 0,08556575
6 0,4320233 0,4513737 0,02288711 0,04695094
