0 0,7024097 0,1513537 0,04532444 0,08546311
0 0,7300264 0,1401095 0,05762732 0,09733027
0 0,5301045 0,3576385 0,01279622 0,03007591
0 0,5303634 0,3560596 0,01399618 0,02899057
0 0,4443058 0,3112884 0,02361178 0,02954906
1 0,4632308 0,2653594 0,03479883 0,04568142
2 0,8208393 0,8238909 0,236977 0,2563739
2 0,6989739 0,1439503 0,05206692 0,1089122
2 0,7298255 0,112154 0,07165378 0,09524727
2 0,5298156 0,3617351 0,01534647 0,03885502
2 0,5302414 0,36564 0,01786202 0,0265823
3 0,3549855 0,4983768 0,1806869 0,1733028
3 0,5807869 0,4131896 0,07287556 0,07131606
4 0,4545803 0,3700992 0,06891704 0,1546097
5 0,6943663 0,1682083 0,02449393 0,05496895
6 0,4642332 0,3122401 0,01785502 0,03084981
