0 0,3682093 0,01313859 0,06476828 0,1624268
0 0,425667 0,3697298 0,01255202 0,02962422
1 0,4045488 0,3091663 0,02774587 0,04418731
2 0,6899712 0,444879 0,06723356 0,05357951
2 0,6447195 0,4242113 0,05400157 0,04266524
2 0,4432251 0,2295904 0,01445028 0,01197642
2 0,445881 0,225087 0,01531217 0,01275301
2 0,3670489 0,006278634 0,08048749 0,1952414
2 0,4252592 0,3735113 0,01525143 0,0381577
2 0,4293094 0,3752995 0,01658806 0,0277167
3 0,4266413 0,471944 0,0928494 0,1307099
3 0,5057256 0,3733651 0,04989782 0,05853212
4 0,4147722 0,3903316 0,04367301 0,1305556
5 0,7487029 0,442279 0,04872292 0,08591813
5 0,3706289 0,0521428 0,02930784 0,1049215
6 0,4087457 0,3455334 0,01433098 0,02929634
