0 0,4465372 0,1451185 0,01605064 0,04218006
0 0,4569739 0,1559022 0,0173637 0,04219067
1 0,5053977 0,235468 0,03423202 0,07137126
2 0,858934 0,6595759 0,0580281 0,1060791
2 0,802361 0,5744036 0,05070478 0,08785382
2 0,4450859 0,1479338 0,01835763 0,05148584
2 0,4566385 0,1650656 0,0216575 0,04245734
3 0,6297559 0,6320302 0,108748 0,2355109
3 0,6062829 0,3204537 0,05495548 0,09259635
4 0,5278547 0,360921 0,07295614 0,2150809
5 0,9288694 0,7407125 0,05488539 0,09693924
6 0,5083242 0,2790194 0,01724473 0,0442726
