0 0,461881 0,2481973 0,01132223 0,02489167
1 0,4610068 0,2351021 0,02145839 0,03416073
2 0,6601686 0,4703174 0,03891802 0,04163843
2 0,635771 0,4349964 0,03433931 0,03518343
2 0,4566404 0,2482781 0,01244879 0,03249121
2 0,4617257 0,2552512 0,01434362 0,02364081
3 0,4949431 0,4115098 0,06170624 0,08652037
3 0,5369009 0,3170367 0,03885579 0,04492033
3 0,3415031 0,9390264 0,1004186 0,430204
4 0,4695721 0,3103099 0,03527349 0,1117689
5 0,6884954 0,4942107 0,02588004 0,05597472
6 0,3401845 0,9711329 0,04977629 0,1389743
6 0,3463092 0,8726662 0,04339123 0,1172998
6 0,46305 0,2655285 0,01091793 0,02325046
