0 0,1348967 0,09418696 0,1601293 0,2971847
0 0,5057756 0,750385 0,01560566 0,03414305
0 0,5384647 0,7359624 0,01896918 0,03291331
0 0,4666194 0,698029 0,01595062 0,02258924
0 0,4603732 0,6915362 0,01432213 0,02010271
1 0,4609042 0,6632729 0,02086177 0,02715898
2 0,682326 0,8414235 0,04574299 0,03233851
2 0,6509802 0,819348 0,03915787 0,02654278
2 0,4195266 0,5616499 0,01551479 0,01034686
2 0,4206288 0,5563371 0,01653954 0,01129809
2 0,1414368 0,1516812 0,1945422 0,3010388
2 0,5042751 0,7413059 0,02078328 0,03007455
2 0,536386 0,7440109 0,02204436 0,03651717
3 0,5465266 0,7542058 0,05150986 0,04566842
3 0,4964386 0,7479973 0,03908503 0,03860922
4 0,4678201 0,730128 0,0356687 0,09701927
5 0,71763 0,8466008 0,03004169 0,05838727
5 0,5243751 0,7354507 0,01268101 0,02157956
