0 0,461072 0,715053 0,01112506 0,02213502
1 0,4609042 0,6632729 0,02086177 0,02715898
2 0,682326 0,8414235 0,04574299 0,03233851
2 0,6509802 0,819348 0,03915787 0,02654278
2 0,4195266 0,5616499 0,01551479 0,01034686
2 0,4206288 0,5563371 0,01653954 0,01129809
2 0,4607311 0,7223489 0,01421958 0,02044663
3 0,4937562 0,7921292 0,06746334 0,07109033
3 0,537567 0,7453114 0,04007816 0,03760582
4 0,4678201 0,730128 0,0356687 0,09701927
5 0,71763 0,8466008 0,03004169 0,05838727
6 0,4621661 0,6926081 0,01079407 0,01998481
