0 0,8568134 0,4804439 0,03871804 0,05376858
0 0,8394642 0,4616876 0,03629619 0,05380994
0 0,4527554 0,2969437 0,02711043 0,06034613
0 0,4113967 0,2869717 0,02501237 0,06268656
1 0,344171 0,1892737 0,04224044 0,09025991
2 0,5724122 0,3566989 0,02487779 0,02162427
2 0,8600977 0,4709165 0,04799896 0,05741343
2 0,8391885 0,4729243 0,04324967 0,06094077
3 0,4489716 0,3301759 0,05198374 0,07908183
3 0,4068475 0,3566159 0,03765211 0,09632677
3 0,9269181 0,5839099 0,1033827 0,1077196
4 0,4118038 0,3531659 0,1239393 0,2162549
5 0,5932704 0,3505934 0,01516241 0,02917379
5 0,8508118 0,4635306 0,02151543 0,03237575
6 0,9293046 0,5863379 0,04712224 0,06347328
6 0,917332 0,5885245 0,04776925 0,06545785
