0 0,8536894 0,3692636 0,04972249 0,075113
0 0,8214104 0,3689725 0,04909915 0,07142258
1 0,5747445 0,2297707 0,03169996 0,06879061
2 0,1678824 0,7920405 0,09606599 0,1492414
2 0,2468246 0,7679046 0,07971638 0,1413961
2 0,8572348 0,3668314 0,0575971 0,1003433
2 0,8201403 0,383393 0,05754399 0,07614219
3 0,4188674 0,4453655 0,08190981 0,1466469
3 0,5444851 0,4150467 0,0473485 0,1252426
3 0,226983 0,2873043 0,06698772 0,05998886
4 0,532423 0,3335979 0,08492297 0,1607475
5 0,08457589 0,7944391 0,07502109 0,1020744
5 0,8533932 0,3595514 0,03259754 0,04409939
6 0,2229329 0,2897061 0,0210017 0,03554875
6 0,2394818 0,2878915 0,02001475 0,03528565
6 0,5456288 0,2815347 0,01552588 0,04447758
6 0,5752199 0,2509882 0,01550984 0,03931785
