0 0,4137377 0,1079382 0,01604608 0,0352791
0 0,4211998 0,1154114 0,01618266 0,03930253
1 0,799462 0,6431249 0,1603382 0,3087053
2 0,3066505 0,3524461 0,03817284 0,05753833
2 0,3044305 0,4055042 0,04294527 0,06983662
2 0,412468 0,1084123 0,01916322 0,04890943
2 0,4213321 0,1251365 0,02002588 0,03894311
3 0,4648838 0,4411716 0,1071046 0,2244603
3 0,5651481 0,7825341 0,1494624 0,3402438
3 0,5251397 0,1445339 0,03403252 0,05929428
4 0,6487586 0,6386358 0,2289354 0,572242
5 0,3062265 0,2975993 0,01705199 0,05611289
6 0,5235198 0,1442251 0,0127064 0,0280602
6 0,5297021 0,1521429 0,01321948 0,02905983
6 0,6905838 0,6008279 0,06026709 0,1341239
