0 0,6888608 0,1573222 0,04216141 0,07289928
0 0,7252479 0,1435098 0,05562526 0,09674197
0 0,5287794 0,3603094 0,01354825 0,03008562
0 0,5302811 0,3558589 0,01387227 0,02953506
0 0,4692602 0,3118401 0,02299958 0,03001618
1 0,4632308 0,2653594 0,03479883 0,04568142
2 0,8208393 0,8238909 0,236977 0,2563739
2 0,6844253 0,1561357 0,04712778 0,1013738
2 0,7246436 0,1176389 0,06845903 0,09746754
2 0,5283846 0,3596169 0,01648712 0,04117781
2 0,5301574 0,3649879 0,01760626 0,02837193
3 0,4774532 0,4734595 0,1278595 0,1566181
3 0,5032868 0,4058169 0,06534481 0,06522375
4 0,4545803 0,3700992 0,06891704 0,1546097
5 0,6943663 0,1682083 0,02449393 0,05496895
6 0,4564279 0,3132579 0,01959342 0,03344041
