0 0,06295982 0,1802952 0,07374647 0,1076862
0 0,499559 0,4821225 0,02420065 0,0312289
1 0,5056318 0,4390863 0,03550723 0,04576123
2 0,9067817 0,7208444 0,07181746 0,06372623
2 0,3052745 0,3554558 0,01548386 0,01004356
2 0,06704479 0,1802995 0,07919851 0,1421771
3 0,6791319 0,6375573 0,1321308 0,135806
3 0,5660816 0,5719466 0,06057686 0,0620783
3 0,206878 0,003130436 0,2081873 0,504644
4 0,530285 0,5458856 0,08303878 0,1637045
5 0,0583927 0,1914424 0,04383761 0,07789677
6 0,2121779 0,01390088 0,07834415 0,1797411
6 0,5216895 0,4892914 0,02007461 0,03368998
