0 0,4526997 0,212416 0,01147673 0,03079724
0 0,4566966 0,2164088 0,01118019 0,03132772
0 0,4850658 0,5380284 0,03485304 0,08018446
0 0,4918903 0,6106275 0,03997141 0,09525415
1 0,5099149 0,6735555 0,07764179 0,175054
2 0,3344511 0,3902193 0,03057331 0,03383064
2 0,3249061 0,4268737 0,03424254 0,03951573
2 0,4523179 0,2050945 0,01498425 0,03094065
2 0,4567465 0,2225183 0,01417419 0,03341919
3 0,3293361 0,6322886 0,1177905 0,1902072
3 0,4159959 0,734785 0,101533 0,1798908
3 0,5348015 0,2637678 0,02487946 0,05225879
4 0,4886381 0,6698811 0,08521688 0,4032044
5 0,3406863 0,3507062 0,0137614 0,0388338
6 0,5339639 0,263068 0,01076168 0,02317858
6 0,5370963 0,2714084 0,01117277 0,02400899
