0 0,3665467 0,04041886 0,05978996 0,1331079
0 0,4232171 0,3731315 0,01329193 0,03018737
0 0,4082164 0,3445559 0,01827565 0,03052968
1 0,4045488 0,3091663 0,02774587 0,04418731
2 0,6899712 0,444879 0,06723356 0,05357951
2 0,6447195 0,4242113 0,05400157 0,04266524
2 0,4432251 0,2295904 0,01445028 0,01197642
2 0,445881 0,225087 0,01531217 0,01275301
2 0,3646468 0,04323679 0,07289675 0,173844
2 0,4223652 0,3728785 0,01653793 0,04096609
2 0,4286792 0,3749909 0,01648211 0,02924758
3 0,4808341 0,4243591 0,07779005 0,1018978
3 0,4536685 0,3971499 0,04935515 0,06240577
4 0,4147722 0,3903316 0,04367301 0,1305556
5 0,7487029 0,442279 0,04872292 0,08591813
5 0,3706289 0,0521428 0,02930784 0,1049215
