0 0,5588729 0,1845715 0,0186981 0,03245056
1 0,554543 0,1539626 0,02738416 0,04550213
2 0,597267 0,7056668 0,06003422 0,1360593
2 0,6152877 0,6087592 0,05206418 0,1052372
3 0,5366775 0,3660119 0,07590011 0,129968
3 0,5729975 0,2834542 0,04981631 0,07140142
3 0,1484315 0,5268549 0,1285443 0,1849095
4 0,5416346 0,2454001 0,05343473 0,1397302
5 0,5770594 0,8017074 0,03415376 0,1349221
6 0,1396223 0,5388305 0,03631937 0,07415807
6 0,1743262 0,5055827 0,03330015 0,06850311
6 0,5456053 0,200672 0,0146445 0,0317468
