0 0,4603673 0,7148817 0,01105553 0,02262101
0 0,4601434 0,6913726 0,01426178 0,02001464
1 0,4609042 0,6632729 0,02086177 0,02715898
2 0,682326 0,8414235 0,04574299 0,03233851
2 0,6509802 0,819348 0,03915787 0,02654278
2 0,4195266 0,5616499 0,01551479 0,01034686
2 0,4206288 0,5563371 0,01653954 0,01129809
2 0,4599761 0,721855 0,0140264 0,0218862
3 0,5271989 0,7751255 0,0613749 0,06333031
3 0,4964386 0,7479973 0,03908503 0,03860922
4 0,4678201 0,730128 0,0356687 0,09701927
5 0,71763 0,8466008 0,03004169 0,05838727
6 0,4651223 0,6946685 0,01134917 0,02104241
