0 0,5715426 0,320147 0,02179909 0,05483693
0 0,620012 0,3182147 0,03045404 0,05812371
0 0,4996467 0,3355272 0,02360845 0,04695404
0 0,4996743 0,3084715 0,02165499 0,04252416
0 0,4997104 0,2656606 0,0188069 0,03616709
1 0,498033 0,2313168 0,02910551 0,05127168
2 0,8038174 0,8319497 0,09756148 0,1232735
2 0,5700378 0,3071672 0,02868217 0,05226153
2 0,6160279 0,3280078 0,03442055 0,0648191
3 0,6184777 0,4341046 0,08576876 0,1045676
3 0,5445834 0,3794302 0,05623323 0,0684067
4 0,5016688 0,3535751 0,04229704 0,18461
5 0,5990251 0,3096868 0,01947141 0,03648263
