0 0,8197013 0,3181314 0,05527043 0,08700818
0 0,7958879 0,2982635 0,05438334 0,08688825
2 0,4111899 0,09971344 0,03389311 0,04042417
2 0,3630505 0,08472669 0,03415006 0,04245228
2 0,8227673 0,3134635 0,06675869 0,1119751
2 0,7931542 0,3172155 0,06286991 0,09365124
3 0,07213759 0,05368972 0,2889158 0,2057124
3 0,9758247 0,66962 0,2287572 0,3634787
5 0,4505898 0,09310633 0,02178395 0,05337834
5 0,8192189 0,3027021 0,03189445 0,05001765
6 0,9773266 0,6680225 0,115063 0,176437
6 0,9602963 0,6971012 0,1224741 0,1946382
