0 0,8939279 0,3474498 0,05860567 0,07292134
0 0,858691 0,3337058 0,05411887 0,06327939
0 0,5742094 0,2659333 0,02370769 0,0370236
0 0,5694608 0,2586559 0,01916498 0,02999425
1 0,5790026 0,2138637 0,03261721 0,05186844
2 0,06508726 0,6535153 0,1612652 0,1332965
2 0,1730961 0,6266404 0,1285495 0,1220434
2 0,8984592 0,3388942 0,07081753 0,08687067
2 0,8591018 0,350385 0,06489384 0,06581801
3 0,455384 0,4050466 0,08676395 0,09928197
3 0,5525611 0,3767387 0,05367732 0,09029609
3 0,2241504 0,3585726 0,0686256 0,05226058
4 0,5372754 0,3249264 0,08998585 0,1501814
5 0,8872309 0,3292185 0,0345214 0,0410676
6 0,2198936 0,3611897 0,02137688 0,03080112
6 0,2368103 0,358882 0,02038333 0,03052652
6 0,526252 0,2712018 0,01494765 0,03630072
