0 0,9724522 0,3774023 0,08151221 0,09297585
0 0,9344406 0,3625209 0,07629699 0,08223182
0 0,5757153 0,2771399 0,03010398 0,04769588
0 0,5696625 0,2659402 0,0231387 0,03665018
1 0,5818 0,2113518 0,04174346 0,06662339
2 0,977806 0,3666876 0,09955215 0,1107681
2 0,9341611 0,3832048 0,09147829 0,08655012
3 0,4131004 0,4729915 0,1266514 0,1516061
3 0,5474759 0,4257436 0,07022172 0,1331826
3 0,1574931 0,3847572 0,08993376 0,06473523
4 0,5290213 0,3518038 0,1136142 0,1941162
5 0,9670353 0,3557343 0,04726124 0,05241102
6 0,1523311 0,387913 0,02964222 0,03786784
6 0,1730144 0,3849586 0,02816668 0,03746033
6 0,5148525 0,2841294 0,01847452 0,04685003
