0 0,4115602 0,1089225 0,01663211 0,03980285
0 0,4203255 0,1137934 0,0160695 0,03965175
0 0,7526951 0,7222363 0,09941667 0,2079679
1 0,799462 0,6431249 0,1603382 0,3087053
2 0,3066505 0,3524461 0,03817284 0,05753833
2 0,3044305 0,4055042 0,04294527 0,06983662
2 0,4102254 0,105256 0,02029526 0,04952127
2 0,4203863 0,1228988 0,0198285 0,04048783
3 0,4615948 0,526317 0,08810461 0,2528982
3 0,5651481 0,7825341 0,1494624 0,3402438
3 0,5251397 0,1445339 0,03403252 0,05929428
4 0,6487586 0,6386358 0,2289354 0,572242
5 0,3062265 0,2975993 0,01705199 0,05611289
6 0,5235198 0,1442251 0,0127064 0,0280602
6 0,5297021 0,1521429 0,01321948 0,02905983
6 0,6456589 0,5135078 0,05007017 0,1130842
