0 0,3828979 0,2753162 0,02765343 0,06390303
0 0,3843125 0,2707362 0,02905482 0,06993711
0 0,4384106 0,4808477 0,01668286 0,04123583
0 0,4471177 0,4718902 0,01689905 0,03760177
0 0,4321356 0,4519023 0,03086615 0,05146128
1 0,4262002 0,3933302 0,0438523 0,06928325
2 0,3825265 0,2811372 0,03433624 0,07911551
2 0,383448 0,2538695 0,036443 0,07177591
2 0,4373581 0,4763705 0,02107033 0,04889265
2 0,4471335 0,4812695 0,02092123 0,03924537
3 0,5924316 0,5884383 0,1283503 0,1917473
3 0,5071903 0,541199 0,08431655 0,1114359
3 0,6043726 0,1155083 0,1079496 0,1856731
4 0,4437576 0,5304929 0,07906625 0,2466837
5 0,3865041 0,2850627 0,01282066 0,04209334
6 0,5987533 0,1189496 0,03646958 0,07521915
6 0,6214966 0,08527452 0,04134601 0,08556575
6 0,4386462 0,4612991 0,02830887 0,05845392
6 0,409707 0,4563013 0,02158311 0,04493552
