0 0,6812134 0,1548533 0,04228067 0,08082128
0 0,7201518 0,147132 0,05337888 0,09525681
0 0,5281706 0,3626328 0,01361364 0,03316861
0 0,5301895 0,355638 0,01371926 0,02985781
0 0,4639127 0,3125525 0,02459404 0,03185165
1 0,4632308 0,2653594 0,03479883 0,04568142
2 0,8208393 0,8238909 0,236977 0,2563739
2 0,6769998 0,1625124 0,04880726 0,09855533
2 0,7192015 0,1234367 0,06508625 0,09863734
2 0,5280357 0,3583767 0,01734453 0,03894401
2 0,5300657 0,3642618 0,01731825 0,02992141
3 0,5104516 0,4489782 0,06694201 0,1191732
3 0,5032868 0,4058169 0,06534481 0,06522375
4 0,4545803 0,3700992 0,06891704 0,1546097
5 0,6943663 0,1682083 0,02449393 0,05496895
6 0,4479923 0,3143579 0,02151793 0,03624821
6 0,4542695 0,3112715 0,01706716 0,02895129
