0 0,4603609 0,2466637 0,01118401 0,02567321
0 0,4631657 0,2660137 0,01493219 0,02540988
1 0,4610068 0,2351021 0,02145839 0,03416073
2 0,6601686 0,4703174 0,03891802 0,04163843
2 0,635771 0,4349964 0,03433931 0,03518343
2 0,4600971 0,2529679 0,0139778 0,02612793
3 0,5264739 0,3576321 0,03812218 0,06754559
3 0,497313 0,3233777 0,03762701 0,04551446
3 0,3415031 0,9390264 0,1004186 0,430204
4 0,4695721 0,3103099 0,03527349 0,1117689
5 0,6884954 0,4942107 0,02588004 0,05597472
6 0,3401845 0,9711329 0,04977629 0,1389743
6 0,3463092 0,8726662 0,04339123 0,1172998
6 0,4692201 0,2810813 0,01191202 0,02565467
