0 0,7274789 0,4394664 0,06173295 0,08642125
0 0,7592864 0,4523251 0,09565765 0,1333632
0 0,5079237 0,3075081 0,01975542 0,0403834
0 0,5376386 0,3036344 0,02120036 0,03962588
0 0,5738904 0,2659692 0,02368689 0,03703022
1 0,5790026 0,2138637 0,03261721 0,05186844
2 0,06508726 0,6535153 0,1612652 0,1332965
2 0,1730961 0,6266404 0,1285495 0,1220434
2 0,7303808 0,4140851 0,08175659 0,07392865
2 0,7544788 0,4700717 0,1055122 0,1496019
3 0,5995005 0,5173282 0,1479669 0,2504632
3 0,5525611 0,3767387 0,05367732 0,09029609
3 0,2241504 0,3585726 0,0686256 0,05226058
4 0,5372624 0,3365136 0,08998585 0,1739788
5 0,7483267 0,4312194 0,05803496 0,08045644
6 0,2198936 0,3611897 0,02137688 0,03080112
6 0,2368103 0,358882 0,02038333 0,03052652
