0 0,4539866 0,2130133 0,01193222 0,03142005
0 0,4571097 0,219797 0,01139489 0,03134739
1 0,5099149 0,6735555 0,07764179 0,175054
2 0,3344511 0,3902193 0,03057331 0,03383064
2 0,3249061 0,4268737 0,03424254 0,03951573
2 0,453357 0,2097504 0,01494822 0,03875518
2 0,4571972 0,2269573 0,01445255 0,031739
3 0,3975673 0,5457286 0,05344296 0,1646537
3 0,4159959 0,734785 0,101533 0,1798908
3 0,5348015 0,2637678 0,02487946 0,05225879
4 0,4886381 0,6698811 0,08521688 0,4032044
5 0,3406863 0,3507062 0,0137614 0,0388338
6 0,5339639 0,263068 0,01076168 0,02317858
6 0,5370963 0,2714084 0,01117277 0,02400899
6 0,489008 0,5761411 0,02760226 0,07447657
