0 0,8995138 0,3505263 0,05982071 0,07146323
0 0,8637324 0,3332964 0,05420613 0,06380564
0 0,5436084 0,2694845 0,02176499 0,03774744
0 0,5738452 0,2595701 0,02016449 0,03118056
1 0,5790026 0,2138637 0,03261721 0,05186844
2 0,06508726 0,6535153 0,1612652 0,1332965
2 0,1730961 0,6266404 0,1285495 0,1220434
2 0,9044862 0,3368655 0,07599908 0,0749433
2 0,8644834 0,3490533 0,06447858 0,06857502
3 0,4940547 0,3977248 0,07929921 0,1142108
3 0,5525611 0,3767387 0,05367732 0,09029609
3 0,2241504 0,3585726 0,0686256 0,05226058
4 0,5372754 0,3249264 0,08998585 0,1501814
5 0,8872309 0,3292185 0,0345214 0,0410676
6 0,2198936 0,3611897 0,02137688 0,03080112
6 0,2368103 0,358882 0,02038333 0,03052652
6 0,5096238 0,2731295 0,01446152 0,03664476
