0 0,9784279 0,380853 0,08258748 0,09098083
0 0,9402201 0,3617892 0,0763486 0,08270991
0 0,5369583 0,2818292 0,02710462 0,04888839
0 0,5750013 0,2673864 0,02461016 0,03843522
1 0,5818 0,2113518 0,04174346 0,06662339
2 0,9847367 0,3639867 0,1054931 0,0960927
2 0,9403579 0,3812851 0,09097993 0,08971256
3 0,4670196 0,4610794 0,1143689 0,1810055
3 0,5474759 0,4257436 0,07022172 0,1331826
3 0,1574931 0,3847572 0,08993376 0,06473523
4 0,5290213 0,3518038 0,1136142 0,1941162
5 0,9670353 0,3557343 0,04726124 0,05241102
6 0,1523311 0,387913 0,02964222 0,03786784
6 0,1730144 0,3849586 0,02816668 0,03746033
6 0,4935928 0,2866984 0,01767787 0,04741997
