0 0,8639137 0,3727065 0,05531007 0,07868737
0 0,8307477 0,3667312 0,04963505 0,07244456
0 0,5395073 0,2825275 0,02089369 0,05075067
1 0,5747445 0,2297707 0,03169996 0,06879061
2 0,1678824 0,7920405 0,09606599 0,1492414
2 0,2468246 0,7679046 0,07971638 0,1413961
2 0,8697611 0,3607828 0,06873816 0,08872122
2 0,8302454 0,3795996 0,05758655 0,08078235
3 0,4914698 0,4513469 0,07065612 0,1569988
3 0,5444851 0,4150467 0,0473485 0,1252426
3 0,226983 0,2873043 0,06698772 0,05998886
4 0,532423 0,3335979 0,08492297 0,1607475
5 0,08457589 0,7944391 0,07502109 0,1020744
5 0,8533932 0,3595514 0,03259754 0,04409939
6 0,2229329 0,2897061 0,0210017 0,03554875
6 0,2394818 0,2878915 0,02001475 0,03528565
6 0,5071877 0,2862003 0,01357341 0,04534823
