0 0,07808834 0,1812516 0,07321662 0,1178528
0 0,01218578 0,1546683 0,09425107 0,1405217
0 0,525332 0,4908081 0,0280841 0,03600204
1 0,5056318 0,4390863 0,03550723 0,04576123
2 0,9067817 0,7208444 0,07181746 0,06372623
2 0,3052745 0,3554558 0,01548386 0,01004356
2 0,0823229 0,1991022 0,08759198 0,1286331
2 0,01729429 0,1311529 0,1132303 0,1539819
3 0,6195388 0,5936958 0,09431249 0,08863801
3 0,5660816 0,5719466 0,06057686 0,0620783
3 0,206878 0,003130436 0,2081873 0,504644
4 0,530285 0,5458856 0,08303878 0,1637045
5 0,0583927 0,1914424 0,04383761 0,07789677
6 0,2121779 0,01390088 0,07834415 0,1797411
6 0,5468965 0,4977483 0,02288687 0,03836694
6 0,4978407 0,4818496 0,01772046 0,02999669
