0 0,5435017 0,2034341 0,02014571 0,03597534
1 0,554543 0,1539626 0,02738416 0,04550213
2 0,597267 0,7056668 0,06003422 0,1360593
2 0,6152877 0,6087592 0,05206418 0,1052372
3 0,5707684 0,3236202 0,06886363 0,1049693
3 0,5729975 0,2834542 0,04981631 0,07140142
3 0,1484315 0,5268549 0,1285443 0,1849095
4 0,5416346 0,2454001 0,05343473 0,1397302
5 0,5770594 0,8017074 0,03415376 0,1349221
6 0,1396223 0,5388305 0,03631937 0,07415807
6 0,1743262 0,5055827 0,03330015 0,06850311
6 0,5318848 0,2174987 0,01552153 0,03445423
6 0,5572264 0,1839587 0,01372707 0,02911586
