0 0,4531682 0,2128218 0,01180312 0,03247207
0 0,4569023 0,2180976 0,01129028 0,03142881
1 0,5099149 0,6735555 0,07764179 0,175054
2 0,3344511 0,3902193 0,03057331 0,03383064
2 0,3249061 0,4268737 0,03424254 0,03951573
2 0,4526477 0,207066 0,01510707 0,03601491
2 0,45697 0,2247267 0,01431495 0,03270811
3 0,3952813 0,6039578 0,09787524 0,1906056
3 0,4159959 0,734785 0,101533 0,1798908
3 0,5348015 0,2637678 0,02487946 0,05225879
4 0,4886381 0,6698811 0,08521688 0,4032044
5 0,3406863 0,3507062 0,0137614 0,0388338
6 0,5339639 0,263068 0,01076168 0,02317858
6 0,5370963 0,2714084 0,01117277 0,02400899
6 0,4853964 0,5379808 0,02563652 0,06839019
