0 0,7594565 0,4802678 0,05157149 0,06644207
0 0,7484632 0,492357 0,05545956 0,07344911
1 0,3503236 0,2259964 0,04016408 0,09141433
2 0,5724122 0,3566989 0,02487779 0,02162427
2 0,7566556 0,4991708 0,06439131 0,0610927
2 0,7455093 0,512853 0,06928313 0,0682241
2 0,3481629 0,2969522 0,0368084 0,03875035
3 0,6854957 0,5058281 0,137684 0,1497585
3 0,4634174 0,3541124 0,06855702 0,0789808
3 0,664721 0,5610645 0,1712719 0,2147555
4 0,4118038 0,3531659 0,1239393 0,2162549
5 0,5932704 0,3505934 0,01516241 0,02917379
5 0,7665044 0,4760609 0,03348589 0,04756379
6 0,6741178 0,5724343 0,05869138 0,0927515
6 0,6377345 0,5453593 0,05342567 0,08607894
