0 0,9049381 0,3523028 0,05999053 0,06358379
0 0,8693578 0,3328404 0,05416 0,06397516
0 0,537674 0,2751626 0,02140617 0,03815049
0 0,5784379 0,2605277 0,0212329 0,03242731
1 0,5790026 0,2138637 0,03261721 0,05186844
2 0,06508726 0,6535153 0,1612652 0,1332965
2 0,1730961 0,6266404 0,1285495 0,1220434
2 0,9100031 0,335727 0,0767839 0,0570699
2 0,8704464 0,3475589 0,06392652 0,07100868
3 0,5202475 0,4370478 0,1033365 0,1564949
3 0,5525611 0,3767387 0,05367732 0,09029609
3 0,2241504 0,3585726 0,0686256 0,05226058
4 0,5372754 0,3249264 0,08998585 0,1501814
5 0,8872309 0,3292185 0,0345214 0,0410676
6 0,2198936 0,3611897 0,02137688 0,03080112
6 0,2368103 0,358882 0,02038333 0,03052652
6 0,5071779 0,2784691 0,01436573 0,03686291
