0 0,8687215 0,3741607 0,05449551 0,07254928
0 0,8361161 0,3654447 0,04968959 0,07245827
0 0,5337647 0,2877157 0,02047747 0,05097228
0 0,5740349 0,2476808 0,02074188 0,04365045
1 0,5747445 0,2297707 0,03169996 0,06879061
2 0,1678824 0,7920405 0,09606599 0,1492414
2 0,2468246 0,7679046 0,07971638 0,1413961
2 0,8747982 0,3603116 0,06778151 0,07366443
2 0,8359973 0,377417 0,05741644 0,08260638
3 0,5135153 0,5429006 0,08546701 0,2075632
3 0,5444851 0,4150467 0,0473485 0,1252426
3 0,226983 0,2873043 0,06698772 0,05998886
4 0,532423 0,3335979 0,08492297 0,1607475
5 0,08457589 0,7944391 0,07502109 0,1020744
5 0,8533932 0,3595514 0,03259754 0,04409939
6 0,2229329 0,2897061 0,0210017 0,03554875
6 0,2394818 0,2878915 0,02001475 0,03528565
6 0,5048 0,2910388 0,01341194 0,04540819
