0 0,4085881 0,1092001 0,01620963 0,03843546
0 0,4183914 0,1102156 0,01574406 0,03956974
0 0,6644705 0,5612028 0,07196951 0,1492444
1 0,799462 0,6431249 0,1603382 0,3087053
2 0,3066505 0,3524461 0,03817284 0,05753833
2 0,3044305 0,4055042 0,04294527 0,06983662
2 0,4075693 0,1001803 0,02073044 0,0385111
2 0,418319 0,1179755 0,01934507 0,04270476
3 0,3870085 0,7344129 0,1699615 0,4279522
3 0,5651481 0,7825341 0,1494624 0,3402438
3 0,5251397 0,1445339 0,03403252 0,05929428
4 0,6487586 0,6386358 0,2289354 0,572242
5 0,3062265 0,2975993 0,01705199 0,05611289
6 0,5235198 0,1442251 0,0127064 0,0280602
6 0,5297021 0,1521429 0,01321948 0,02905983
6 0,6165762 0,4660924 0,04373157 0,1002202
