0 0,8521716 0,8401312 0,146201 0,2357523
0 0,5297784 0,2151348 0,03148854 0,09577978
0 0,572604 0,2111816 0,03517425 0,09388512
0 0,629562 0,1628386 0,04161429 0,09383166
0 0,6437231 0,117503 0,03977585 0,08514911
1 0,6462398 0,0846771 0,06229281 0,1365861
2 0,8391044 0,8241041 0,1571437 0,2506729
3 0,5891475 0,4062517 0,08193713 0,2415104
3 0,102695 0,05858105 0,1176237 0,09854412
4 0,5686491 0,2563786 0,1420098 0,2841465
5 0,8398235 0,73857 0,08885813 0,1517965
6 0,0967278 0,06182867 0,0404612 0,06078762
6 0,1229583 0,06123221 0,03808898 0,060206
