0 0,06246278 0,02481365 0,07862729 0,1133401
0 0,5382808 0,5075693 0,02337295 0,04337031
0 0,5789456 0,487614 0,02778709 0,04773355
0 0,5478051 0,5085871 0,03090233 0,04912329
0 0,5286807 0,4945273 0,02797478 0,04388002
0 0,5091735 0,4505957 0,02518055 0,03695887
1 0,5052806 0,4041981 0,03511646 0,04703951
2 0,8958494 0,6764436 0,06956452 0,0713158
2 0,2987621 0,2445366 0,01629132 0,01049078
2 0,06754431 0,05298418 0,09887886 0,1045856
2 0,5371032 0,4948523 0,03193367 0,03585342
2 0,5755373 0,4969581 0,0316816 0,05554733
3 0,6611216 0,5096432 0,05908024 0,06412703
4 0,5307646 0,5259051 0,08106494 0,201702
5 0,02864569 0,01806998 0,05304823 0,09321439
5 0,5663138 0,486949 0,01865244 0,0314616
