0 0,1367277 0,09730226 0,1579122 0,2924721
0 0,4578334 0,7142716 0,01071459 0,02313197
0 0,4666114 0,6990031 0,01595351 0,0226402
1 0,4609042 0,6632729 0,02086177 0,02715898
2 0,682326 0,8414235 0,04574299 0,03233851
2 0,6509802 0,819348 0,03915787 0,02654278
2 0,4195266 0,5616499 0,01551479 0,01034686
2 0,4206288 0,5563371 0,01653954 0,01129809
2 0,142913 0,1546875 0,1931827 0,2957677
3 0,5479293 0,7527206 0,05204254 0,04553749
3 0,4964386 0,7479973 0,03908503 0,03860922
4 0,4678201 0,730128 0,0356687 0,09701927
5 0,71763 0,8466008 0,03004169 0,05838727
6 0,4605454 0,6914797 0,01049104 0,0194084
