0 0,9096545 0,3531523 0,05883908 0,05614394
0 0,8751531 0,3336805 0,0530895 0,06407094
0 0,537635 0,3064914 0,02117974 0,03977191
1 0,5790026 0,2138637 0,03261721 0,05186844
2 0,06508726 0,6535153 0,1612652 0,1332965
2 0,1730961 0,6266404 0,1285495 0,1220434
2 0,9145895 0,3355954 0,07557863 0,04373598
2 0,8770155 0,3460048 0,06164515 0,0759849
3 0,6025765 0,5250099 0,1431241 0,2550515
3 0,5525611 0,3767387 0,05367732 0,09029609
3 0,2241504 0,3585726 0,0686256 0,05226058
4 0,537261 0,3376444 0,08998585 0,1762901
5 0,8872309 0,3292185 0,0345214 0,0410676
6 0,2198936 0,3611897 0,02137688 0,03080112
6 0,2368103 0,358882 0,02038333 0,03052652
6 0,5074586 0,3101729 0,01422405 0,03789026
6 0,5719606 0,2659022 0,01706696 0,03536052
