0 0,9909361 0,3840861 0,08152056 0,0723657
0 0,9531881 0,361765 0,074714 0,08260059
0 0,5294871 0,3284627 0,02617782 0,05209917
1 0,5818 0,2113518 0,04174346 0,06662339
2 0,997863 0,362611 0,1041549 0,05785733
2 0,9547226 0,3769065 0,08747661 0,09819597
3 0,6348351 0,8104641 0,3546458 0,8441902
3 0,5474759 0,4257436 0,07022172 0,1331826
3 0,1574931 0,3847572 0,08993376 0,06473523
4 0,5290477 0,367722 0,1136142 0,2269772
5 0,9670353 0,3557343 0,04726124 0,05241102
6 0,1523311 0,387913 0,02964222 0,03786784
6 0,1730144 0,3849586 0,02816668 0,03746033
6 0,4910726 0,333497 0,01731524 0,04940039
6 0,5728765 0,2771164 0,02163589 0,04530686
