0 0,692719 0,5104623 0,05230576 0,09020233
0 0,7079834 0,5916349 0,07407135 0,1377329
0 0,5051429 0,3169807 0,01839042 0,05212116
0 0,5331941 0,3132154 0,0201143 0,05133218
0 0,5683488 0,2790195 0,02266276 0,04996222
0 0,5794963 0,2598096 0,02199203 0,04604203
1 0,5747445 0,2297707 0,03169996 0,06879061
2 0,1678824 0,7920405 0,09606599 0,1492414
2 0,2468246 0,7679046 0,07971638 0,1413961
2 0,6965697 0,4902132 0,06709945 0,09423125
2 0,7044245 0,5965438 0,08240885 0,1512588
3 0,5717605 0,7078033 0,1017714 0,2965713
3 0,5444851 0,4150467 0,0473485 0,1252426
3 0,226983 0,2873043 0,06698772 0,05998886
4 0,5321974 0,3437663 0,08492297 0,1804923
5 0,08457589 0,7944391 0,07502109 0,1020744
5 0,7039874 0,5508155 0,04598236 0,08749056
6 0,2229329 0,2897061 0,0210017 0,03554875
6 0,2394818 0,2878915 0,02001475 0,03528565
