0 0,8727013 0,3758993 0,0525859 0,06644249
0 0,841549 0,3652077 0,0488342 0,0721395
0 0,5331373 0,3157565 0,02007818 0,05136597
0 0,580194 0,261359 0,02215391 0,0463509
1 0,5747445 0,2297707 0,03169996 0,06879061
2 0,1678824 0,7920405 0,09606599 0,1492414
2 0,2468246 0,7679046 0,07971638 0,1413961
2 0,8786637 0,3616124 0,06539768 0,06214279
2 0,8423336 0,3751046 0,05599052 0,08621204
3 0,5733894 0,7212665 0,0967257 0,2975561
3 0,5444851 0,4150467 0,0473485 0,1252426
3 0,226983 0,2873043 0,06698772 0,05998886
4 0,5321756 0,3447557 0,08492297 0,1823995
5 0,08457589 0,7944391 0,07502109 0,1020744
5 0,8533932 0,3595514 0,03259754 0,04409939
6 0,2229329 0,2897061 0,0210017 0,03554875
6 0,2394818 0,2878915 0,02001475 0,03528565
6 0,5046721 0,3193687 0,01316899 0,04542887
6 0,5665166 0,2789966 0,01655674 0,04400563
