0 0,4079948 0,1087332 0,01596805 0,03414655
0 0,4173713 0,108992 0,01561207 0,03935599
0 0,657362 0,6113937 0,06838208 0,1473421
1 0,799462 0,6431249 0,1603382 0,3087053
2 0,3066505 0,3524461 0,03817284 0,05753833
2 0,3044305 0,4055042 0,04294527 0,06983662
2 0,4072247 0,09862322 0,02035922 0,03038526
2 0,4171583 0,1152164 0,01914233 0,04499978
3 0,5651481 0,7825341 0,1494624 0,3402438
3 0,5251397 0,1445339 0,03403252 0,05929428
4 0,6461992 0,6572748 0,2306644 0,6025139
5 0,3062265 0,2975993 0,01705199 0,05611289
6 0,5235198 0,1442251 0,0127064 0,0280602
6 0,5297021 0,1521429 0,01321948 0,02905983
6 0,6121952 0,512992 0,04187977 0,09865382
6 0,7460493 0,7086135 0,07394159 0,1618695
