0 0,3816533 0,2744901 0,0254589 0,05280048
0 0,385507 0,2769092 0,0270772 0,0664795
0 0,4376489 0,4828492 0,01618832 0,0313139
0 0,4438492 0,4721405 0,01592839 0,03713059
1 0,4262002 0,3933302 0,0438523 0,06928325
2 0,3827623 0,2901235 0,03183511 0,04553461
2 0,3850208 0,265695 0,03414977 0,07645571
2 0,4375418 0,4732378 0,02010158 0,02551138
2 0,4435688 0,478924 0,01950094 0,04367408
3 0,6706542 0,4741889 0,08864218 0,09393919
3 0,5071903 0,541199 0,08431655 0,1114359
3 0,6043726 0,1155083 0,1079496 0,1856731
4 0,4446319 0,5475585 0,08078468 0,2872781
5 0,3865041 0,2850627 0,01282066 0,04209334
6 0,5987533 0,1189496 0,03646958 0,07521915
6 0,6214966 0,08527452 0,04134601 0,08556575
6 0,4323944 0,4519383 0,02319336 0,04759651
