0 0,09003568 0,1858862 0,06700561 0,09637439
0 0,03663841 0,1703191 0,08262274 0,1286788
1 0,5056318 0,4390863 0,03550723 0,04576123
2 0,9067817 0,7208444 0,07181746 0,06372623
2 0,3052745 0,3554558 0,01548386 0,01004356
2 0,09306432 0,2105358 0,0870164 0,08758587
2 0,04269993 0,1546849 0,09574947 0,1482046
3 0,6637812 0,5674505 0,05542296 0,05444831
3 0,5660816 0,5719466 0,06057686 0,0620783
3 0,206878 0,003130436 0,2081873 0,504644
4 0,5300702 0,5586529 0,08336797 0,1932632
5 0,0583927 0,1914424 0,04383761 0,07789677
6 0,2121779 0,01390088 0,07834415 0,1797411
6 0,5099884 0,4853664 0,01878661 0,031661
