0 0,4472979 0,1443547 0,0164156 0,04236817
0 0,5260864 0,3472446 0,02550203 0,05726755
1 0,5053977 0,235468 0,03423202 0,07137126
2 0,858934 0,6595759 0,0580281 0,1060791
2 0,802361 0,5744036 0,05070478 0,08785382
2 0,4463209 0,1495641 0,01940826 0,04830319
3 0,6532056 0,3035668 0,05465078 0,08861297
3 0,5601723 0,3551836 0,05508506 0,09830952
4 0,5276119 0,3707994 0,07295614 0,2339506
5 0,9288694 0,7407125 0,05488539 0,09693924
6 0,5424414 0,383348 0,02029151 0,05201906
6 0,5098594 0,2822547 0,01739627 0,04463053
