0 0,1508801 0,120727 0,1429017 0,2501078
0 0,4664498 0,7186885 0,01601273 0,02367267
1 0,4609042 0,6632729 0,02086177 0,02715898
2 0,682326 0,8414235 0,04574299 0,03233851
2 0,6509802 0,819348 0,03915787 0,02654278
2 0,4195266 0,5616499 0,01551479 0,01034686
2 0,4206288 0,5563371 0,01653954 0,01129809
2 0,1540907 0,1760277 0,1824739 0,2471433
3 0,5780634 0,7453415 0,0413354 0,03748626
3 0,4964386 0,7479973 0,03908503 0,03860922
4 0,4677549 0,7383645 0,03584325 0,1154956
5 0,71763 0,8466008 0,03004169 0,05838727
6 0,4705184 0,7227713 0,0124588 0,02408087
6 0,4625395 0,6928699 0,01086453 0,02011886
