0 0,9138136 0,3538573 0,05889994 0,05535477
0 0,8887241 0,3351343 0,05433142 0,06385177
0 0,5375901 0,3425866 0,02091897 0,04158771
1 0,5790026 0,2138637 0,03261721 0,05186844
2 0,08898082 0,647953 0,1538228 0,1308376
2 0,1952105 0,6215066 0,1221043 0,1198703
2 0,9187091 0,3360613 0,07580203 0,04217196
2 0,8900835 0,3413771 0,05960947 0,08493513
3 0,5472294 0,4327605 0,07367462 0,1403881
3 0,5525611 0,3767387 0,05367732 0,09029609
3 0,2241504 0,3585726 0,0686256 0,05226058
7 0,5372463 0,3506941 0,08998585 0,2028212
5 0,8872309 0,3292185 0,0345214 0,0410676
6 0,2198936 0,3611897 0,02137688 0,03080112
6 0,2368103 0,358882 0,02038333 0,03052652
6 0,5077823 0,346689 0,01406139 0,0390361
6 0,5597627 0,2673162 0,01646847 0,03561038
