0 0,9967228 0,3851997 0,08194351 0,07155645
0 0,9680682 0,3628401 0,07605898 0,08188158
0 0,5295545 0,373612 0,02578038 0,0549264
1 0,5818 0,2113518 0,04174346 0,06662339
2 0,9687089 0,3702421 0,08436835 0,1081592
3 0,5367358 0,5361772 0,1089147 0,2590367
3 0,5474759 0,4257436 0,07022172 0,1331826
3 0,1574931 0,3847572 0,08993376 0,06473523
7 0,5290749 0,3840179 0,1136142 0,2601974
5 0,9670353 0,3557343 0,04726124 0,05241102
6 0,1523311 0,387913 0,02964222 0,03786784
6 0,1730144 0,3849586 0,02816668 0,03746033
6 0,4917355 0,3793057 0,01707646 0,05118918
6 0,5574515 0,2789804 0,0206784 0,04571497
