0 0,06720424 0,02829087 0,07496423 0,09889245
0 0,03257853 0,03224903 0,09021738 0,1348352
0 0,4997386 0,4451649 0,02379483 0,03472793
1 0,5052806 0,4041981 0,03511646 0,04703951
2 0,9792756 0,7262567 0,08331877 0,09138942
2 0,8766546 0,6652845 0,06652904 0,06710044
2 0,2987621 0,2445366 0,01629132 0,01049078
2 0,07166806 0,05676478 0,095563 0,08416229
2 0,03018138 0,003387153 0,1112453 0,1421279
7 0,5306525 0,5398119 0,08107933 0,2327656
5 0,02864569 0,01806998 0,05304823 0,09321439
6 0,5165051 0,4545289 0,01908094 0,03586674
