0 0,8760411 0,3780706 0,05239743 0,06587845
0 0,8544931 0,3635136 0,04999399 0,07207352
0 0,5324253 0,3475802 0,01962715 0,05175865
1 0,5747445 0,2297707 0,03169996 0,06879061
2 0,1852264 0,7869638 0,09238929 0,1475091
2 0,2631891 0,7631214 0,07641606 0,1398058
2 0,8819555 0,363755 0,06529528 0,06083322
2 0,8555393 0,3673254 0,05568427 0,09251666
3 0,5363786 0,5391557 0,05962247 0,1846647
3 0,5444851 0,4150467 0,0473485 0,1252426
3 0,226983 0,2873043 0,06698772 0,05998886
7 0,5319231 0,3561393 0,08492297 0,2041581
5 0,1032834 0,7891107 0,07247803 0,1012521
5 0,8533932 0,3595514 0,03259754 0,04409939
6 0,2229329 0,2897061 0,0210017 0,03554875
6 0,2394818 0,2878915 0,02001475 0,03528565
6 0,5045272 0,3515055 0,01289442 0,04541689
6 0,5548949 0,2804064 0,01598579 0,04426777
