0 0,4079776 0,108229 0,01566201 0,02993768
0 0,413691 0,09922206 0,01611704 0,03879392
0 0,6497263 0,6653085 0,06458008 0,1448559
1 0,799462 0,6431249 0,1603382 0,3087053
2 0,3062387 0,3630184 0,039096 0,05986542
2 0,3039123 0,4187046 0,04411757 0,07304329
2 0,4074189 0,09775537 0,0198901 0,02362782
2 0,4135726 0,1092951 0,01946768 0,0373854
3 0,3914014 0,8182566 0,1602125 0,3675954
3 0,5651481 0,7825341 0,1494624 0,3402438
3 0,5251397 0,1445339 0,03403252 0,05929428
7 0,6436399 0,6759121 0,2323577 0,6314293
5 0,3058379 0,3061888 0,01744294 0,05755353
6 0,5235198 0,1442251 0,0127064 0,0280602
6 0,5297021 0,1521429 0,01321948 0,02905983
6 0,6074304 0,5640076 0,0398863 0,09676316
6 0,7131613 0,6446883 0,06568718 0,1451765
