0 0,6688205 0,1539713 0,037862 0,06575179
0 0,7046261 0,157433 0,04621887 0,08728802
0 0,559532 0,4115742 0,01854163 0,04546374
0 0,6052061 0,3971303 0,02922279 0,05603749
0 0,4409888 0,3538105 0,03154418 0,04172939
0 0,452535 0,3485313 0,02791896 0,03734219
0 0,4638145 0,3125644 0,02462184 0,03188306
0 0,4506044 0,3114274 0,02345952 0,02966607
1 0,4632308 0,2653594 0,03479883 0,04568142
2 0,8208393 0,8238909 0,236977 0,2563739
2 0,6669989 0,1742144 0,04799706 0,05404055
2 0,7028471 0,14099 0,05496091 0,09871173
2 0,5590373 0,3966377 0,02721208 0,03461784
2 0,600877 0,4083397 0,03173327 0,06470734
3 0,6627625 0,4270801 0,09911901 0,08396667
3 0,5032868 0,4058169 0,06534481 0,06522375
4 0,4546998 0,3820585 0,0689657 0,1812079
5 0,6943663 0,1682083 0,02449393 0,05496895
5 0,5900209 0,3932629 0,01942229 0,03544772
