0 0,09395054 0,1880265 0,06472533 0,08492243
0 0,0611546 0,2024839 0,07629228 0,1149855
0 0,4995388 0,4821174 0,02419877 0,03122663
1 0,5056318 0,4390863 0,03550723 0,04576123
2 0,9961997 0,7679928 0,08676243 0,08337232
2 0,8864012 0,7104124 0,0685634 0,05967826
2 0,3052745 0,3554558 0,01548386 0,01004356
2 0,09643576 0,2131891 0,08536848 0,07070816
2 0,06075722 0,1762643 0,09526667 0,1192471
3 0,6315374 0,5750814 0,05846667 0,06045669
3 0,5660816 0,5719466 0,06057686 0,0620783
3 0,206878 0,003130436 0,2081873 0,504644
7 0,5298485 0,5718423 0,0837076 0,2237214
5 0,0583927 0,1914424 0,04383761 0,07789677
6 0,2121779 0,01390088 0,07834415 0,1797411
6 0,5471979 0,5776572 0,02293515 0,04262486
6 0,5163435 0,4874988 0,01948518 0,03276333
