0 0,3635599 0,06129742 0,04957303 0,09870648
0 0,3692523 0,07038629 0,05864501 0,1458082
0 0,4139955 0,4055287 0,02064326 0,03721052
0 0,4082103 0,344556 0,01827446 0,03052771
1 0,4045488 0,3091663 0,02774587 0,04418731
2 0,6789515 0,4400862 0,06390935 0,05086082
2 0,6367834 0,4207911 0,05178702 0,04087561
2 0,4432251 0,2295904 0,01445028 0,01197642
2 0,445881 0,225087 0,01531217 0,01275301
2 0,3667633 0,09397191 0,05967915 0,07809019
2 0,364944 0,03542489 0,07171556 0,1466747
3 0,5117633 0,3762372 0,05123848 0,06121284
3 0,4536685 0,3971499 0,04935515 0,06240577
7 0,4161988 0,4106439 0,04642847 0,1743256
5 0,7328638 0,4366542 0,04506236 0,08154035
5 0,3706289 0,0521428 0,02930784 0,1049215
6 0,4154406 0,412376 0,01674896 0,03641886
