0 0,5402136 0,2573147 0,01969707 0,03717446
0 0,5588775 0,1845587 0,01869702 0,03244817
1 0,554543 0,1539626 0,02738416 0,04550213
2 0,6015469 0,6827625 0,05812019 0,1283578
2 0,6185384 0,5913744 0,05061829 0,1000863
3 0,6218005 0,3293886 0,05925173 0,08701205
3 0,5729975 0,2834542 0,04981631 0,07140142
3 0,1484315 0,5268549 0,1285443 0,1849095
7 0,5411528 0,2635534 0,05380672 0,1761999
5 0,5828094 0,7713751 0,03288406 0,1281131
6 0,1396223 0,5388305 0,03631937 0,07415807
6 0,1743262 0,5055827 0,03330015 0,06850311
6 0,5299248 0,2724029 0,0150677 0,03479338
6 0,5486988 0,1968741 0,01444298 0,03114301
