0 0,4609284 0,2603769 0,01443321 0,02442604
1 0,4610068 0,2351021 0,02145839 0,03416073
2 0,6545281 0,4623056 0,03784019 0,04010952
2 0,63111 0,4283888 0,03348684 0,03402025
3 0,54243 0,3254292 0,03933841 0,04616326
3 0,497313 0,3233777 0,03762701 0,04551446
3 0,3415031 0,9390264 0,1004186 0,430204
7 0,4697785 0,3258783 0,03541198 0,1436911
5 0,6815833 0,4847776 0,02488428 0,05428612
6 0,3401845 0,9711329 0,04977629 0,1389743
6 0,3463092 0,8726662 0,04339123 0,1172998
6 0,4724139 0,3338732 0,01206329 0,02701378
6 0,4649133 0,2702321 0,01121843 0,02397233
