0 0,860822 0,4832475 0,0363608 0,04411811
0 0,8521945 0,4595128 0,03777421 0,05404627
0 0,410455 0,3789212 0,02407333 0,06472802
1 0,344171 0,1892737 0,04224044 0,09025991
2 0,5675181 0,3557155 0,02484113 0,0217284
2 0,8642153 0,4712062 0,04509574 0,0376789
2 0,8496977 0,4718879 0,0442912 0,05373389
3 0,4276581 0,323322 0,03305864 0,07312888
3 0,4068475 0,3566159 0,03765211 0,09632677
3 0,9269181 0,5839099 0,1033827 0,1077196
7 0,4114471 0,3866315 0,1239393 0,280098
5 0,5886154 0,3495939 0,01518279 0,02935755
5 0,8508118 0,4635306 0,02151543 0,03237575
6 0,9293046 0,5863379 0,04712224 0,06347328
6 0,917332 0,5885245 0,04776925 0,06545785
6 0,3776969 0,2736288 0,01827982 0,05878645
