0 0,452722 0,2112402 0,01134828 0,0235579
0 0,4551083 0,2059351 0,01147157 0,03067511
1 0,5099149 0,6735555 0,07764179 0,175054
2 0,3325626 0,3976446 0,03129017 0,03493369
2 0,3226355 0,4357832 0,03513649 0,04094595
2 0,452628 0,2027534 0,01454279 0,01845932
2 0,4548823 0,2139021 0,01405776 0,02943319
3 0,3099691 0,6952175 0,1155523 0,1673298
3 0,4159959 0,734785 0,101533 0,1798908
3 0,5348015 0,2637678 0,02487946 0,05225879
7 0,4888312 0,6993366 0,08521688 0,4577519
5 0,3390357 0,3569318 0,01409566 0,03966928
6 0,5339639 0,263068 0,01076168 0,02317858
6 0,5370963 0,2714084 0,01117277 0,02400899
6 0,4855808 0,6132337 0,02398136 0,0661737
