0 0,5170934 0,2055678 0,01285166 0,02650255
0 0,5184354 0,2035904 0,01222551 0,0323832
0 0,4996859 0,3685905 0,02086335 0,0424245
0 0,4997116 0,2642103 0,01870209 0,03594005
1 0,498033 0,2313168 0,02910551 0,05127168
2 0,8631035 0,9965934 0,1270291 0,1709873
2 0,7908158 0,7962843 0,091564 0,1139048
2 0,5176414 0,1964816 0,01632559 0,02131218
2 0,5173538 0,2057789 0,01410133 0,04147619
3 0,6167465 0,4065449 0,06832099 0,07528818
3 0,5445834 0,3794302 0,05623323 0,0684067
7 0,5016464 0,3756744 0,04229704 0,2286174
6 0,4996834 0,3999436 0,01644287 0,0413124
6 0,4997067 0,2877176 0,01480114 0,03592914
