0 0,9715071 0,3643805 0,07262576 0,07313144
0 0,5296473 0,3901458 0,02566451 0,05598688
1 0,5818 0,2113518 0,04174346 0,06662339
2 0,9733138 0,3664322 0,08136767 0,1055011
3 0,5016081 0,4341496 0,06027028 0,1386282
3 0,5474759 0,4257436 0,07022172 0,1331826
3 0,1574931 0,3847572 0,08993376 0,06473523
7 0,5290824 0,3884976 0,1136142 0,2692568
5 0,9670353 0,3557343 0,04726124 0,05241102
6 0,1523311 0,387913 0,02964222 0,03786784
6 0,1730144 0,3849586 0,02816668 0,03746033
6 0,4920115 0,3960809 0,01700631 0,05187446
6 0,5574511 0,2789804 0,02067834 0,04571474
