0 0,07040185 0,03018552 0,07301145 0,0923422
0 0,03852198 0,04099941 0,08774957 0,1343136
0 0,4997389 0,4451649 0,02379477 0,03472793
1 0,5052806 0,4041981 0,03511646 0,04703951
2 0,907412 0,684335 0,07141137 0,07411036
2 0,8246347 0,6350429 0,05854768 0,05632508
2 0,2987621 0,2445366 0,01629132 0,01049078
2 0,07457384 0,05850077 0,09358725 0,07565743
2 0,03688756 0,01492888 0,1065844 0,1443642
3 0,5871843 0,547388 0,06524438 0,08213991
7 0,5306242 0,5433441 0,08108288 0,2406191
5 0,02864569 0,01806998 0,05304823 0,09321439
6 0,5477292 0,5644093 0,02224272 0,04717597
6 0,5165053 0,4545288 0,019081 0,03586662
