0 0,879087 0,3805816 0,05348998 0,06885207
0 0,8586665 0,3622753 0,04706061 0,06650484
0 0,5322193 0,3592935 0,01947993 0,05192697
1 0,5747445 0,2297707 0,03169996 0,06879061
2 0,237535 0,7716516 0,08154374 0,1423468
2 0,3125782 0,7486829 0,06667101 0,1350613
2 0,8849245 0,3663133 0,0666821 0,06531203
2 0,8608435 0,3624462 0,05313551 0,0918631
3 0,5131889 0,4206303 0,0428665 0,1282254
3 0,5444851 0,4150467 0,0473485 0,1252426
3 0,226983 0,2873043 0,06698772 0,05998886
7 0,5318539 0,3592617 0,08492297 0,2100692
5 0,1596346 0,7730583 0,06498528 0,09878704
5 0,8533932 0,3595514 0,03259754 0,04409939
6 0,2229329 0,2897061 0,0210017 0,03554875
6 0,2394818 0,2878915 0,02001475 0,03528565
6 0,5045097 0,3633329 0,01280501 0,0454371
6 0,5548946 0,2804064 0,01598561 0,04426777
