0 0,4083606 0,1078712 0,01547733 0,0278908
0 0,4116695 0,09756202 0,01618525 0,04005718
0 0,6467329 0,684427 0,06328446 0,143999
1 0,799462 0,6431249 0,1603382 0,3087053
2 0,3048357 0,3990399 0,04226017 0,06813776
2 0,302126 0,4642165 0,04818949 0,0846464
2 0,4078986 0,09733301 0,01963288 0,02063376
2 0,4114435 0,1070194 0,0194535 0,0402292
3 0,5311937 0,6564386 0,1283302 0,2681501
3 0,5651481 0,7825341 0,1494624 0,3402438
3 0,5251397 0,1445339 0,03403252 0,05929428
7 0,6429468 0,6809599 0,2328108 0,6390396
5 0,3045245 0,3352289 0,01877409 0,06250423
6 0,5235198 0,1442251 0,0127064 0,0280602
6 0,5297021 0,1521429 0,01321948 0,02905983
6 0,6054437 0,582176 0,03919578 0,09611428
6 0,713161 0,6446872 0,06568658 0,1451762
