0 0,6689114 0,1549939 0,03630728 0,05184853
0 0,6828303 0,179922 0,04151541 0,07929891
0 0,5315454 0,3648667 0,01349968 0,02482301
0 0,5280818 0,3573995 0,0129115 0,02549338
0 0,4533295 0,402475 0,02750096 0,03980196
0 0,4692626 0,3118388 0,02299726 0,0300132
1 0,4632308 0,2653594 0,03479883 0,04568142
2 0,8381885 0,8622695 0,2619849 0,2909279
2 0,7396226 0,6613992 0,1370022 0,1304104
2 0,6680723 0,1760941 0,0465852 0,03313369
2 0,6815762 0,1594762 0,05020982 0,08042902
2 0,5322473 0,3560789 0,01701033 0,01884371
2 0,5274598 0,3584737 0,01498985 0,03769481
3 0,4970812 0,4176276 0,07354107 0,07436675
3 0,5032868 0,4058169 0,06534481 0,06522375
7 0,4548834 0,4004411 0,06904012 0,2216857
5 0,6943663 0,1682083 0,02449393 0,05496895
6 0,4418589 0,4133185 0,02268121 0,04176855
6 0,4595605 0,3128488 0,01889002 0,0323984
