0 0,08969433 0,1856872 0,06719261 0,097229
0 0,03590077 0,1709419 0,0828408 0,1285714
0 0,5785477 0,5468593 0,02807939 0,04462105
0 0,5089871 0,4853015 0,02561408 0,03294799
1 0,5056318 0,4390863 0,03550723 0,04576123
2 0,9067817 0,7208444 0,07181746 0,06372623
2 0,3052745 0,3554558 0,01548386 0,01004356
2 0,09276345 0,210266 0,08715379 0,08889925
2 0,04163224 0,153773 0,09675691 0,1463254
2 0,5750868 0,5560228 0,0320704 0,05217597
3 0,6616601 0,567626 0,05934018 0,05612618
3 0,5660816 0,5719466 0,06057686 0,0620783
3 0,206878 0,003130436 0,2081873 0,504644
4 0,5300895 0,5575142 0,08333877 0,19063
5 0,0583927 0,1914424 0,04383761 0,07789677
5 0,5658355 0,5449126 0,0188821 0,0291591
6 0,2121779 0,01390088 0,07834415 0,1797411
