0 0,3653663 0,06226516 0,04848012 0,09144002
0 0,3666304 0,0814364 0,05721921 0,1442163
0 0,4149271 0,4159042 0,02059147 0,03757799
0 0,4082106 0,3445558 0,01827434 0,03052765
1 0,4045488 0,3091663 0,02774587 0,04418731
2 0,649532 0,4272913 0,05534315 0,04388016
2 0,6151392 0,4114636 0,04599392 0,03614068
2 0,4432251 0,2295904 0,01445028 0,01197642
2 0,445881 0,225087 0,01531217 0,01275301
2 0,3686666 0,0947485 0,05811462 0,06869406
2 0,3625961 0,05028939 0,06959608 0,1492814
3 0,4580656 0,4032645 0,05349258 0,06805319
3 0,4536685 0,3971499 0,04935515 0,06240577
7 0,4163983 0,4134855 0,04681107 0,1804
5 0,6917527 0,4220552 0,03620976 0,07040942
5 0,3706289 0,0521428 0,02930784 0,1049215
6 0,4164416 0,4235585 0,01670048 0,03667742
