0 0,5401213 0,2666784 0,01959008 0,03730834
0 0,5588777 0,1845588 0,01869696 0,03244811
1 0,554543 0,1539626 0,02738416 0,04550213
2 0,6132572 0,6200891 0,05289906 0,1084413
2 0,6275685 0,54308 0,04661089 0,08645624
3 0,5640481 0,300854 0,05257922 0,07749188
3 0,5729975 0,2834542 0,04981631 0,07140142
3 0,1484315 0,5268549 0,1285443 0,1849095
7 0,5410859 0,2660782 0,0538578 0,1812016
5 0,598223 0,6900643 0,02948958 0,1105693
6 0,1396223 0,5388305 0,03631937 0,07415807
6 0,1743262 0,5055827 0,03330015 0,06850311
6 0,5298858 0,282176 0,01498175 0,03482455
6 0,5486987 0,1968741 0,01444304 0,03114343
