0 0,4609285 0,2603769 0,01443332 0,02442598
1 0,4610068 0,2351021 0,02145839 0,03416073
2 0,6384928 0,4395301 0,03483582 0,0359174
2 0,6177598 0,4094641 0,03108621 0,03079486
3 0,5027907 0,3356664 0,04001167 0,04904252
3 0,497313 0,3233777 0,03762701 0,04551446
3 0,3415031 0,9390264 0,1004186 0,430204
7 0,4698072 0,3280517 0,03543115 0,1481046
5 0,6621094 0,4582015 0,02217841 0,04962474
6 0,3401845 0,9711329 0,04977629 0,1389743
6 0,3463092 0,8726662 0,04339123 0,1172998
6 0,4726624 0,3422467 0,01201186 0,02706265
6 0,4649133 0,270232 0,01121837 0,02397221
