0 0,1656477 0,1400363 0,1274203 0,2019133
0 0,06113529 0,04957461 0,2249973 0,3867517
0 0,4663335 0,7507993 0,01610914 0,02536885
0 0,4601362 0,6913702 0,01426104 0,02001348
1 0,4609042 0,6632729 0,02086177 0,02715898
2 0,6544768 0,822472 0,03987598 0,02722874
2 0,6287697 0,8043002 0,03471762 0,02282463
2 0,4195266 0,5616499 0,01551479 0,01034686
2 0,4206288 0,5563371 0,01653954 0,01129809
2 0,166202 0,1908967 0,1690109 0,1926537
2 0,07178238 0,006581664 0,25979 0,4220377
3 0,5021823 0,7539232 0,04186818 0,04169556
3 0,4964386 0,7479973 0,03908503 0,03860922
7 0,4676683 0,7492905 0,03607568 0,1401169
5 0,6827911 0,8249748 0,02491736 0,05035585
6 0,4704214 0,7569461 0,01253891 0,02553901
6 0,463954 0,6938561 0,01113001 0,02062452
