0 0,8622227 0,4840486 0,03578806 0,04200044
0 0,8537124 0,4591779 0,03811795 0,05542082
1 0,344171 0,1892737 0,04224044 0,09025991
2 0,8655787 0,4717965 0,04437542 0,0340997
2 0,851501 0,4709459 0,04456896 0,0573383
3 0,4409248 0,3622532 0,04240552 0,09374028
3 0,4068475 0,3566159 0,03765211 0,09632677
3 0,9269181 0,5839099 0,1033827 0,1077196
7 0,4113978 0,3912752 0,1239393 0,2897305
5 0,5738319 0,3464199 0,01524174 0,02994108
5 0,8508118 0,4635306 0,02151543 0,03237575
6 0,9293046 0,5863379 0,04712224 0,06347328
6 0,917332 0,5885245 0,04776925 0,06545785
6 0,3776971 0,2736288 0,01828003 0,05878633
