0 0,4531191 0,2109598 0,01130146 0,0218873
0 0,4540135 0,2041321 0,01145482 0,03169674
1 0,5099149 0,6735555 0,07764179 0,175054
2 0,3262359 0,4225214 0,03372964 0,038755
2 0,3149689 0,4658669 0,03821039 0,04596031
2 0,4530777 0,2024428 0,01442617 0,01606405
2 0,4537444 0,2115754 0,01399547 0,03169328
3 0,4181178 0,6493131 0,08930308 0,1505653
3 0,4159959 0,734785 0,101533 0,1798908
3 0,5348015 0,2637678 0,02487946 0,05225879
7 0,4888575 0,7033803 0,08521688 0,4650033
5 0,3335364 0,377674 0,01523194 0,04248917
6 0,5339639 0,263068 0,01076168 0,02317858
6 0,5370963 0,2714084 0,01117277 0,02400899
