0 0,5182517 0,2054336 0,01289296 0,0278827
0 0,5165389 0,202642 0,01226938 0,0281446
0 0,4999004 0,3798837 0,02071482 0,0423941
0 0,499712 0,2642103 0,01870212 0,03594005
1 0,498033 0,2313168 0,02910551 0,05127168
2 0,8115708 0,8549479 0,1012163 0,1292471
2 0,7567977 0,70297 0,07665592 0,09113841
2 0,5188906 0,1964051 0,01625788 0,02368593
2 0,5155008 0,2025949 0,01441729 0,03933287
3 0,5483297 0,411445 0,06171244 0,07646126
3 0,5445834 0,3794302 0,05623323 0,0684067
7 0,5016433 0,3787393 0,04229704 0,2346146
6 0,4999162 0,4119611 0,01631638 0,04116106
6 0,4997067 0,2877179 0,01480114 0,03592926
