0 0,9294934 0,3556214 0,05857152 0,06682003
0 0,9010807 0,318812 0,05374533 0,0586378
0 0,5403761 0,3597954 0,0217036 0,04391283
1 0,5790026 0,2138637 0,03261721 0,05186844
2 0,2472712 0,6111028 0,1072328 0,1151402
2 0,3420655 0,5874127 0,08162111 0,1059466
2 0,9298439 0,3387919 0,07306802 0,06782675
2 0,9001917 0,3353948 0,0646258 0,05787456
3 0,5180371 0,3823524 0,04828912 0,09306192
3 0,5525611 0,3767387 0,05367732 0,09029609
3 0,2241504 0,3585726 0,0686256 0,05226058
7 0,5372423 0,3542867 0,08998585 0,2100805
5 0,1500925 0,5986135 0,08083318 0,1167915
5 0,8872309 0,3292185 0,0345214 0,0410676
6 0,2198936 0,3611897 0,02137688 0,03080112
6 0,2368103 0,358882 0,02038333 0,03052652
6 0,5097374 0,3642464 0,01454103 0,04097152
6 0,5597624 0,2673162 0,01646847 0,03561026
