0 0,9804353 0,3415976 0,07429624 0,07438368
0 0,5327985 0,3965929 0,02699602 0,05885005
1 0,5818 0,2113518 0,04174346 0,06662339
2 0,153704 0,8903179 0,2357126 0,3198452
2 0,9785154 0,3618602 0,08900845 0,07429683
3 0,5016081 0,4341496 0,06027028 0,1386282
3 0,5474759 0,4257436 0,07022172 0,1331826
3 0,1574931 0,3847572 0,08993376 0,06473523
7 0,5290824 0,3884976 0,1136142 0,2692568
5 0,9670353 0,3557343 0,04726124 0,05241102
6 0,1523311 0,387913 0,02964222 0,03786784
6 0,1730144 0,3849586 0,02816668 0,03746033
6 0,493631 0,4028877 0,01779723 0,05445707
6 0,5574511 0,2789804 0,02067834 0,04571474
