0 0,07313052 0,03128755 0,07295826 0,09572202
0 0,04229352 0,04968512 0,08337384 0,1230093
0 0,4997389 0,4451649 0,02379477 0,03472793
1 0,5052806 0,4041981 0,03511646 0,04703951
2 0,8351851 0,6422006 0,0601331 0,05858183
2 0,7704915 0,6035663 0,05062115 0,04610914
2 0,2987621 0,2445366 0,01629132 0,01049078
2 0,07700917 0,05923617 0,09316742 0,08093083
2 0,03937507 0,02142364 0,1031788 0,1274877
3 0,5871843 0,547388 0,06524438 0,08213991
7 0,5306242 0,5433441 0,08108288 0,2406191
5 0,914505 0,6647851 0,05080038 0,0829477
5 0,02864569 0,01806998 0,05304823 0,09321439
6 0,5566263 0,5606737 0,02196145 0,04613221
6 0,5165053 0,4545288 0,019081 0,03586662
