0 0,4089388 0,1076732 0,0155701 0,02925634
0 0,4100433 0,09538597 0,01576886 0,03742576
0 0,6311234 0,7032657 0,06374145 0,1490995
1 0,799462 0,6431249 0,1603382 0,3087053
2 0,3026782 0,4544013 0,04717976 0,0818854
2 0,2993144 0,5358213 0,05469164 0,1046297
2 0,4085774 0,09717798 0,01967919 0,02275878
2 0,4099694 0,1055743 0,01894438 0,03525835
3 0,5311937 0,6564386 0,1283302 0,2681501
3 0,5651481 0,7825341 0,1494624 0,3402438
3 0,5251397 0,1445339 0,03403252 0,05929428
7 0,6429468 0,6809599 0,2328108 0,6390396
5 0,3025351 0,3791941 0,02081895 0,07023221
6 0,5235198 0,1442251 0,0127064 0,0280602
6 0,5297021 0,1521429 0,01321948 0,02905983
6 0,5910054 0,5964125 0,03926659 0,09875599
6 0,713161 0,6446872 0,06568658 0,1451762
