0 0,3843168 0,2747842 0,02465925 0,04489189
0 0,3829462 0,2977431 0,02566889 0,05871314
0 0,4444249 0,4787411 0,01468191 0,03488803
0 0,4347354 0,4666855 0,01481956 0,03354084
0 0,4572662 0,5668148 0,03556353 0,06802797
0 0,4300793 0,4488077 0,02861917 0,0475719
1 0,4262002 0,3933302 0,0438523 0,06928325
2 0,8401704 0,5992985 0,1143166 0,09012488
2 0,3857649 0,2909326 0,03020123 0,03353179
2 0,3811702 0,2815077 0,03103417 0,05550987
2 0,4443021 0,4702961 0,01883596 0,03594333
2 0,4347876 0,4756588 0,01821461 0,03354371
3 0,5216118 0,5596516 0,09728622 0,1314889
3 0,5071903 0,541199 0,08431655 0,1114359
3 0,6043726 0,1155083 0,1079496 0,1856731
7 0,4457803 0,5699663 0,08302179 0,3400828
5 0,3865041 0,2850627 0,01282066 0,04209334
6 0,5987533 0,1189496 0,03646958 0,07521915
6 0,6214966 0,08527452 0,04134601 0,08556575
6 0,4652725 0,5898298 0,03049397 0,07068309
6 0,4338555 0,4541302 0,02438623 0,05011749
