0 0,09936821 0,1904594 0,06311929 0,08233756
0 0,06914654 0,2138568 0,07092553 0,1057894
0 0,5361948 0,5765539 0,02802742 0,04131013
0 0,4995391 0,4821174 0,02419874 0,03122658
1 0,5056318 0,4390863 0,03550723 0,04576123
2 0,842626 0,689069 0,06175524 0,05160505
2 0,7748564 0,6533175 0,05170012 0,03989765
2 0,3052745 0,3554558 0,01548386 0,01004356
2 0,1013532 0,2153928 0,08337638 0,06789619
2 0,06819233 0,1881958 0,08900729 0,1076584
3 0,5872387 0,5850259 0,06635791 0,07023472
3 0,5660816 0,5719466 0,06057686 0,0620783
3 0,206878 0,003130436 0,2081873 0,504644
7 0,529787 0,5754897 0,08380133 0,2321303
5 0,9256863 0,7070962 0,05105525 0,08217515
5 0,0583927 0,1914424 0,04383761 0,07789677
6 0,2121779 0,01390088 0,07834415 0,1797411
6 0,5562021 0,5907872 0,02255732 0,04257843
6 0,5163438 0,4874989 0,01948518 0,03276333
