0 0,5775822 0,2416326 0,02815682 0,06260467
0 0,5422216 0,380634 0,02767503 0,06236261
0 0,5261384 0,3449737 0,02555084 0,05729252
0 0,5089364 0,2805976 0,0238159 0,05217487
1 0,5053977 0,235468 0,03423202 0,07137126
2 0,858934 0,6595759 0,0580281 0,1060791
2 0,802361 0,5744036 0,05070478 0,08785382
2 0,5738984 0,2504715 0,03182149 0,07200676
3 0,6510706 0,3050046 0,05791014 0,09297019
3 0,5601723 0,3551836 0,05508506 0,09830952
4 0,5276333 0,3699241 0,07295614 0,2322926
5 0,9288694 0,7407125 0,05488539 0,09693924
5 0,5652598 0,2408826 0,01885599 0,04134506
