0 0,170212 0,1427265 0,1267016 0,207346
0 0,07651681 0,09202892 0,1999401 0,3344523
0 0,4728111 0,7502652 0,01609015 0,02518295
0 0,4601362 0,6913702 0,01426104 0,02001348
1 0,4609042 0,6632729 0,02086177 0,02715898
2 0,6322125 0,8073207 0,03539568 0,02344686
2 0,610651 0,7920244 0,03123271 0,01998846
2 0,4195266 0,5616499 0,01551479 0,01034686
2 0,4206288 0,5563371 0,01653954 0,01129809
2 0,1700945 0,1919115 0,1678754 0,2018049
2 0,08279592 0,04090285 0,2402814 0,3682916
3 0,5021823 0,7539232 0,04186818 0,04169556
3 0,4964386 0,7479973 0,03908503 0,03860922
7 0,4676683 0,7492905 0,03607568 0,1401169
5 0,6555479 0,8080635 0,02122313 0,04435092
6 0,4772805 0,7563369 0,01251215 0,02534445
6 0,463954 0,6938561 0,01113001 0,02062452
