0 0,8634884 0,4848939 0,03636718 0,04379016
0 0,8547978 0,4575435 0,03687602 0,05206841
0 0,4094504 0,3866686 0,02290246 0,06212676
1 0,344171 0,1892737 0,04224044 0,09025991
2 0,8667802 0,4725608 0,04495704 0,03679127
2 0,8520765 0,469803 0,04309261 0,0504697
3 0,4409248 0,3622532 0,04240552 0,09374028
3 0,4068475 0,3566159 0,03765211 0,09632677
3 0,9269181 0,5839099 0,1033827 0,1077196
7 0,4113978 0,3912752 0,1239393 0,2897305
5 0,8508118 0,4635306 0,02151543 0,03237575
6 0,9293046 0,5863379 0,04712224 0,06347328
6 0,917332 0,5885245 0,04776925 0,06545785
6 0,3776971 0,2736288 0,01828003 0,05878633
