0 0,453623 0,2108532 0,01134104 0,02300984
0 0,4531053 0,2020383 0,01118508 0,02957624
0 0,4764688 0,713349 0,0367617 0,09502162
1 0,5099149 0,6735555 0,07764179 0,175054
2 0,3168241 0,4595269 0,03746665 0,04479772
2 0,3033899 0,5113006 0,04301596 0,05407217
2 0,4536351 0,2023917 0,01441869 0,01779526
2 0,4528778 0,2101071 0,01360303 0,02776736
3 0,4181178 0,6493131 0,08930308 0,1505653
3 0,4159959 0,734785 0,101533 0,1798908
3 0,5348015 0,2637678 0,02487946 0,05225879
7 0,4888575 0,7033803 0,08521688 0,4650033
5 0,3254406 0,408208 0,01696885 0,04674578
6 0,5339639 0,263068 0,01076168 0,02317858
6 0,5370963 0,2714084 0,01117277 0,02400899
6 0,4716385 0,6317948 0,0238249 0,06651947
