0 0,522195 0,2045697 0,01160389 0,03144962
0 0,5142491 0,1912097 0,01150757 0,03029108
0 0,5092884 0,3798837 0,02071485 0,0423941
0 0,499712 0,2642103 0,01870212 0,03594005
1 0,498033 0,2313168 0,02910551 0,05127168
2 0,7634123 0,7225746 0,07946515 0,09551731
2 0,7231706 0,610725 0,06302726 0,07110992
2 0,5224962 0,1971459 0,01528734 0,03184676
2 0,5138757 0,1990903 0,01442075 0,02941114
3 0,5483297 0,411445 0,06171244 0,07646126
3 0,5445834 0,3794302 0,05623323 0,0684067
7 0,5016433 0,3787393 0,04229704 0,2346146
5 0,8207158 0,8443772 0,06425858 0,1279585
6 0,5101027 0,4119607 0,01642108 0,04116124
6 0,4997067 0,2877179 0,01480114 0,03592926
