0 0,9251949 0,3542118 0,06253386 0,08094186
0 0,9020454 0,3205512 0,05738086 0,07305229
0 0,5454091 0,3670601 0,0233174 0,0469681
1 0,5790026 0,2138637 0,03261721 0,05186844
2 0,3228409 0,5935104 0,08664361 0,1080087
2 0,4123971 0,5710843 0,06365615 0,09958941
2 0,9249091 0,3384852 0,07190722 0,08071792
2 0,9000394 0,3346009 0,06669146 0,07807469
3 0,5180374 0,3823526 0,048289 0,0930621
3 0,5525611 0,3767387 0,05367732 0,09029609
3 0,2241504 0,3585726 0,0686256 0,05226058
7 0,5372423 0,3542867 0,08998585 0,2100805
5 0,2321277 0,5805714 0,06863646 0,1121607
5 0,8872309 0,3292185 0,0345214 0,0410676
6 0,2198936 0,3611897 0,02137688 0,03080112
6 0,2368103 0,358882 0,02038333 0,03052652
6 0,5130399 0,3718753 0,01552194 0,04374993
6 0,5597624 0,2673162 0,01646847 0,03561026
