0 0,07518601 0,03155696 0,073632 0,1005931
0 0,04369739 0,05486476 0,08048969 0,1130345
0 0,4997389 0,4451649 0,02379477 0,03472793
1 0,5052806 0,4041981 0,03511646 0,04703951
2 0,7826273 0,6115406 0,05236024 0,04842928
2 0,7298597 0,5799447 0,04492712 0,03910801
2 0,2987621 0,2445366 0,01629132 0,01049078
2 0,07879612 0,05915654 0,09324992 0,0879854
2 0,03977177 0,02524191 0,1015134 0,1130081
3 0,5871845 0,5473878 0,06524438 0,08213985
7 0,5306242 0,5433441 0,08108288 0,2406191
5 0,8453948 0,6272404 0,04126734 0,07034633
5 0,02864569 0,01806998 0,05304823 0,09321439
6 0,5708801 0,5546894 0,02150255 0,04447579
6 0,5165053 0,4545288 0,019081 0,03586662
