0 0,3854119 0,2744005 0,02477244 0,04762411
0 0,3817269 0,3000346 0,02520016 0,05400974
0 0,4437595 0,4787564 0,01652488 0,04236737
0 0,4346159 0,4676153 0,01576146 0,04123557
0 0,4801883 0,5553572 0,03549588 0,06558606
0 0,4300793 0,4488077 0,02861917 0,0475719
1 0,4262002 0,3933302 0,0438523 0,06928325
2 0,8663019 0,612501 0,1243391 0,09880316
2 0,7635016 0,5657798 0,08704084 0,06779847
2 0,3869176 0,2904668 0,03024065 0,0377512
2 0,3799101 0,2833033 0,03046137 0,04764366
2 0,4415378 0,4719172 0,01851061 0,04303104
2 0,4363805 0,4744307 0,01824436 0,04416817
3 0,5216126 0,5596511 0,09728643 0,1314887
3 0,5071903 0,541199 0,08431655 0,1114359
3 0,6043726 0,1155083 0,1079496 0,1856731
7 0,4457803 0,5699663 0,08302179 0,3400828
5 0,3865041 0,2850627 0,01282066 0,04209334
6 0,5987533 0,1189496 0,03646958 0,07521915
6 0,6214966 0,08527452 0,04134601 0,08556575
6 0,4913105 0,5761515 0,03032506 0,06801239
6 0,4338555 0,4541302 0,02438623 0,05011749
