0 0,6718137 0,1547088 0,03729737 0,05840766
0 0,6740671 0,186849 0,03765976 0,06548434
0 0,5346943 0,3636798 0,01345545 0,03480422
0 0,5267999 0,3496237 0,01282746 0,0335629
0 0,4810864 0,4046263 0,02668795 0,04059666
0 0,4692626 0,3118388 0,02299726 0,0300132
1 0,4632308 0,2653594 0,03479883 0,04568142
2 0,7060098 0,5960782 0,1031173 0,09153157
2 0,6731943 0,5284926 0,07388872 0,05955741
2 0,6715109 0,1757171 0,04739606 0,04313236
2 0,673759 0,164781 0,04677963 0,05750477
2 0,5333574 0,3566141 0,01518786 0,03479284
2 0,5276037 0,3563517 0,01496446 0,03545338
3 0,4970816 0,4176276 0,0735409 0,07436663
3 0,5032868 0,4058169 0,06534481 0,06522375
7 0,4548834 0,4004411 0,06904012 0,2216857
5 0,7613504 0,6544694 0,08075643 0,1759556
5 0,6943663 0,1682083 0,02449393 0,05496895
6 0,4724828 0,4159124 0,02190942 0,04266369
6 0,4595605 0,3128488 0,01889002 0,0323984
