0 0,1012982 0,1908665 0,0634819 0,08652568
0 0,07012507 0,2173551 0,06891516 0,09740263
0 0,5500124 0,5746436 0,0274049 0,0400286
0 0,4995391 0,4821174 0,02419874 0,03122658
1 0,5056318 0,4390863 0,03550723 0,04576123
2 0,78753 0,6607543 0,0535357 0,042077
2 0,7326847 0,6317316 0,04574066 0,03345665
2 0,3052745 0,3554558 0,01548386 0,01004356
2 0,1030576 0,2155899 0,08303875 0,07415742
2 0,06830698 0,1906793 0,08842734 0,09495062
3 0,587239 0,5850258 0,06635809 0,07023475
3 0,5660816 0,5719466 0,06057686 0,0620783
3 0,206878 0,003130436 0,2081873 0,504644
7 0,529787 0,5754897 0,08380133 0,2321303
5 0,8526922 0,6725866 0,04136497 0,06916037
5 0,0583927 0,1914424 0,04383761 0,07789677
6 0,2121779 0,01390088 0,07834415 0,1797411
6 0,5706965 0,5882741 0,02200341 0,04115179
6 0,5163438 0,4874989 0,01948518 0,03276333
