0 0,5048164 0,3017012 0,01428837 0,03251946
0 0,5337505 0,2906236 0,01828998 0,0369817
0 0,4720329 0,3090274 0,01669085 0,02967
0 0,4679793 0,2977151 0,01579288 0,02777547
0 0,4631991 0,2661086 0,0149405 0,02542657
1 0,4610068 0,2351021 0,02145839 0,03416073
2 0,6601686 0,4703174 0,03891802 0,04163843
2 0,635771 0,4349964 0,03433931 0,03518343
2 0,5041284 0,2922181 0,02025765 0,02746618
2 0,531275 0,2973062 0,0204581 0,04269034
3 0,5739594 0,3166957 0,04213375 0,04644608
3 0,497313 0,3233777 0,03762701 0,04551446
3 0,3415031 0,9390264 0,1004186 0,430204
4 0,4696649 0,3173065 0,03533608 0,1261828
5 0,6884954 0,4942107 0,02588004 0,05597472
5 0,5246048 0,2890017 0,01253688 0,02409756
6 0,3401845 0,9711329 0,04977629 0,1389743
6 0,3463092 0,8726662 0,04339123 0,1172998
