0 0,4323469 0,1252274 0,01713821 0,04779452
0 0,5454283 0,3683138 0,02445179 0,05449784
0 0,5000774 0,2619581 0,02284431 0,04956627
1 0,5053977 0,235468 0,03423202 0,07137126
2 0,7343409 0,4740256 0,04235309 0,06832719
2 0,6986536 0,4201393 0,03819948 0,05899239
3 0,576982 0,3885782 0,05924195 0,1079531
3 0,5601723 0,3551836 0,05508506 0,09830952
7 0,527297 0,3836096 0,07295614 0,2579138
5 0,7757945 0,518155 0,03362918 0,06830841
6 0,5619233 0,4033894 0,01946777 0,04907125
6 0,5156648 0,2944621 0,01797271 0,04598778
