0 0,4541773 0,2109197 0,01139769 0,02444768
0 0,4522908 0,200706 0,01105657 0,02734512
0 0,4499282 0,722946 0,03691044 0,09688661
1 0,5099149 0,6735555 0,07764179 0,175054
2 0,3065238 0,5000268 0,04170498 0,05190355
2 0,2904724 0,5619877 0,04860935 0,06388891
2 0,4542403 0,2025312 0,0144299 0,01998222
2 0,452102 0,2091519 0,01344776 0,02406573
3 0,4181173 0,6493132 0,08930314 0,1505655
3 0,4159959 0,734785 0,101533 0,1798908
3 0,5348015 0,2637678 0,02487946 0,05225879
7 0,4888575 0,7033803 0,08521688 0,4650033
5 0,316695 0,4411941 0,01893169 0,05148548
6 0,5339639 0,263068 0,01076168 0,02317858
6 0,5370963 0,2714084 0,01117277 0,02400899
6 0,4480828 0,6392843 0,02397713 0,06755841
