0 0,9154358 0,3483586 0,05741239 0,07778794
0 0,8962204 0,3296952 0,06398892 0,08726853
0 0,5487347 0,3718605 0,02443647 0,04901761
1 0,5790026 0,2138637 0,03261721 0,05186844
2 0,3582727 0,5852611 0,07735693 0,1047452
2 0,4454219 0,5634166 0,05891225 0,09667343
2 0,9103505 0,3340753 0,06356239 0,07836062
2 0,8958532 0,3380675 0,07321918 0,1075415
3 0,5180374 0,3823526 0,048289 0,0930621
3 0,5525611 0,3767387 0,05367732 0,09029609
3 0,2241504 0,3585726 0,0686256 0,05226058
7 0,5372423 0,3542867 0,08998585 0,2100805
5 0,2705144 0,5721283 0,06313908 0,1100175
5 0,8872309 0,3292185 0,0345214 0,0410676
6 0,2198936 0,3611897 0,02137688 0,03080112
6 0,2368103 0,358882 0,02038333 0,03052652
6 0,515225 0,3769228 0,01617825 0,04561055
6 0,5597624 0,2673162 0,01646847 0,03561026
