0 0,9987571 0,3783889 0,08061302 0,0987221
0 0,9759529 0,3555763 0,08927417 0,1106287
0 0,5427424 0,4169376 0,03134096 0,06817222
1 0,5818 0,2113518 0,04174346 0,06662339
2 0,1855989 0,8825805 0,2188704 0,3124736
2 0,3504367 0,8259307 0,1388633 0,2715337
2 0,9914382 0,3603476 0,08764207 0,09906965
2 0,9765427 0,3663525 0,1027105 0,1365875
3 0,5016084 0,4341501 0,06027022 0,1386285
3 0,5474759 0,4257436 0,07022172 0,1331826
3 0,1574931 0,3847572 0,08993376 0,06473523
7 0,5290824 0,3884976 0,1136142 0,2692568
5 0,00434649 0,8837192 0,1801436 0,2447318
5 0,9670353 0,3557343 0,04726124 0,05241102
6 0,1523311 0,387913 0,02964222 0,03786784
6 0,1730144 0,3849586 0,02816668 0,03746033
6 0,4987555 0,4244267 0,02034009 0,06284207
6 0,5574511 0,2789804 0,02067834 0,04571474
