0 0,8780798 0,3731924 0,05363429 0,08379573
0 0,8624461 0,35626 0,06063098 0,09420645
0 0,5413979 0,4015648 0,02226239 0,05956638
1 0,5747445 0,2297707 0,03169996 0,06879061
2 0,385884 0,728229 0,05276474 0,1282091
2 0,4529384 0,7076535 0,04418924 0,1220268
2 0,8755768 0,3576348 0,05980223 0,08545977
2 0,8607485 0,3660276 0,06972194 0,1133892
3 0,5131891 0,420631 0,04286656 0,1282256
3 0,5444851 0,4150467 0,0473485 0,1252426
3 0,226983 0,2873043 0,06698772 0,05998886
7 0,5318539 0,3592617 0,08492297 0,2100692
5 0,3188941 0,7276955 0,04516572 0,09191047
5 0,8533932 0,3595514 0,03259754 0,04409939
6 0,2229329 0,2897061 0,0210017 0,03554875
6 0,2394818 0,2878915 0,02001475 0,03528565
6 0,5108057 0,4066081 0,01457882 0,05171365
6 0,5548946 0,2804064 0,01598561 0,04426777
