0 0,4104921 0,107485 0,01601464 0,03465647
0 0,4075508 0,09360379 0,01547003 0,03462881
0 0,5850974 0,7588133 0,06479561 0,164589
1 0,799462 0,6431249 0,1603382 0,3087053
2 0,298801 0,5539304 0,05619842 0,1097682
2 0,2940528 0,6698715 0,06719112 0,1477568
2 0,4104671 0,09743071 0,01986766 0,03156066
2 0,4076131 0,1041955 0,01863623 0,03059328
3 0,5311928 0,6564395 0,1283303 0,268151
3 0,5651481 0,7825341 0,1494624 0,3402438
3 0,5251397 0,1445339 0,03403252 0,05929428
7 0,6429468 0,6809599 0,2328108 0,6390396
5 0,2990491 0,4562723 0,02448913 0,08445883
6 0,5235198 0,1442251 0,0127064 0,0280602
6 0,5297021 0,1521429 0,01321948 0,02905983
6 0,5489474 0,6378835 0,03929698 0,1065963
6 0,713161 0,6446872 0,06568658 0,1451762
