0 0,3866771 0,2741937 0,02503651 0,0534032
0 0,3802881 0,3011348 0,02517095 0,05370826
0 0,438375 0,4794218 0,01567143 0,04205179
0 0,438021 0,4712526 0,01777628 0,04904997
0 0,4935353 0,5486858 0,03544271 0,06418416
0 0,4300793 0,4488077 0,02861917 0,0475719
1 0,4262002 0,3933302 0,0438523 0,06928325
2 0,8202676 0,5921988 0,1068812 0,08437547
2 0,7350062 0,5533223 0,0777294 0,06023094
2 0,3883127 0,2897157 0,0303632 0,04740882
2 0,3784826 0,2845013 0,03043827 0,04739058
2 0,4355317 0,47378 0,0165123 0,04346645
2 0,4403924 0,47458 0,02022392 0,05979902
3 0,5216126 0,5596511 0,09728643 0,1314887
3 0,5071903 0,541199 0,08431655 0,1114359
3 0,6043726 0,1155083 0,1079496 0,1856731
7 0,4457803 0,5699663 0,08302179 0,3400828
5 0,9481742 0,6065868 0,09813601 0,1403902
5 0,3865041 0,2850627 0,01282066 0,04209334
6 0,5987533 0,1189496 0,03646958 0,07521915
6 0,6214966 0,08527452 0,04134601 0,08556575
6 0,5063955 0,5682269 0,03021401 0,06648678
6 0,4338555 0,4541302 0,02438623 0,05011749
