0 0,6739072 0,1546612 0,03839785 0,06617332
0 0,6710459 0,1879078 0,03701913 0,06479508
0 0,5302932 0,3621922 0,01270193 0,03448552
0 0,5283291 0,3537911 0,01430362 0,04030532
0 0,4918195 0,4054582 0,02645087 0,040905
0 0,4692626 0,3118388 0,02299726 0,0300132
1 0,4632308 0,2653594 0,03479883 0,04568142
2 0,6912704 0,5663965 0,08953172 0,07646009
2 0,664097 0,5102919 0,06644738 0,05198041
2 0,6742768 0,1750517 0,04804134 0,05601364
2 0,6707308 0,1660647 0,04596913 0,05688125
2 0,5280866 0,3558967 0,01343679 0,0354467
2 0,5297545 0,3575813 0,01607871 0,04970086
3 0,4970816 0,4176276 0,0735409 0,07436663
3 0,5032868 0,4058169 0,06534481 0,06522375
7 0,4548834 0,4004411 0,06904012 0,2216857
5 0,7345444 0,6075127 0,06470144 0,1458617
5 0,6943663 0,1682083 0,02449393 0,05496895
6 0,4843544 0,4169179 0,02161288 0,04301137
6 0,4595605 0,3128488 0,01889002 0,0323984
