0 0,3717377 0,06045949 0,04938576 0,1138723
0 0,3598867 0,1026816 0,05270222 0,1171376
0 0,4452412 0,4015369 0,02046472 0,03590792
0 0,4082106 0,3445558 0,01827434 0,03052765
1 0,4045488 0,3091663 0,02774587 0,04418731
2 0,5882782 0,4006501 0,03911662 0,03062409
2 0,5678183 0,3910701 0,03413028 0,02652687
2 0,4432251 0,2295904 0,01445028 0,01197642
2 0,445881 0,225087 0,01531217 0,01275301
2 0,3753944 0,09068167 0,05955976 0,103116
2 0,3555758 0,06857091 0,06406826 0,1097883
3 0,458066 0,4032643 0,05349267 0,06805319
3 0,4536685 0,3971499 0,04935515 0,06240577
7 0,4163983 0,4134855 0,04681107 0,1804
5 0,6112616 0,3934712 0,02270114 0,04957515
5 0,3706289 0,0521428 0,02930784 0,1049215
6 0,4490685 0,4078513 0,01649654 0,03508669
