0 0,4609285 0,2603769 0,01443332 0,02442598
1 0,4610068 0,2351021 0,02145839 0,03416073
2 0,5997244 0,3844653 0,02793604 0,02671814
2 0,5848586 0,362824 0,02543044 0,02351391
3 0,5027909 0,3356663 0,04001176 0,04904252
3 0,497313 0,3233777 0,03762701 0,04551446
3 0,3415031 0,9390264 0,1004186 0,430204
7 0,4698072 0,3280517 0,03543115 0,1481046
5 0,6160685 0,3953687 0,01637191 0,03916991
6 0,3401845 0,9711329 0,04977629 0,1389743
6 0,3463092 0,8726662 0,04339123 0,1172998
6 0,4962375 0,3373011 0,01183683 0,02639097
6 0,4649133 0,270232 0,01121837 0,02397221
