0 0,1500383 0,1193429 0,143836 0,2528208
0 0,504173 0,7504025 0,01471138 0,02948703
0 0,5337616 0,73647 0,01847726 0,03308325
0 0,4704469 0,7209635 0,01705375 0,02524927
0 0,4664646 0,7168698 0,01600736 0,02357697
0 0,4623039 0,6928881 0,01482084 0,02083141
1 0,4609042 0,6632729 0,02086177 0,02715898
2 0,682326 0,8414235 0,04574299 0,03233851
2 0,6509802 0,819348 0,03915787 0,02654278
2 0,4195266 0,5616499 0,01551479 0,01034686
2 0,4206288 0,5563371 0,01653954 0,01129809
2 0,1534078 0,1748465 0,1832698 0,250242
2 0,5034377 0,7406083 0,02075434 0,02218954
2 0,5313743 0,7436873 0,020787 0,03852408
3 0,5760229 0,7454462 0,04333431 0,03828043
3 0,4964386 0,7479973 0,03908503 0,03860922
4 0,4677607 0,7376283 0,03582767 0,113841
5 0,71763 0,8466008 0,03004169 0,05838727
5 0,5243751 0,7354507 0,01268101 0,02157956
