0 0,1758554 0,1403892 0,1318645 0,2399988
0 0,08429077 0,1273972 0,1809832 0,2886657
0 0,4898509 0,7488602 0,0160355 0,02469523
0 0,4601362 0,6913702 0,01426104 0,02001348
1 0,4609042 0,6632729 0,02086177 0,02715898
2 0,607263 0,7903425 0,03059644 0,01952785
2 0,5899514 0,7780002 0,02740234 0,0169643
2 0,4195266 0,5616499 0,01551479 0,01034686
2 0,4206288 0,5563371 0,01653954 0,01129809
2 0,173742 0,1838021 0,1708467 0,2477188
2 0,08741811 0,0721224 0,2251233 0,318208
3 0,5021825 0,7539231 0,04186806 0,04169562
3 0,4964386 0,7479973 0,03908503 0,03860922
7 0,4676683 0,7492905 0,03607568 0,1401169
5 0,6256391 0,789498 0,01748401 0,03803614
6 0,495296 0,7547372 0,01243809 0,02483493
6 0,463954 0,6938561 0,01113001 0,02062452
