0 0,865551 0,4863003 0,03861487 0,05023089
0 0,8543952 0,4552846 0,0355624 0,04851794
0 0,4075511 0,3647573 0,02063975 0,05548131
1 0,344171 0,1892737 0,04224044 0,09025991
2 0,5001571 0,34218 0,02408406 0,02311873
2 0,4720837 0,3359431 0,02363613 0,02365762
2 0,8685377 0,4741259 0,04689944 0,04780871
2 0,8513322 0,4676644 0,04171371 0,04425949
3 0,4409247 0,362253 0,0424054 0,09374011
3 0,4068475 0,3566159 0,03765211 0,09632677
3 0,9269181 0,5839099 0,1033827 0,1077196
7 0,4113978 0,3912752 0,1239393 0,2897305
5 0,8508118 0,4635306 0,02151543 0,03237575
6 0,9293046 0,5863379 0,04712224 0,06347328
6 0,917332 0,5885245 0,04776925 0,06545785
6 0,4430811 0,3699968 0,01611698 0,04790592
6 0,3776971 0,2736288 0,01828003 0,05878633
