0 0,4548245 0,2109148 0,01148576 0,02747339
0 0,4514894 0,2001662 0,01102248 0,02728325
0 0,4335705 0,728861 0,03804851 0,09804367
1 0,5099149 0,6735555 0,07764179 0,175054
2 0,3007937 0,5225574 0,04413003 0,05607933
2 0,2831729 0,5906311 0,05187893 0,06979439
2 0,4550119 0,2028801 0,01438278 0,02493286
2 0,4513066 0,2085887 0,01340124 0,02402067
3 0,4181173 0,6493132 0,08930314 0,1505655
3 0,4159959 0,734785 0,101533 0,1798908
3 0,5348015 0,2637678 0,02487946 0,05225879
7 0,4888575 0,7033803 0,08521688 0,4650033
5 0,3118806 0,4593531 0,02005029 0,05415702
6 0,5339639 0,263068 0,01076168 0,02317858
6 0,5370963 0,2714084 0,01117277 0,02400899
6 0,4336023 0,6438891 0,02462843 0,06819952
