0 0,9796572 0,3737654 0,08142018 0,102563
0 0,9661863 0,3903467 0,07570624 0,09433883
0 0,5428475 0,4171532 0,03138834 0,06827384
1 0,5818 0,2113518 0,04174346 0,06662339
2 0,1871436 0,8820735 0,2180757 0,3120818
2 0,3517984 0,8254851 0,1382405 0,2712146
2 0,9717729 0,3568886 0,09032369 0,1085951
2 0,9639013 0,369065 0,08554697 0,08774143
3 0,5018727 0,4341027 0,05878839 0,1378548
3 0,5473694 0,4257656 0,06952393 0,132896
3 0,1574931 0,3847572 0,08993376 0,06473523
7 0,5290824 0,3884976 0,1136142 0,2692568
5 0,006140887 0,8831666 0,1796281 0,2445139
5 0,9670353 0,3557343 0,04726124 0,05241102
6 0,1523311 0,387913 0,02964222 0,03786784
6 0,1730144 0,3849586 0,02816668 0,03746033
6 0,4988105 0,4246504 0,02036688 0,06293112
6 0,5574511 0,2789804 0,02067834 0,04571474
