0 0,8589595 0,4821432 0,03762889 0,04894394
0 0,8431304 0,4632353 0,03611457 0,05382538
0 0,4517635 0,3353423 0,02664122 0,06118554
0 0,4109838 0,3272823 0,02459976 0,06361866
0 0,354395 0,2683254 0,02935132 0,06571621
1 0,344171 0,1892737 0,04224044 0,09025991
2 0,5724122 0,3566989 0,02487779 0,02162427
2 0,8623928 0,4708626 0,04673642 0,04665524
2 0,8432789 0,4733529 0,04305494 0,06361762
3 0,4183029 0,2987635 0,03292397 0,06333494
3 0,4068475 0,3566159 0,03765211 0,09632677
3 0,9269181 0,5839099 0,1033827 0,1077196
4 0,4116433 0,3682498 0,1239393 0,2445886
5 0,5932704 0,3505934 0,01516241 0,02917379
5 0,8508118 0,4635306 0,02151543 0,03237575
6 0,9293046 0,5863379 0,04712224 0,06347328
6 0,917332 0,5885245 0,04776925 0,06545785
