0 0,07854986 0,03223562 0,07406494 0,1176271
0 0,04146758 0,05512875 0,08361372 0,1276955
0 0,5585993 0,5346735 0,0264926 0,04364806
0 0,4997389 0,4451649 0,02379477 0,03472793
1 0,5052806 0,4041981 0,03511646 0,04703951
2 0,7601742 0,5984427 0,04915106 0,04438487
2 0,7121741 0,5696633 0,04251665 0,03623837
2 0,2987621 0,2445366 0,01629132 0,01049078
2 0,07899889 0,05370468 0,09078003 0,1217175
2 0,04020762 0,03117418 0,1011687 0,1382187
3 0,5870583 0,547289 0,06421602 0,0814029
7 0,5306242 0,5433441 0,08108288 0,2406191
5 0,8165326 0,611561 0,03756833 0,06531268
5 0,02864569 0,01806998 0,05304823 0,09321439
6 0,5792756 0,5511634 0,0212273 0,04350883
6 0,5165053 0,4545288 0,019081 0,03586662
