0 0,3887783 0,2743536 0,02433753 0,05739993
0 0,3787245 0,3003014 0,02627817 0,0621621
0 0,4340148 0,4812782 0,01681325 0,04561499
0 0,4938646 0,5485213 0,03544137 0,06415007
0 0,4300793 0,4488077 0,02861917 0,0475719
1 0,4262002 0,3933302 0,0438523 0,06928325
2 0,8193282 0,5917844 0,1065367 0,08409217
2 0,7344112 0,5530621 0,07753932 0,06007716
2 0,3900927 0,2878172 0,03011578 0,05852479
2 0,3771229 0,285969 0,03203064 0,0639801
2 0,4313074 0,4758229 0,01859483 0,04963112
2 0,4400433 0,4768255 0,01728654 0,0394429
3 0,5215215 0,5595317 0,09610379 0,1303468
3 0,5072234 0,5412365 0,08394945 0,1111364
3 0,6043726 0,1155083 0,1079496 0,1856731
7 0,4457803 0,5699663 0,08302179 0,3400828
5 0,9465616 0,6059999 0,09762418 0,1398778
5 0,3865041 0,2850627 0,01282066 0,04209334
6 0,5987533 0,1189496 0,03646958 0,07521915
6 0,6214966 0,08527452 0,04134601 0,08556575
6 0,5067591 0,5680348 0,03021079 0,06644979
6 0,4338555 0,4541302 0,02438623 0,05011749
