0 0,6781932 0,1551996 0,03838104 0,07195032
0 0,6680236 0,186451 0,0379526 0,07549518
0 0,5261601 0,3619649 0,01361537 0,03712755
0 0,5300381 0,367119 0,01296216 0,03354788
0 0,4920894 0,4054791 0,02644503 0,04091281
0 0,4692626 0,3118388 0,02299726 0,0300132
1 0,4632308 0,2653594 0,03479883 0,04568142
2 0,6909698 0,565791 0,08926237 0,07616675
2 0,6639071 0,5099119 0,06629515 0,05182779
2 0,6792899 0,1729584 0,04744172 0,07130015
2 0,6667486 0,1677215 0,04590553 0,07781273
2 0,5239647 0,3558849 0,01514846 0,04016197
2 0,5284656 0,359118 0,01416749 0,03133875
3 0,497122 0,4175535 0,07276192 0,07385862
3 0,5032758 0,4058425 0,06508958 0,06508797
7 0,4548834 0,4004411 0,06904012 0,2216857
5 0,7340168 0,6065889 0,06440204 0,1452909
5 0,6943663 0,1682083 0,02449393 0,05496895
6 0,4846475 0,4169421 0,02160791 0,04302001
6 0,4595605 0,3128488 0,01889002 0,0323984
