0 0,1044566 0,1927365 0,0628936 0,1012079
0 0,06797126 0,2162122 0,07089743 0,1105485
0 0,5581765 0,5735151 0,02703369 0,03927541
0 0,4995391 0,4821174 0,02419874 0,03122658
1 0,5056318 0,4390863 0,03550723 0,04576123
2 0,7641399 0,6487339 0,05016387 0,03832698
2 0,7144173 0,6223816 0,04323018 0,03084213
2 0,3052745 0,3554558 0,01548386 0,01004356
2 0,1036056 0,2126558 0,07859921 0,1046898
2 0,0683063 0,1940619 0,08656558 0,118673
3 0,5871099 0,5849453 0,06531155 0,06968138
3 0,56613 0,5719752 0,06020743 0,06191742
3 0,206878 0,003130436 0,2081873 0,504644
7 0,529787 0,5754897 0,08380133 0,2321303
5 0,8224419 0,6582853 0,03763193 0,06401351
5 0,0583927 0,1914424 0,04383761 0,07789677
6 0,2121779 0,01390088 0,07834415 0,1797411
6 0,5792199 0,5867956 0,0216741 0,04031703
6 0,5163438 0,4874989 0,01948518 0,03276333
