0 0,452535 0,2117885 0,01140881 0,0272494
0 0,4564591 0,2146347 0,01106867 0,03106278
0 0,4853503 0,5719765 0,0340459 0,08004421
1 0,5099149 0,6735555 0,07764179 0,175054
2 0,3344511 0,3902193 0,03057331 0,03383064
2 0,3249061 0,4268737 0,03424254 0,03951573
2 0,4523123 0,2035705 0,01478207 0,02426797
2 0,4564804 0,2198377 0,01403552 0,03452641
3 0,4159959 0,734785 0,101533 0,1798908
3 0,5348015 0,2637678 0,02487946 0,05225879
4 0,4887255 0,6832265 0,08521688 0,4283008
5 0,3406863 0,3507062 0,0137614 0,0388338
6 0,5339639 0,263068 0,01076168 0,02317858
6 0,5370963 0,2714084 0,01117277 0,02400899
