0 0,3756287 0,05885643 0,04846984 0,1230314
0 0,3569259 0,102213 0,05532321 0,1342781
0 0,4250934 0,3783059 0,01292038 0,03283536
0 0,4454432 0,4014411 0,02046391 0,03589702
0 0,4082106 0,3445558 0,01827434 0,03052765
1 0,4045488 0,3091663 0,02774587 0,04418731
2 0,5880774 0,4005628 0,03906655 0,03058356
2 0,5676579 0,391001 0,03409201 0,02649605
2 0,4432251 0,2295904 0,01445028 0,01197642
2 0,445881 0,225087 0,01531217 0,01275301
2 0,3785982 0,08415264 0,06008306 0,1253677
2 0,353273 0,07425612 0,06729388 0,1405097
3 0,4580404 0,4032267 0,05296725 0,06764084
3 0,45368 0,3971626 0,04916814 0,06227469
7 0,4163983 0,4134855 0,04681107 0,1804
5 0,6110081 0,3933812 0,02266514 0,04951155
5 0,3706289 0,0521428 0,02930784 0,1049215
6 0,449281 0,4077486 0,01649517 0,03507632
