0 0,5528741 0,3618894 0,02436143 0,05366081
0 0,5000774 0,2619581 0,02284431 0,04956627
1 0,5053977 0,235468 0,03423202 0,07137126
2 0,7194781 0,4518915 0,04060131 0,06437361
2 0,6859873 0,401299 0,03675574 0,05585784
2 0,4285991 0,1320543 0,02027345 0,05693191
3 0,5768825 0,3883777 0,05838519 0,106549
3 0,5602118 0,3552578 0,05476689 0,09781909
7 0,527297 0,3836096 0,07295614 0,2579138
5 0,7580705 0,4923862 0,03150052 0,0652256
6 0,5696178 0,3961496 0,01942033 0,04833174
6 0,5156648 0,2944621 0,01797271 0,04598778
