0 0,4559398 0,251605 0,01070824 0,02847636
0 0,4609285 0,2603769 0,01443332 0,02442598
1 0,4610068 0,2351021 0,02145839 0,03416073
2 0,5995833 0,3842651 0,0279119 0,02668685
2 0,5847372 0,362652 0,02541012 0,023489
3 0,502759 0,3355932 0,03956032 0,04858029
3 0,4973269 0,3234053 0,03745753 0,04535276
3 0,3415031 0,9390264 0,1004186 0,430204
7 0,4698072 0,3280517 0,03543115 0,1481046
5 0,6159035 0,3951436 0,01635259 0,03913385
6 0,3401845 0,9711329 0,04977629 0,1389743
6 0,3463092 0,8726662 0,04339123 0,1172998
6 0,4963923 0,3372682 0,01183674 0,02638662
6 0,4649133 0,270232 0,01121837 0,02397221
