0 0,1759022 0,1319345 0,1330529 0,2586436
0 0,08613876 0,1323681 0,1851145 0,3151149
0 0,4900083 0,7488472 0,0160352 0,02469097
0 0,4601362 0,6913702 0,01426104 0,02001348
1 0,4609042 0,6632729 0,02086177 0,02715898
2 0,6070969 0,7902295 0,03056526 0,01950295
2 0,5898123 0,777906 0,02737713 0,01694472
2 0,4195266 0,5616499 0,01551479 0,01034686
2 0,4206288 0,5563371 0,01653954 0,01129809
2 0,1691478 0,1627897 0,1707653 0,2832279
2 0,09516275 0,095029 0,2134631 0,3409378
3 0,502149 0,7538876 0,04139316 0,04146181
3 0,496453 0,7480106 0,03890952 0,03853475
7 0,4676683 0,7492905 0,03607568 0,1401169
5 0,6254421 0,7893757 0,01746047 0,03799546
6 0,4954588 0,7547224 0,01243734 0,0248304
6 0,463954 0,6938561 0,01113001 0,02062452
