0 0,8666766 0,4862654 0,03854197 0,05288944
0 0,8535242 0,4558723 0,03747755 0,05500162
0 0,407535 0,3645708 0,02062079 0,0554257
1 0,344171 0,1892737 0,04224044 0,09025991
2 0,4999181 0,342132 0,02408031 0,02312362
2 0,4718284 0,3358917 0,02363175 0,02366257
2 0,8684359 0,4750352 0,04648995 0,05674493
2 0,8515017 0,4671101 0,04390669 0,05801165
3 0,4407392 0,3622214 0,04133177 0,09330082
3 0,406932 0,3566284 0,03720403 0,09611869
3 0,9269181 0,5839099 0,1033827 0,1077196
7 0,4113978 0,3912752 0,1239393 0,2897305
5 0,8508118 0,4635306 0,02151543 0,03237575
6 0,9293046 0,5863379 0,04712224 0,06347328
6 0,917332 0,5885245 0,04776925 0,06545785
6 0,4430353 0,3698162 0,0161016 0,04786229
6 0,3776971 0,2736288 0,01828003 0,05878633
