0 0,4559414 0,2108046 0,01113224 0,02947247
0 0,4506934 0,200578 0,01137659 0,03166825
0 0,4331582 0,7290093 0,03807762 0,09807278
1 0,5099149 0,6735555 0,07764179 0,175054
2 0,3006576 0,5230929 0,04418826 0,05618051
2 0,2829985 0,5913157 0,05195808 0,06993842
2 0,4561275 0,204064 0,01400462 0,03020799
2 0,450431 0,2076863 0,01393765 0,03221238
3 0,4181049 0,6497408 0,08853456 0,1482326
3 0,415998 0,7345548 0,1010834 0,1784553
3 0,5348015 0,2637678 0,02487946 0,05225879
7 0,4888575 0,7033803 0,08521688 0,4650033
5 0,3117665 0,4597835 0,02007723 0,05422103
6 0,5339639 0,263068 0,01076168 0,02317858
6 0,5370963 0,2714084 0,01117277 0,02400899
6 0,4332448 0,6440053 0,02464676 0,06821588
