0 0,5130479 0,2030091 0,01279628 0,04016292
0 0,5348006 0,3798836 0,02212 0,0423941
0 0,499712 0,2642103 0,01870212 0,03594005
1 0,498033 0,2313168 0,02910551 0,05127168
2 0,7168561 0,5946071 0,06058955 0,06772405
2 0,6888258 0,5165134 0,0502367 0,05318525
2 0,5109774 0,197249 0,01402646 0,0444054
2 0,5176994 0,2064709 0,01330972 0,03567809
3 0,5483083 0,4112493 0,0611155 0,07538104
3 0,5445938 0,3795011 0,05602658 0,06805003
7 0,5016433 0,3787393 0,04229704 0,2346146
5 0,7542527 0,6690924 0,04365903 0,09384048
6 0,5377781 0,4119594 0,0177744 0,04116082
6 0,4997067 0,2877179 0,01480114 0,03592926
