0 0,8880607 0,342556 0,0581187 0,08311391
0 0,8761711 0,3478754 0,05491835 0,08497888
0 0,5488207 0,371985 0,02446598 0,04907143
1 0,5790026 0,2138637 0,03261721 0,05186844
2 0,3590665 0,5850765 0,07715189 0,1046726
2 0,4461618 0,5632448 0,0588662 0,09660861
2 0,8819761 0,3303218 0,06588256 0,09251034
2 0,8736567 0,337406 0,06001186 0,09438729
3 0,5030278 0,395152 0,07563698 0,111556
3 0,5524805 0,3767533 0,05315745 0,09012723
3 0,2241504 0,3585726 0,0686256 0,05226058
7 0,5372496 0,347891 0,08998585 0,1971445
5 0,2713746 0,5719391 0,06301764 0,1099696
5 0,8872309 0,3292185 0,0345214 0,0410676
6 0,2198936 0,3611897 0,02137688 0,03080112
6 0,2368103 0,358882 0,02038333 0,03052652
6 0,5059994 0,3885535 0,0244076 0,05251288
6 0,5597624 0,2673162 0,01646847 0,03561026
