0 0,08767071 0,04241943 0,07033476 0,1578676
0 0,03506085 0,04574776 0,09646207 0,1578543
0 0,5585993 0,5346735 0,0264926 0,04364806
0 0,4997389 0,4451649 0,02379477 0,03472793
1 0,5052806 0,4041981 0,03511646 0,04703951
2 0,7601742 0,5984427 0,04915106 0,04438487
2 0,7121741 0,5696633 0,04251665 0,03623837
2 0,2987621 0,2445366 0,01629132 0,01049078
2 0,07600868 0,04668516 0,077672 0,1981744
2 0,03302217 0,02522218 0,1143402 0,1884261
3 0,6115277 0,5511731 0,08745855 0,09894741
7 0,5306747 0,5370587 0,0810765 0,2266339
5 0,8165326 0,611561 0,03756833 0,06531268
5 0,02864569 0,01806998 0,05304823 0,09321439
6 0,6010024 0,5522 0,02845573 0,04820913
6 0,5165053 0,4545288 0,019081 0,03586662
