0 0,856199 0,3570397 0,05522174 0,08990079
0 0,8429832 0,3696691 0,05227399 0,08963925
0 0,5414674 0,4018856 0,02228421 0,05962652
1 0,5747445 0,2297707 0,03169996 0,06879061
2 0,38649 0,7280516 0,05265343 0,1281529
2 0,4535123 0,7074856 0,04416007 0,1219749
2 0,8522995 0,3437003 0,06293875 0,1013016
2 0,842348 0,3572292 0,05829257 0,09815252
3 0,4994782 0,4473544 0,06711534 0,1541728
3 0,5444118 0,4150631 0,04689026 0,1249259
3 0,226983 0,2873043 0,06698772 0,05998886
7 0,5319772 0,3536997 0,08492297 0,1995229
5 0,3195437 0,7275103 0,04508871 0,09188306
5 0,8533932 0,3595514 0,03259754 0,04409939
6 0,2229329 0,2897061 0,0210017 0,03554875
6 0,2394818 0,2878915 0,02001475 0,03528565
6 0,5022299 0,432234 0,02166978 0,06115639
6 0,5548946 0,2804064 0,01598561 0,04426777
