0 0,4162409 0,1028969 0,01465112 0,05246341
0 0,4054444 0,09737825 0,01832622 0,04928076
0 0,5846342 0,7593712 0,06480461 0,1647483
1 0,799462 0,6431249 0,1603382 0,3087053
2 0,2987671 0,5548056 0,05627862 0,1100321
2 0,294005 0,6710822 0,06730634 0,1481807
2 0,4127137 0,1006208 0,0145874 0,06595254
2 0,4075376 0,1040873 0,02133986 0,05657327
3 0,4896789 0,6297506 0,1499179 0,3349575
3 0,5650495 0,782188 0,1485156 0,3376265
3 0,5251397 0,1445339 0,03403252 0,05929428
7 0,6441839 0,6719494 0,2320009 0,6253904
5 0,2990188 0,4569399 0,02452165 0,08458605
6 0,5235198 0,1442251 0,0127064 0,0280602
6 0,5297021 0,1521429 0,01321948 0,02905983
6 0,5096953 0,6279948 0,04708961 0,1286475
6 0,713161 0,6446872 0,06568658 0,1451762
