0 0,6891461 0,1621041 0,03828204 0,1060671
0 0,665817 0,1810022 0,04267329 0,09420639
0 0,5221966 0,3617631 0,01423407 0,03900409
0 0,5257921 0,363749 0,01332194 0,04043776
0 0,4920894 0,4054791 0,02644503 0,04091281
0 0,4692626 0,3118388 0,02299726 0,0300132
1 0,4632308 0,2653594 0,03479883 0,04568142
2 0,6909698 0,565791 0,08926237 0,07616675
2 0,6639071 0,5099119 0,06629515 0,05182779
2 0,6807881 0,1687627 0,03818703 0,1320333
2 0,6711424 0,1668994 0,05143011 0,1120144
2 0,5200782 0,3561096 0,01649839 0,04409879
2 0,5235746 0,3589798 0,0136475 0,0459426
3 0,5140561 0,4265853 0,08954704 0,09266675
3 0,5032758 0,4058425 0,06508958 0,06508797
7 0,4548173 0,3938206 0,06901336 0,207164
5 0,7340168 0,6065889 0,06440204 0,1452909
5 0,6943663 0,1682083 0,02449393 0,05496895
6 0,5025015 0,4237753 0,02737868 0,04881984
6 0,4595605 0,3128488 0,01889002 0,0323984
