0 0,5528741 0,3618894 0,02436143 0,05366081
0 0,5000774 0,2619581 0,02284431 0,04956627
1 0,5053977 0,235468 0,03423202 0,07137126
2 0,7194781 0,4518915 0,04060131 0,06437361
2 0,6859873 0,401299 0,03675574 0,05585784
2 0,4259407 0,1358743 0,0217934 0,06171751
3 0,5978799 0,3959005 0,07746691 0,1384513
3 0,5602118 0,3552578 0,05476689 0,09781909
7 0,5274176 0,378702 0,07295614 0,2488
5 0,7580705 0,4923862 0,03150052 0,0652256
6 0,5885266 0,3978956 0,02563918 0,05746448
6 0,5156648 0,2944621 0,01797271 0,04598778
