0 0,4526922 0,2496176 0,01111668 0,03426605
0 0,4609285 0,2603769 0,01443332 0,02442598
1 0,4610068 0,2351021 0,02145839 0,03416073
2 0,5995833 0,3842651 0,0279119 0,02668685
2 0,5847372 0,362652 0,02541012 0,023489
3 0,5159406 0,3402795 0,04920676 0,06008053
3 0,4973269 0,3234053 0,03745753 0,04535276
3 0,3415031 0,9390264 0,1004186 0,430204
7 0,469756 0,3241831 0,03539711 0,1402419
5 0,6159035 0,3951436 0,01635259 0,03913385
6 0,3401845 0,9711329 0,04977629 0,1389743
6 0,3463092 0,8726662 0,04339123 0,1172998
6 0,5090837 0,3399191 0,01523352 0,02963507
6 0,4649133 0,270232 0,01121837 0,02397221
