0 0,7313427 0,4391562 0,06282663 0,08539099
0 0,7438452 0,4398485 0,07099086 0,1098996
0 0,5082492 0,3449336 0,0195238 0,04228961
0 0,5375924 0,3406442 0,02093297 0,04149133
0 0,5603073 0,2675456 0,02282786 0,03735077
1 0,5790026 0,2138637 0,03261721 0,05186844
2 0,08552345 0,648758 0,154893 0,1311919
2 0,1920086 0,62225 0,1230319 0,1201836
2 0,7346932 0,4138386 0,08285832 0,07153898
2 0,7375997 0,4430383 0,07234269 0,1385257
3 0,5520931 0,4411594 0,07838267 0,1490939
3 0,5525611 0,3767387 0,05367732 0,09029609
3 0,2241504 0,3585726 0,0686256 0,05226058
7 0,5372471 0,3500722 0,08998585 0,201563
5 0,7483267 0,4312194 0,05803496 0,08045644
6 0,2198936 0,3611897 0,02137688 0,03080112
6 0,2368103 0,358882 0,02038333 0,03052652
