0 0,1853879 0,1339294 0,1332151 0,3513318
0 0,07567963 0,1117302 0,2160727 0,384901
0 0,4900083 0,7488472 0,0160352 0,02469097
0 0,4601362 0,6913702 0,01426104 0,02001348
1 0,4609042 0,6632729 0,02086177 0,02715898
2 0,6070969 0,7902295 0,03056526 0,01950295
2 0,5898123 0,777906 0,02737713 0,01694472
2 0,4195266 0,5616499 0,01551479 0,01034686
2 0,4206288 0,5563371 0,01653954 0,01129809
2 0,1635469 0,1428764 0,1579544 0,4539244
2 0,0714879 0,05517471 0,263936 0,4761834
3 0,5160428 0,7562585 0,05174956 0,04767196
3 0,496453 0,7480106 0,03890952 0,03853475
7 0,4677016 0,7450714 0,03598586 0,1305942
5 0,6254421 0,7893757 0,01746047 0,03799546
6 0,5088196 0,7561074 0,01597732 0,02659245
6 0,463954 0,6938561 0,01113001 0,02062452
