0 0,4497785 0,2028958 0,01282856 0,03891778
0 0,4331582 0,7290093 0,03807762 0,09807278
1 0,5099149 0,6735555 0,07764179 0,175054
2 0,3006576 0,5230929 0,04418826 0,05618051
2 0,2829985 0,5913157 0,05195808 0,06993842
2 0,4510336 0,2086026 0,01507965 0,04465628
3 0,3964327 0,6196203 0,09989506 0,1897777
3 0,415998 0,7345548 0,1010834 0,1784553
3 0,5348015 0,2637678 0,02487946 0,05225879
7 0,4888103 0,6961713 0,08521688 0,4520369
5 0,3117665 0,4597835 0,02007723 0,05422103
6 0,5339639 0,263068 0,01076168 0,02317858
6 0,5370963 0,2714084 0,01117277 0,02400899
6 0,4096538 0,6249219 0,030182 0,08019075
