0 0,5094621 0,2038719 0,01319563 0,04219413
0 0,5348006 0,3798836 0,02212 0,0423941
0 0,499712 0,2642103 0,01870212 0,03594005
1 0,498033 0,2313168 0,02910551 0,05127168
2 0,7168561 0,5946071 0,06058955 0,06772405
2 0,6888258 0,5165134 0,0502367 0,05318525
2 0,5075406 0,1987593 0,01518923 0,04811245
2 0,5128545 0,2064283 0,01249373 0,05030245
3 0,5676714 0,4299826 0,07736546 0,1063012
3 0,5445938 0,3795011 0,05602658 0,06805003
7 0,5016488 0,3732809 0,04229704 0,2239155
5 0,7542527 0,6690924 0,04365903 0,09384048
6 0,5567366 0,4251943 0,02345175 0,04962075
6 0,4997067 0,2877179 0,01480114 0,03592926
