0 0,8239974 0,3214397 0,05892086 0,09726006
0 0,8171065 0,2897888 0,06122935 0,1011632
2 0,2517284 0,05338788 0,05134676 0,04696053
2 0,1804887 0,0314666 0,06675963 0,04964948
2 0,8208236 0,3074741 0,07034546 0,1120731
2 0,8144255 0,3070565 0,06961656 0,1076494
3 0,04182681 0,02679974 0,3482601 0,2220324
3 0,9758247 0,66962 0,2287572 0,3634787
5 0,3067182 0,04774648 0,02948213 0,06507367
5 0,8192189 0,3027021 0,03189445 0,05001765
6 0,9773266 0,6680225 0,115063 0,176437
6 0,9602963 0,6971012 0,1224741 0,1946382
6 0,0002886355 0,02549994 0,127571 0,1181681
