0 0,9417439 0,3654906 0,07699251 0,1043767
0 0,9341611 0,3662966 0,07670224 0,1075096
0 0,5428475 0,4171532 0,03138834 0,06827384
1 0,5818 0,2113518 0,04174346 0,06662339
2 0,1871436 0,8820735 0,2180757 0,3120818
2 0,3517984 0,8254851 0,1382405 0,2712146
2 0,9336596 0,3528026 0,08881408 0,1224473
2 0,9359157 0,3597183 0,08872396 0,1327252
3 0,4402304 0,4869803 0,1510718 0,2014389
3 0,5473694 0,4257656 0,06952393 0,132896
3 0,1574931 0,3847572 0,08993376 0,06473523
4 0,5290394 0,362689 0,1136142 0,2166311
5 0,006140887 0,8831666 0,1796281 0,2445139
5 0,9670353 0,3557343 0,04726124 0,05241102
6 0,1523311 0,387913 0,02964222 0,03786784
6 0,1730144 0,3849586 0,02816668 0,03746033
6 0,4568349 0,4748663 0,04003406 0,08808458
6 0,5574511 0,2789804 0,02067834 0,04571474
