0 0,7926077 0,520353 0,0949868 0,1274994
0 0,8268756 0,5423738 0,1183401 0,1752089
0 0,49232 0,3770981 0,02366102 0,05613142
0 0,5295509 0,3711898 0,02580166 0,05477744
0 0,5581415 0,2792646 0,02869737 0,04823339
1 0,5818 0,2113518 0,04174346 0,06662339
2 0,7977234 0,4860899 0,1259794 0,1132693
2 0,8137941 0,5420344 0,1159934 0,2092811
3 0,5434728 0,5557455 0,1199005 0,2865632
3 0,5474759 0,4257436 0,07022172 0,1331826
3 0,1574931 0,3847572 0,08993376 0,06473523
7 0,5290737 0,3832421 0,1136142 0,2586259
5 0,83676 0,5334522 0,1009632 0,1341469
6 0,1523311 0,387913 0,02964222 0,03786784
6 0,1730144 0,3849586 0,02816668 0,03746033
