0 0,0537124 0,02191108 0,08690819 0,1572474
0 0,02760503 0,03856933 0,09965816 0,1569318
0 0,5585993 0,5346735 0,0264926 0,04364806
0 0,4997389 0,4451649 0,02379477 0,03472793
1 0,5052806 0,4041981 0,03511646 0,04703951
2 0,7601742 0,5984427 0,04915106 0,04438487
2 0,7121741 0,5696633 0,04251665 0,03623837
2 0,2987621 0,2445366 0,01629132 0,01049078
2 0,04306775 0,03005147 0,1106174 0,1750913
2 0,02706125 0,01206982 0,1199809 0,175617
3 0,6428142 0,5590851 0,09994763 0,1111355
4 0,5307873 0,5230739 0,0810622 0,1953501
5 0,8165326 0,611561 0,03756833 0,06531268
5 0,02864569 0,01806998 0,05304823 0,09321439
6 0,630337 0,5560267 0,03147376 0,05073813
6 0,5165053 0,4545288 0,019081 0,03586662
