0 0,8444049 0,3498325 0,05396968 0,09073752
0 0,8357444 0,3545563 0,05316174 0,09222728
0 0,5414674 0,4018856 0,02228421 0,05962652
1 0,5747445 0,2297707 0,03169996 0,06879061
2 0,38649 0,7280516 0,05265343 0,1281529
2 0,4535123 0,7074856 0,04416007 0,1219749
2 0,8399726 0,3386717 0,06233668 0,1079817
2 0,8384349 0,3483188 0,06179351 0,1138593
3 0,4763781 0,4792158 0,0849334 0,1603375
3 0,5444118 0,4150631 0,04689026 0,1249259
3 0,226983 0,2873043 0,06698772 0,05998886
4 0,5322537 0,3412318 0,08492297 0,1755964
5 0,3195437 0,7275103 0,04508871 0,09188306
5 0,8533932 0,3595514 0,03259754 0,04409939
6 0,2229329 0,2897061 0,0210017 0,03554875
6 0,2394818 0,2878915 0,02001475 0,03528565
6 0,4858851 0,4666963 0,02558956 0,06637862
6 0,5548946 0,2804064 0,01598561 0,04426777
