0 0,40951 0,1078631 0,01655257 0,04834497
0 0,4080288 0,09816188 0,0184606 0,04726809
0 0,5846342 0,7593712 0,06480461 0,1647483
1 0,799462 0,6431249 0,1603382 0,3087053
2 0,2987671 0,5548056 0,05627862 0,1100321
2 0,294005 0,6710822 0,06730634 0,1481807
2 0,408125 0,103591 0,02104473 0,05293745
2 0,4102048 0,1070086 0,02143085 0,04933536
3 0,4472354 0,5855825 0,130917 0,3337901
3 0,5650495 0,782188 0,1485156 0,3376265
3 0,5251397 0,1445339 0,03403252 0,05929428
4 0,6470017 0,6514282 0,2301259 0,5931692
5 0,2990188 0,4569399 0,02452165 0,08458605
6 0,5235198 0,1442251 0,0127064 0,0280602
6 0,5297021 0,1521429 0,01321948 0,02905983
6 0,4630194 0,6029592 0,0443415 0,1298248
6 0,713161 0,6446872 0,06568658 0,1451762
