0 0,3822505 0,2764065 0,02625355 0,07603115
0 0,3782911 0,2954392 0,03102735 0,07514495
0 0,4263396 0,4846691 0,01816958 0,05039641
0 0,4309542 0,4829625 0,01830351 0,05163896
0 0,4938646 0,5485213 0,03544137 0,06415007
0 0,4300793 0,4488077 0,02861917 0,0475719
1 0,4262002 0,3933302 0,0438523 0,06928325
2 0,8193282 0,5917844 0,1065367 0,08409217
2 0,7344112 0,5530621 0,07753932 0,06007716
2 0,3797431 0,2848632 0,03446546 0,08326507
2 0,379671 0,2803431 0,03613779 0,07943195
2 0,4242445 0,480348 0,02218965 0,0602873
2 0,429128 0,4807529 0,02185413 0,06379288
3 0,5975426 0,5616257 0,1487477 0,1823145
3 0,5072234 0,5412365 0,08394945 0,1111364
3 0,6043726 0,1155083 0,1079496 0,1856731
4 0,444355 0,5421529 0,08024183 0,2744552
5 0,9465616 0,6059999 0,09762418 0,1398778
5 0,3865041 0,2850627 0,01282066 0,04209334
6 0,5987533 0,1189496 0,03646958 0,07521915
6 0,6214966 0,08527452 0,04134601 0,08556575
6 0,5800152 0,560383 0,04531378 0,08012936
6 0,4338555 0,4541302 0,02438623 0,05011749
