0 0,08164996 0,1857134 0,07204804 0,1347167
0 0,05597696 0,2045632 0,08374157 0,1355978
0 0,5581765 0,5735151 0,02703369 0,03927541
0 0,4995391 0,4821174 0,02419874 0,03122658
1 0,5056318 0,4390863 0,03550723 0,04576123
2 0,7641399 0,6487339 0,05016387 0,03832698
2 0,7144173 0,6223816 0,04323018 0,03084213
2 0,3052745 0,3554558 0,01548386 0,01004356
2 0,07109731 0,1940323 0,09309393 0,1505108
2 0,05721757 0,1819891 0,1013154 0,1495474
3 0,6439015 0,5989819 0,1016679 0,09607279
3 0,56613 0,5719752 0,06020743 0,06191742
3 0,206878 0,003130436 0,2081873 0,504644
4 0,5301384 0,5546036 0,08326358 0,1838964
5 0,8224419 0,6582853 0,03763193 0,06401351
5 0,0583927 0,1914424 0,04383761 0,07789677
6 0,2121779 0,01390088 0,07834415 0,1797411
6 0,6311706 0,5956271 0,03195 0,04649767
6 0,5163438 0,4874989 0,01948518 0,03276333
