0 0,5654734 0,2799175 0,02073759 0,03939897
0 0,5588777 0,1845588 0,01869696 0,03244811
1 0,554543 0,1539626 0,02738416 0,04550213
2 0,6391447 0,4815425 0,04144007 0,07038835
2 0,6482667 0,4323873 0,03747863 0,05897194
3 0,578537 0,3416194 0,06881511 0,1169028
3 0,5729789 0,2834946 0,04958272 0,07113415
3 0,1484315 0,5268549 0,1285443 0,1849095
4 0,5414718 0,251534 0,05356133 0,1521533
5 0,630726 0,5186031 0,0223794 0,07695833
6 0,1396223 0,5388305 0,03631937 0,07415807
6 0,1743262 0,5055827 0,03330015 0,06850311
6 0,5759523 0,3321444 0,02245802 0,04882979
6 0,5486987 0,1968741 0,01444304 0,03114343
