0 0,8564134 0,4777562 0,04099804 0,06403297
0 0,848924 0,456328 0,04215115 0,06514406
0 0,407535 0,3645708 0,02062079 0,0554257
1 0,344171 0,1892737 0,04224044 0,09025991
2 0,4999181 0,342132 0,02408031 0,02312362
2 0,4718284 0,3358917 0,02363175 0,02366257
2 0,8530471 0,4683809 0,04932809 0,07274878
2 0,8479975 0,4676753 0,04888117 0,0688704
3 0,4714907 0,3489463 0,07145146 0,08471513
3 0,406932 0,3566284 0,03720403 0,09611869
3 0,9269181 0,5839099 0,1033827 0,1077196
4 0,4116834 0,3644884 0,1239393 0,2375529
5 0,8508118 0,4635306 0,02151543 0,03237575
6 0,9293046 0,5863379 0,04712224 0,06347328
6 0,917332 0,5885245 0,04776925 0,06545785
6 0,4648633 0,3511626 0,02336136 0,04363543
6 0,3776971 0,2736288 0,01828003 0,05878633
