0 0,4531462 0,2115357 0,01128227 0,03865463
0 0,4511856 0,2041427 0,01314992 0,03719002
0 0,4331582 0,7290093 0,03807762 0,09807278
1 0,5099149 0,6735555 0,07764179 0,175054
2 0,3006576 0,5230929 0,04418826 0,05618051
2 0,2829985 0,5913157 0,05195808 0,06993842
2 0,4518228 0,2081203 0,01484135 0,04188263
2 0,4525484 0,2115199 0,01533458 0,03885955
3 0,3777005 0,5794836 0,08969587 0,1956344
3 0,415998 0,7345548 0,1010834 0,1784553
3 0,5348015 0,2637678 0,02487946 0,05225879
4 0,4887038 0,6799091 0,08521688 0,4221227
5 0,3117665 0,4597835 0,02007723 0,05422103
6 0,5339639 0,263068 0,01076168 0,02317858
6 0,5370963 0,2714084 0,01117277 0,02400899
6 0,3845338 0,5949854 0,03031737 0,08048958
