0 0,5061225 0,204964 0,0134353 0,0436601
0 0,5096772 0,2084483 0,01355994 0,04473102
0 0,5348006 0,3798836 0,02212 0,0423941
0 0,499712 0,2642103 0,01870212 0,03594005
1 0,498033 0,2313168 0,02910551 0,05127168
2 0,7168561 0,5946071 0,06058955 0,06772405
2 0,6888258 0,5165134 0,0502367 0,05318525
2 0,5044904 0,2009191 0,01659945 0,05164355
2 0,508365 0,2048669 0,01616561 0,0547629
3 0,5907528 0,4592367 0,08232445 0,1371536
3 0,5445938 0,3795011 0,05602658 0,06805003
4 0,5016612 0,3610546 0,04229704 0,199656
5 0,7542527 0,6690924 0,04365903 0,09384048
6 0,5814965 0,4474189 0,02604187 0,05673182
6 0,4997067 0,2877179 0,01480114 0,03592926
