0 0,8187842 0,3132907 0,0517211 0,09644216
0 0,8056414 0,3272431 0,05387068 0,08334637
2 0,2517284 0,05338788 0,05134676 0,04696053
2 0,1804887 0,0314666 0,06675963 0,04964948
2 0,8157478 0,3057944 0,0660457 0,124769
2 0,8079661 0,3063965 0,06144696 0,0751195
3 0,1168847 0,0366962 0,2316782 0,1809765
3 0,9758247 0,66962 0,2287572 0,3634787
5 0,3067182 0,04774648 0,02948213 0,06507367
5 0,8192189 0,3027021 0,03189445 0,05001765
6 0,9773266 0,6680225 0,115063 0,176437
6 0,9602963 0,6971012 0,1224741 0,1946382
6 0,08383128 0,0302512 0,08244041 0,09785539
