0 0,9205137 0,3638811 0,07230836 0,1026996
0 0,9423547 0,351849 0,07331377 0,103869
0 0,5391114 0,4270328 0,04045266 0,07653344
1 0,5818 0,2113518 0,04174346 0,06662339
2 0,1871436 0,8820735 0,2180757 0,3120818
2 0,3517984 0,8254851 0,1382405 0,2712146
2 0,9142236 0,3534365 0,08795679 0,1265305
2 0,9512759 0,3587721 0,0906806 0,1342181
3 0,3959334 0,5086941 0,1485584 0,1818879
3 0,5399041 0,4370525 0,09242886 0,1524798
3 0,1574931 0,3847572 0,08993376 0,06473523
4 0,5290213 0,3518038 0,1136142 0,1941162
5 0,006140887 0,8831666 0,1796281 0,2445139
5 0,9670353 0,3557343 0,04726124 0,05241102
6 0,1523311 0,387913 0,02964222 0,03786784
6 0,1730144 0,3849586 0,02816668 0,03746033
6 0,4187001 0,5016568 0,0412114 0,08936396
6 0,5574511 0,2789804 0,02067834 0,04571474
