0 0,04114205 0,01949388 0,07507148 0,1550468
0 0,5691079 0,5346901 0,03154898 0,04665807
0 0,4997389 0,4451649 0,02379477 0,03472793
1 0,5052806 0,4041981 0,03511646 0,04703951
2 0,7601742 0,5984427 0,04915106 0,04438487
2 0,7121741 0,5696633 0,04251665 0,03623837
2 0,2987621 0,2445366 0,01629132 0,01049078
2 0,03169689 0,0198037 0,09909153 0,1869142
3 0,6696199 0,570267 0,09055805 0,1090935
4 0,5308559 0,5145817 0,08105353 0,1762395
5 0,8165326 0,611561 0,03756833 0,06531268
5 0,02864569 0,01806998 0,05304823 0,09321439
6 0,6572971 0,5637679 0,02752584 0,04965192
6 0,5165053 0,4545288 0,019081 0,03586662
