0 0,8297715 0,3454866 0,05157131 0,08910221
0 0,8439786 0,3425297 0,05128664 0,08987415
0 0,5387486 0,4151963 0,02805078 0,06665951
1 0,5747445 0,2297707 0,03169996 0,06879061
2 0,38649 0,7280516 0,05265343 0,1281529
2 0,4535123 0,7074856 0,04416007 0,1219749
2 0,8259105 0,3369608 0,06170452 0,1122844
2 0,8496156 0,3490006 0,06192148 0,1161347
3 0,4510719 0,4987636 0,08199477 0,1302457
3 0,5391706 0,429314 0,06115294 0,1402876
3 0,226983 0,2873043 0,06698772 0,05998886
4 0,532423 0,3335979 0,08492297 0,1607475
5 0,3195437 0,7275103 0,04508871 0,09188306
5 0,8533932 0,3595514 0,03259754 0,04409939
6 0,2229329 0,2897061 0,0210017 0,03554875
6 0,2394818 0,2878915 0,02001475 0,03528565
6 0,4643347 0,493184 0,02310053 0,06089261
6 0,5548946 0,2804064 0,01598561 0,04426777
