0 0,4084612 0,1071501 0,01420471 0,04842049
0 0,4128186 0,1203023 0,01710859 0,03725344
0 0,5601278 0,755958 0,07350945 0,1904086
1 0,799462 0,6431249 0,1603382 0,3087053
2 0,2987671 0,5548056 0,05627862 0,1100321
2 0,294005 0,6710822 0,06730634 0,1481807
2 0,408308 0,1056124 0,01963064 0,05790228
2 0,4109037 0,1102291 0,02036482 0,03291535
3 0,4243134 0,5382938 0,08387125 0,2598811
3 0,5377458 0,7669746 0,1690474 0,3978735
3 0,5251397 0,1445339 0,03403252 0,05929428
4 0,6487586 0,6386358 0,2289354 0,572242
5 0,2990188 0,4569399 0,02452165 0,08458605
6 0,5235198 0,1442251 0,0127064 0,0280602
6 0,5297021 0,1521429 0,01321948 0,02905983
6 0,4315304 0,5648926 0,03161854 0,1063757
6 0,713161 0,6446872 0,06568658 0,1451762
