0 0,8303918 0,7237535 0,1117559 0,1696184
0 0,5275396 0,2619089 0,02984214 0,09312415
0 0,5685028 0,2573155 0,03321487 0,09133792
0 0,6097739 0,164284 0,03995782 0,09471297
1 0,6462398 0,0846771 0,06229281 0,1365861
3 0,5929533 0,7595385 0,1186116 0,4127734
3 0,5891475 0,4062517 0,08193713 0,2415104
3 0,102695 0,05858105 0,1176237 0,09854412
7 0,5672058 0,2725999 0,1427649 0,3113004
5 0,8398235 0,73857 0,08885813 0,1517965
6 0,0967278 0,06182867 0,0404612 0,06078762
6 0,1229583 0,06123221 0,03808898 0,060206
