0 0,6725585 0,1593857 0,03418213 0,09791559
0 0,6873875 0,1310119 0,0460965 0,08051765
0 0,5147934 0,361912 0,01445842 0,04133373
0 0,5197639 0,3550337 0,01385969 0,04035985
0 0,5012369 0,408166 0,03063443 0,04393017
0 0,4692626 0,3118388 0,02299726 0,0300132
1 0,4632308 0,2653594 0,03479883 0,04568142
2 0,6909698 0,565791 0,08926237 0,07616675
2 0,6639071 0,5099119 0,06629515 0,05182779
2 0,6733018 0,1636442 0,0461576 0,1172614
2 0,6826904 0,1548041 0,05500114 0,06574082
2 0,5136055 0,3576433 0,01918763 0,05093896
2 0,5213268 0,3574797 0,01773369 0,05094516
3 0,5432304 0,4564191 0,06475693 0,1270275
3 0,5121084 0,4094005 0,07386327 0,07261711
4 0,4545803 0,3700992 0,06891704 0,1546097
5 0,7340168 0,6065889 0,06440204 0,1452909
5 0,6943663 0,1682083 0,02449393 0,05496895
6 0,5414916 0,4487483 0,02125788 0,0598554
6 0,4595605 0,3128488 0,01889002 0,0323984
