0 0,06995735 0,1849017 0,06081909 0,1340885
0 0,04772958 0,1437657 0,08455339 0,1224259
0 0,5688337 0,5746633 0,03212368 0,04147866
0 0,4995391 0,4821174 0,02419874 0,03122658
1 0,5056318 0,4390863 0,03550723 0,04576123
2 0,7641399 0,6487339 0,05016387 0,03832698
2 0,7144173 0,6223816 0,04323018 0,03084213
2 0,3052745 0,3554558 0,01548386 0,01004356
2 0,06104943 0,1867383 0,08120704 0,1635215
2 0,04368007 0,1701552 0,1079458 0,1125212
3 0,6713698 0,6095001 0,09229589 0,09792131
3 0,5779918 0,5740692 0,07174367 0,06809065
3 0,206878 0,003130436 0,2081873 0,504644
4 0,530285 0,5458856 0,08303878 0,1637045
5 0,8224419 0,6582853 0,03763193 0,06401351
5 0,0583927 0,1914424 0,04383761 0,07789677
6 0,2121779 0,01390088 0,07834415 0,1797411
6 0,6587068 0,6038127 0,02787924 0,04667178
6 0,5163438 0,4874989 0,01948518 0,03276333
