0 0,5707741 0,2863788 0,02450323 0,04397178
0 0,5588777 0,1845588 0,01869696 0,03244811
1 0,554543 0,1539626 0,02738416 0,04550213
2 0,6391447 0,4815425 0,04144007 0,07038835
2 0,6482667 0,4323873 0,03747863 0,05897194
3 0,578638 0,3628804 0,0531739 0,1125307
3 0,5776666 0,291338 0,05767429 0,08223802
3 0,1484315 0,5268549 0,1285443 0,1849095
4 0,5416346 0,2454001 0,05343473 0,1397302
5 0,630726 0,5186031 0,0223794 0,07695833
6 0,1396223 0,5388305 0,03631937 0,07415807
6 0,1743262 0,5055827 0,03330015 0,06850311
6 0,5806826 0,3532623 0,01830733 0,04785675
6 0,5486987 0,1968741 0,01444304 0,03114343
