0 0,4609285 0,2603769 0,01443332 0,02442598
1 0,4610068 0,2351021 0,02145839 0,03416073
2 0,5995833 0,3842651 0,0279119 0,02668685
2 0,5847372 0,362652 0,02541012 0,023489
3 0,5418538 0,3571034 0,0393244 0,0671044
3 0,3415031 0,9390264 0,1004186 0,430204
4 0,4695721 0,3103099 0,03527349 0,1117689
5 0,6159035 0,3951436 0,01635259 0,03913385
6 0,3401845 0,9711329 0,04977629 0,1389743
6 0,3463092 0,8726662 0,04339123 0,1172998
6 0,5378751 0,3521962 0,01304561 0,03080332
6 0,4649133 0,270232 0,01121837 0,02397221
