0 0,06704295 0,0281592 0,0750798 0,09921706
0 0,03201762 0,03077269 0,09111804 0,1377506
0 0,537279 0,5066783 0,0235976 0,04234773
0 0,5633711 0,4927549 0,02299011 0,04657093
0 0,5161892 0,454634 0,02623361 0,03864235
0 0,4996277 0,4451833 0,02379891 0,0347361
1 0,5052806 0,4041981 0,03511646 0,04703951
2 0,9830979 0,7284865 0,08397126 0,0923598
2 0,8793726 0,6668645 0,0669558 0,06768945
2 0,2987621 0,2445366 0,01629132 0,01049078
2 0,07152095 0,05664384 0,09568876 0,08458596
2 0,03008392 0,002803028 0,1116518 0,1467364
2 0,5364497 0,4938238 0,03191483 0,03430328
2 0,5591438 0,4974779 0,02344322 0,06344759
7 0,5306576 0,539201 0,08107862 0,2314059
5 0,02864569 0,01806998 0,05304823 0,09321439
5 0,5663138 0,486949 0,01865244 0,0314616
