0 0,0951055 0,05865175 0,162566 0,3620191
0 0,4968127 0,7493564 0,01869959 0,02580725
0 0,4601362 0,6913702 0,01426104 0,02001348
1 0,4609042 0,6632729 0,02086177 0,02715898
2 0,6070969 0,7902295 0,03056526 0,01950295
2 0,5898123 0,777906 0,02737713 0,01694472
2 0,4195266 0,5616499 0,01551479 0,01034686
2 0,4206288 0,5563371 0,01653954 0,01129809
2 0,06682158 0,03509599 0,2211322 0,4345127
3 0,5437789 0,7647029 0,0419907 0,05344535
3 0,5035366 0,7489613 0,04452625 0,04144815
4 0,4678201 0,730128 0,0356687 0,09701927
5 0,6254421 0,7893757 0,01746047 0,03799546
6 0,5394281 0,7623343 0,01368332 0,02811684
6 0,463954 0,6938561 0,01113001 0,02062452
