0 0,8519074 0,472358 0,03492522 0,06382701
0 0,8426704 0,4809908 0,03819615 0,05320629
0 0,413115 0,35883 0,02554366 0,05584103
1 0,344171 0,1892737 0,04224044 0,09025991
2 0,4999181 0,342132 0,02408031 0,02312362
2 0,4718284 0,3358917 0,02363175 0,02366257
2 0,8490564 0,4672264 0,04469043 0,08147252
2 0,8430741 0,4671289 0,04476964 0,04694408
3 0,4880549 0,3482167 0,06178644 0,06989545
3 0,4149656 0,3519785 0,05043411 0,09702748
3 0,9269181 0,5839099 0,1033827 0,1077196
4 0,4118038 0,3531659 0,1239393 0,2162549
5 0,8508118 0,4635306 0,02151543 0,03237575
6 0,9293046 0,5863379 0,04712224 0,06347328
6 0,917332 0,5885245 0,04776925 0,06545785
6 0,479221 0,3475002 0,01936248 0,03808248
6 0,3776971 0,2736288 0,01828003 0,05878633
