0 0,8129278 0,3497835 0,05260777 0,08371365
0 0,8556118 0,3438056 0,05296129 0,09048688
0 0,5268734 0,4559816 0,03765148 0,07917482
1 0,5747445 0,2297707 0,03169996 0,06879061
2 0,38649 0,7280516 0,05265343 0,1281529
2 0,4535123 0,7074856 0,04416007 0,1219749
2 0,8109844 0,335412 0,06278956 0,08981091
2 0,861304 0,3506207 0,06396323 0,1163611
3 0,4312018 0,4847063 0,08864579 0,1529815
3 0,5194978 0,4687305 0,0868693 0,1607467
3 0,226983 0,2873043 0,06698772 0,05998886
4 0,532423 0,3335979 0,08492297 0,1607475
5 0,3195437 0,7275103 0,04508871 0,09188306
5 0,8533932 0,3595514 0,03259754 0,04409939
6 0,2229329 0,2897061 0,0210017 0,03554875
6 0,2394818 0,2878915 0,02001475 0,03528565
6 0,4434556 0,4896625 0,02613655 0,06804827
6 0,5548946 0,2804064 0,01598561 0,04426777
