0 0,4098537 0,1101909 0,01484296 0,04970658
0 0,4062115 0,1072031 0,01906678 0,05261219
0 0,4923884 0,7324319 0,07628489 0,2159886
1 0,799462 0,6431249 0,1603382 0,3087053
2 0,2987671 0,5548056 0,05627862 0,1100321
2 0,294005 0,6710822 0,06730634 0,1481807
2 0,4100502 0,108584 0,02006701 0,05970234
2 0,4060637 0,1107606 0,02466995 0,06491977
3 0,4336584 0,4892129 0,102249 0,2532033
3 0,4719979 0,7119213 0,1665992 0,4485331
3 0,5251397 0,1445339 0,03403252 0,05929428
4 0,6487586 0,6386358 0,2289354 0,572242
5 0,2990188 0,4569399 0,02452165 0,08458605
6 0,5235198 0,1442251 0,0127064 0,0280602
6 0,5297021 0,1521429 0,01321948 0,02905983
6 0,4314499 0,5166203 0,036401 0,1053466
6 0,713161 0,6446872 0,06568658 0,1451762
