0 0,6776643 0,1536701 0,03705442 0,1036659
0 0,6715279 0,1645694 0,04735613 0,1086822
0 0,5122694 0,3662902 0,01506847 0,03966111
0 0,5219682 0,3540385 0,01369071 0,03976345
0 0,5277078 0,4174477 0,03429383 0,05144536
0 0,4692626 0,3118388 0,02299726 0,0300132
1 0,4632308 0,2653594 0,03479883 0,04568142
2 0,6909698 0,565791 0,08926237 0,07616675
2 0,6639071 0,5099119 0,06629515 0,05182779
2 0,6793698 0,1579559 0,04898763 0,1249918
2 0,669989 0,1560228 0,05910355 0,1341841
2 0,5098715 0,35978 0,01742488 0,04246557
2 0,5235445 0,3565713 0,01743543 0,05000663
3 0,5248325 0,4677554 0,1003552 0,1479382
3 0,5354512 0,4211525 0,08170423 0,09275043
4 0,4545803 0,3700992 0,06891704 0,1546097
5 0,7340168 0,6065889 0,06440204 0,1452909
5 0,6943663 0,1682083 0,02449393 0,05496895
6 0,5330647 0,4604627 0,03014529 0,06799167
6 0,4595605 0,3128488 0,01889002 0,0323984
