0 0,3886872 0,09054965 0,01676548 0,04722214
0 0,4640785 0,2073061 0,02702427 0,05042589
0 0,3914855 0,1090668 0,02021405 0,03655881
1 0,3878646 0,07363743 0,03080758 0,05204034
2 0,5710242 0,2875019 0,03644496 0,04380774
2 0,553341 0,2521575 0,03268266 0,03761208
3 0,4898143 0,2695088 0,06630033 0,121896
3 0,4714753 0,2105452 0,06136507 0,09557474
4 0,3999169 0,1836702 0,04698783 0,1669472
5 0,5911782 0,3097935 0,02167279 0,05856586
6 0,490536 0,2592359 0,02115083 0,05158848
6 0,3934938 0,125297 0,01626024 0,03590304
