0 0,05906087 0,1743205 0,06634 0,1431893
0 0,02281347 0,1741692 0,09605798 0,1629654
0 0,5997767 0,5791255 0,03907257 0,04533949
0 0,4995391 0,4821174 0,02419874 0,03122658
1 0,5056318 0,4390863 0,03550723 0,04576123
2 0,7641399 0,6487339 0,05016387 0,03832698
2 0,7144173 0,6223816 0,04323018 0,03084213
2 0,3052745 0,3554558 0,01548386 0,01004356
2 0,05078712 0,1764107 0,08618748 0,1747689
2 0,03099117 0,166665 0,1139537 0,1987643
3 0,6832604 0,6219566 0,1164289 0,1160368
3 0,6108749 0,5812966 0,08953768 0,08114347
3 0,206878 0,003130436 0,2081873 0,504644
4 0,530285 0,5458856 0,08303878 0,1637045
5 0,8224419 0,6582853 0,03763193 0,06401351
5 0,0583927 0,1914424 0,04383761 0,07789677
6 0,2121779 0,01390088 0,07834415 0,1797411
6 0,6741472 0,6146845 0,03538275 0,05270371
6 0,5163438 0,4874989 0,01948518 0,03276333
