0 0,3554816 0,04147565 0,05613369 0,1826388
0 0,3360378 0,0514673 0,07995033 0,2040136
0 0,4096905 0,3852845 0,01474926 0,03959954
0 0,4151406 0,3712261 0,01407629 0,03926575
0 0,476805 0,392548 0,02703634 0,04022408
0 0,4082106 0,3445558 0,01827434 0,03052765
1 0,4045488 0,3091663 0,02774587 0,04418731
2 0,5880774 0,4005628 0,03906655 0,03058356
2 0,5676579 0,391001 0,03409201 0,02649605
2 0,4432251 0,2295904 0,01445028 0,01197642
2 0,445881 0,225087 0,01531217 0,01275301
2 0,3538123 0,04416978 0,07958588 0,2182772
2 0,3371899 0,0412941 0,1016431 0,2424772
2 0,4070168 0,3806675 0,01643661 0,04284823
2 0,4163505 0,3728915 0,01810426 0,04957628
3 0,5026758 0,4078086 0,06921709 0,08859301
3 0,4840125 0,3909541 0,06130365 0,07219189
4 0,4147722 0,3903316 0,04367301 0,1305556
5 0,6110081 0,3933812 0,02266514 0,04951155
5 0,3706289 0,0521428 0,02930784 0,1049215
6 0,5032947 0,403484 0,02270165 0,04249287
