0 0,8477907 0,4722193 0,03585857 0,06586656
0 0,8359841 0,4566818 0,04211974 0,06979001
0 0,4295765 0,3460079 0,03138614 0,05208641
1 0,344171 0,1892737 0,04224044 0,09025991
2 0,4999181 0,342132 0,02408031 0,02312362
2 0,4718284 0,3358917 0,02363175 0,02366257
2 0,8454565 0,4674096 0,04523987 0,08421671
2 0,8375548 0,4634126 0,05276883 0,0906944
3 0,4367821 0,3430381 0,06974787 0,089688
3 0,9269181 0,5839099 0,1033827 0,1077196
4 0,4118038 0,3531659 0,1239393 0,2162549
5 0,8508118 0,4635306 0,02151543 0,03237575
6 0,9293046 0,5863379 0,04712224 0,06347328
6 0,917332 0,5885245 0,04776925 0,06545785
6 0,3776971 0,2736288 0,01828003 0,05878633
