0 0,4523512 0,2139366 0,01023614 0,03949499
0 0,4485739 0,2115922 0,0134306 0,04134244
0 0,3801365 0,6812511 0,04932663 0,1227304
1 0,5099149 0,6735555 0,07764179 0,175054
2 0,3006576 0,5230929 0,04418826 0,05618051
2 0,2829985 0,5913157 0,05195808 0,06993842
2 0,4521628 0,212868 0,01470393 0,04672927
2 0,4487325 0,214219 0,01804468 0,05055368
3 0,3863806 0,5135474 0,07029176 0,1593673
3 0,3711884 0,6627028 0,1104172 0,2425467
3 0,5348015 0,2637678 0,02487946 0,05225879
4 0,4886381 0,6698811 0,08521688 0,4032044
5 0,3117665 0,4597835 0,02007723 0,05422103
6 0,5339639 0,263068 0,01076168 0,02317858
6 0,5370963 0,2714084 0,01117277 0,02400899
6 0,3800579 0,5310549 0,02577007 0,06765306
