0 0,3822813 0,274806 0,02497134 0,04616946
0 0,385711 0,2910415 0,02689648 0,06381077
0 0,5171276 0,513546 0,02725965 0,0537307
0 0,5480829 0,4878195 0,02762908 0,05933571
0 0,4474511 0,5750981 0,04117414 0,08033168
0 0,4417531 0,5535765 0,03567827 0,06801373
0 0,4337754 0,4543989 0,03268048 0,05461937
0 0,4299141 0,4488705 0,0286192 0,04758352
1 0,4262002 0,3933302 0,0438523 0,06928325
2 0,3835927 0,2909427 0,03085619 0,03510016
2 0,3839992 0,274883 0,0327929 0,06310821
2 0,5156689 0,4977943 0,03662807 0,04430056
2 0,5426406 0,4952304 0,02706975 0,07960051
3 0,6158217 0,5060266 0,08974707 0,1063738
3 0,5071903 0,541199 0,08431655 0,1114359
3 0,6043726 0,1155083 0,1079496 0,1856731
7 0,445489 0,5642835 0,0824565 0,3267441
5 0,3865041 0,2850627 0,01282066 0,04209334
5 0,5516697 0,479408 0,02354592 0,04120773
6 0,5987533 0,1189496 0,03646958 0,07521915
6 0,6214966 0,08527452 0,04134601 0,08556575
