0 0,5095656 0,1969885 0,01278526 0,04276764
0 0,5716852 0,4035295 0,03207582 0,0581345
0 0,499712 0,2642103 0,01870212 0,03594005
1 0,498033 0,2313168 0,02910551 0,05127168
2 0,7168561 0,5946071 0,06058955 0,06772405
2 0,6888258 0,5165134 0,0502367 0,05318525
2 0,5000413 0,2098526 0,01497516 0,04919666
2 0,5107516 0,1984687 0,01665491 0,05226326
3 0,5999709 0,5188304 0,08860213 0,167437
3 0,5803922 0,4121459 0,074826 0,11392
4 0,5016688 0,3535751 0,04229704 0,18461
5 0,7542527 0,6690924 0,04365903 0,09384048
6 0,6015058 0,5015094 0,02917904 0,06551844
6 0,4997067 0,2877179 0,01480114 0,03592926
