0 0,8256813 0,3349835 0,04812878 0,07351941
0 0,8993264 0,3264225 0,05689073 0,08432937
0 0,512053 0,4146956 0,04183006 0,06797564
1 0,5790026 0,2138637 0,03261721 0,05186844
2 0,3590665 0,5850765 0,07715189 0,1046726
2 0,4461618 0,5632448 0,0588662 0,09660861
2 0,8221803 0,3304291 0,05135536 0,09242845
2 0,9066606 0,3325213 0,06916392 0,1079333
3 0,4093071 0,4127988 0,09229246 0,1233718
3 0,4981641 0,4190965 0,1005475 0,1206669
3 0,2241504 0,3585726 0,0686256 0,05226058
4 0,5372754 0,3249264 0,08998585 0,1501814
5 0,2713746 0,5719391 0,06301764 0,1099696
5 0,8872309 0,3292185 0,0345214 0,0410676
6 0,2198936 0,3611897 0,02137688 0,03080112
6 0,2368103 0,358882 0,02038333 0,03052652
6 0,4168024 0,4180826 0,03072816 0,06230211
6 0,5592378 0,267377 0,01644236 0,03562129
