0 0,880514 0,3587911 0,0628655 0,09047747
0 0,9757093 0,3502282 0,07911676 0,1055548
0 0,4884242 0,4948353 0,05728838 0,1073242
1 0,5818 0,2113518 0,04174346 0,06662339
2 0,1871436 0,8820735 0,2180757 0,3120818
2 0,3517984 0,8254851 0,1382405 0,2712146
2 0,8752172 0,3528227 0,06607306 0,1125888
2 0,9851298 0,357862 0,09785658 0,1353976
3 0,3482205 0,4855187 0,1582846 0,2015724
3 0,4678617 0,5034673 0,1541629 0,2005837
3 0,1574931 0,3847572 0,08993376 0,06473523
4 0,5290213 0,3518038 0,1136142 0,1941162
5 0,006140887 0,8831666 0,1796281 0,2445139
5 0,9670353 0,3557343 0,04726124 0,05241102
6 0,1523311 0,387913 0,02964222 0,03786784
6 0,1730144 0,3849586 0,02816668 0,03746033
6 0,3559087 0,4962763 0,05252993 0,09616175
6 0,5567868 0,2790607 0,02063656 0,04573262
