0 0,01644281 0,03000498 0,1053874 0,1796811
0 0,6285074 0,5419624 0,03638953 0,05098867
0 0,4999942 0,4453119 0,02383152 0,03478783
1 0,5052806 0,4041981 0,03511646 0,04703951
2 0,7601742 0,5984427 0,04915106 0,04438487
2 0,7121741 0,5696633 0,04251665 0,03623837
2 0,2987621 0,2445366 0,01629132 0,01049078
2 0,02007031 0,01216674 0,1189674 0,214275
3 0,6885372 0,6036399 0,1221108 0,1469674
3 0,6394328 0,5462955 0,08566672 0,09678739
4 0,5308559 0,5145817 0,08105353 0,1762395
5 0,8165326 0,611561 0,03756833 0,06531268
5 0,02864569 0,01806998 0,05304823 0,09321439
6 0,6864874 0,5938379 0,03860646 0,06294549
6 0,516786 0,45469 0,01911217 0,03592688
