0 0,8023296 0,3348981 0,04750329 0,07712406
0 0,8675021 0,345377 0,05465126 0,09111786
0 0,5070802 0,4924181 0,03620347 0,07862741
1 0,5747445 0,2297707 0,03169996 0,06879061
2 0,38649 0,7280516 0,05265343 0,1281529
2 0,4535123 0,7074856 0,04416007 0,1219749
2 0,8000969 0,3273433 0,05278587 0,09221756
2 0,8732538 0,352499 0,06602919 0,1166804
3 0,416366 0,4676247 0,0779824 0,1657504
3 0,4949762 0,5002128 0,08694059 0,1484387
3 0,226983 0,2873043 0,06698772 0,05998886
4 0,532423 0,3335979 0,08492297 0,1607475
5 0,3195437 0,7275103 0,04508871 0,09188306
5 0,8533932 0,3595514 0,03259754 0,04409939
6 0,2229329 0,2897061 0,0210017 0,03554875
6 0,2394818 0,2878915 0,02001475 0,03528565
6 0,4234944 0,4807416 0,02590141 0,07098201
6 0,554395 0,280467 0,01596087 0,04427898
