0 0,3812546 0,2686906 0,0289652 0,08804226
0 0,3729197 0,2931853 0,03142735 0,08546722
0 0,4171695 0,4915086 0,01492333 0,0502004
0 0,4311282 0,4727063 0,01682478 0,04782689
0 0,5896718 0,5376676 0,0508337 0,07684234
0 0,4301347 0,4488912 0,02867961 0,04767627
1 0,4262002 0,3933302 0,0438523 0,06928325
2 0,8193282 0,5917844 0,1065367 0,08409217
2 0,7344112 0,5530621 0,07753932 0,06007716
2 0,3761651 0,277012 0,02989417 0,1069369
2 0,3761018 0,2821426 0,03411978 0,1002364
2 0,4325353 0,4747497 0,02137277 0,05989227
3 0,6400379 0,6336843 0,2237279 0,3030578
3 0,6030551 0,541094 0,1211032 0,1481297
3 0,6043726 0,1155083 0,1079496 0,1856731
4 0,4437576 0,5304929 0,07906625 0,2466837
5 0,9465616 0,6059999 0,09762418 0,1398778
5 0,3865041 0,2850627 0,01282066 0,04209334
6 0,5987533 0,1189496 0,03646958 0,07521915
6 0,6214966 0,08527452 0,04134601 0,08556575
6 0,6452134 0,6135148 0,06724519 0,1171748
6 0,4339214 0,4542289 0,02444035 0,05023146
