0 0,6857137 0,1454887 0,04839045 0,1152593
0 0,6661465 0,175995 0,04423648 0,1059464
0 0,506915 0,3622064 0,01245975 0,03992724
0 0,5242195 0,3531064 0,01351458 0,03917682
0 0,5493827 0,4292027 0,02985185 0,05663705
0 0,4691161 0,3118583 0,02304068 0,03006339
1 0,4632308 0,2653594 0,03479883 0,04568142
2 0,6909698 0,565791 0,08926237 0,07616675
2 0,6639071 0,5099119 0,06629515 0,05182779
2 0,6766652 0,155582 0,04933363 0,1389941
2 0,6734449 0,162361 0,0510031 0,1273583
2 0,5042397 0,360278 0,01158684 0,05183786
2 0,5258012 0,3557063 0,01714355 0,0491116
3 0,5012857 0,4773372 0,1307769 0,1548814
3 0,553196 0,4345208 0,06945711 0,1058136
4 0,4545803 0,3700992 0,06891704 0,1546097
5 0,7340168 0,6065889 0,06440204 0,1452909
5 0,6943663 0,1682083 0,02449393 0,05496895
6 0,5179358 0,4732579 0,03813598 0,07446092
6 0,4593956 0,3128704 0,01892677 0,03245306
