0 0,3592246 0,02132243 0,06693113 0,2144035
0 0,3442214 0,08116668 0,07053512 0,1912499
0 0,4048659 0,3839818 0,0120753 0,03909755
0 0,416339 0,3697123 0,01390731 0,03868377
0 0,4962043 0,3892133 0,024584 0,03933465
0 0,4082261 0,344591 0,01829797 0,0305683
1 0,4045488 0,3091663 0,02774587 0,04418731
2 0,5880774 0,4005628 0,03906655 0,03058356
2 0,5676579 0,391001 0,03409201 0,02649605
2 0,4432251 0,2295904 0,01445028 0,01197642
2 0,445881 0,225087 0,01531217 0,01275301
2 0,349223 0,04074252 0,07193467 0,2603736
2 0,3497956 0,05554622 0,07784086 0,2311231
2 0,4019975 0,3835967 0,01138604 0,04936761
2 0,4175754 0,3714285 0,01777431 0,04866797
3 0,4952903 0,4174553 0,08229241 0,09971637
3 0,5013634 0,3895131 0,0540756 0,06956857
4 0,4147722 0,3903316 0,04367301 0,1305556
5 0,6110081 0,3933812 0,02266514 0,04951155
5 0,3706289 0,0521428 0,02930784 0,1049215
6 0,5016233 0,4114109 0,0262109 0,04648721
