0 0,5946191 0,3295366 0,02656156 0,05462694
0 0,5587168 0,1847561 0,01871228 0,03248447
1 0,554543 0,1539626 0,02738416 0,04550213
2 0,6391447 0,4815425 0,04144007 0,07038835
2 0,6482667 0,4323873 0,03747863 0,05897194
3 0,5483195 0,3753168 0,07944912 0,1319746
3 0,5943605 0,3382207 0,05759007 0,1088177
3 0,1484315 0,5268549 0,1285443 0,1849095
4 0,5416346 0,2454001 0,05343473 0,1397302
5 0,630726 0,5186031 0,0223794 0,07695833
6 0,1396223 0,5388305 0,03631937 0,07415807
6 0,1743262 0,5055827 0,03330015 0,06850311
6 0,5585095 0,3748778 0,02573156 0,05641139
6 0,5485337 0,1970763 0,01445371 0,03117508
