0 0,4280643 0,1280906 0,01774195 0,05333012
0 0,6144625 0,3760583 0,03263015 0,06631863
0 0,5003203 0,2624692 0,02287078 0,04963738
1 0,5053977 0,235468 0,03423202 0,07137126
2 0,7194781 0,4518915 0,04060131 0,06437361
2 0,6859873 0,401299 0,03675574 0,05585784
2 0,418806 0,1597085 0,01810628 0,07293069
2 0,4286655 0,1287554 0,02155218 0,06475955
3 0,6532151 0,4934584 0,09879661 0,1867766
3 0,6233029 0,3854687 0,07409859 0,1372832
4 0,5278547 0,360921 0,07295614 0,2150809
5 0,7580705 0,4923862 0,03150052 0,0652256
6 0,6537248 0,4758848 0,03280789 0,07050741
6 0,5159195 0,2949978 0,01799816 0,04604775
