0 0,8468075 0,4756469 0,0435465 0,06893328
0 0,8440852 0,456095 0,04292786 0,07077974
0 0,4472426 0,3396379 0,02817723 0,04532224
1 0,344171 0,1892737 0,04224044 0,09025991
2 0,4999181 0,342132 0,02408031 0,02312362
2 0,4718284 0,3358917 0,02363175 0,02366257
2 0,843294 0,4675083 0,0471617 0,079813
2 0,8451661 0,4650157 0,04856008 0,08095101
3 0,4562448 0,3394613 0,06588653 0,07624531
3 0,9269181 0,5839099 0,1033827 0,1077196
4 0,4118038 0,3531659 0,1239393 0,2162549
5 0,8508118 0,4635306 0,02151543 0,03237575
6 0,9293046 0,5863379 0,04712224 0,06347328
6 0,917332 0,5885245 0,04776925 0,06545785
6 0,3785351 0,2738355 0,01819113 0,05874169
