0 0,5110373 0,1939149 0,01270711 0,04222798
0 0,5953236 0,4277173 0,03079367 0,06159246
0 0,4997116 0,2645746 0,01872841 0,03599697
1 0,498033 0,2313168 0,02910551 0,05127168
2 0,7168561 0,5946071 0,06058955 0,06772405
2 0,6888258 0,5165134 0,0502367 0,05318525
2 0,5122461 0,1955132 0,01643592 0,05150193
3 0,5891818 0,5433544 0,1044559 0,1637715
3 0,6015534 0,4404315 0,06863445 0,1280491
4 0,5016688 0,3535751 0,04229704 0,18461
5 0,7542527 0,6690924 0,04365903 0,09384048
6 0,5980433 0,5309901 0,03366542 0,06875682
6 0,4997063 0,2881136 0,01482189 0,03598315
