0 0,8676112 0,3439886 0,06292367 0,08397692
0 0,9926786 0,3496554 0,08207786 0,1064696
0 0,4546155 0,5062672 0,05840898 0,1102027
0 0,578779 0,2767676 0,03034538 0,04760057
1 0,5818 0,2113518 0,04174346 0,06662339
2 0,1871436 0,8820735 0,2180757 0,3120818
2 0,3517984 0,8254851 0,1382405 0,2712146
2 0,8639903 0,3483748 0,06752193 0,1093974
3 0,3530417 0,4490364 0,09177199 0,1468589
3 0,4328364 0,5054308 0,1536247 0,1944006
3 0,1574931 0,3847572 0,08993376 0,06473523
4 0,5290213 0,3518038 0,1136142 0,1941162
5 0,006140887 0,8831666 0,1796281 0,2445139
5 0,9670353 0,3557343 0,04726124 0,05241102
6 0,1523311 0,387913 0,02964222 0,03786784
6 0,1730144 0,3849586 0,02816668 0,03746033
6 0,35022 0,4605596 0,03447741 0,07417148
6 0,537192 0,2814286 0,01948017 0,04625273
