0 0,6448011 0,5506297 0,0375728 0,0534614
0 0,5078068 0,449809 0,02497622 0,03663343
1 0,5052806 0,4041981 0,03511646 0,04703951
2 0,7601742 0,5984427 0,04915106 0,04438487
2 0,7121741 0,5696633 0,04251665 0,03623837
2 0,2987621 0,2445366 0,01629132 0,01049078
3 0,672761 0,6286383 0,09950036 0,1417823
3 0,6530313 0,5573883 0,08956933 0,103586
4 0,5308559 0,5145817 0,08105353 0,1762395
5 0,8165326 0,611561 0,03756833 0,06531268
5 0,02864569 0,01806998 0,05304823 0,09321439
6 0,6794736 0,6208458 0,03290111 0,06523648
6 0,5253683 0,4596175 0,02006429 0,03777766
