0 0,4084256 0,1107101 0,018599 0,0477196
0 0,4116012 0,1110379 0,0185284 0,051938
0 0,4275198 0,6285253 0,05198911 0,1596028
0 0,7602319 0,7368562 0,1018966 0,2134062
1 0,799462 0,6431249 0,1603382 0,3087053
2 0,2987671 0,5548056 0,05627862 0,1100321
2 0,294005 0,6710822 0,06730634 0,1481807
2 0,4087541 0,1126741 0,02302942 0,0615415
2 0,4111499 0,1097551 0,02418712 0,06747901
3 0,4833514 0,4129343 0,09123042 0,1575585
3 0,4273601 0,591031 0,1031803 0,3129938
3 0,5251397 0,1445339 0,03403252 0,05929428
4 0,6487586 0,6386358 0,2289354 0,572242
5 0,2990188 0,4569399 0,02452165 0,08458605
6 0,5235198 0,1442251 0,0127064 0,0280602
6 0,5297021 0,1521429 0,01321948 0,02905983
6 0,4708774 0,4240848 0,02850023 0,07254213
6 0,6775401 0,5754497 0,05722314 0,1278759
