0 0,6780076 0,1565116 0,04756993 0,1010591
0 0,6833912 0,151825 0,04704744 0,109713
0 0,5012133 0,356962 0,0142867 0,03765929
0 0,5264271 0,3522587 0,0133394 0,03862047
0 0,5522774 0,4387943 0,03076291 0,06150347
0 0,4646083 0,3124586 0,02438354 0,03161025
1 0,4632308 0,2653594 0,03479883 0,04568142
2 0,6909698 0,565791 0,08926237 0,07616675
2 0,6639071 0,5099119 0,06629515 0,05182779
2 0,6775275 0,1509857 0,05655301 0,1305911
2 0,6835823 0,1558934 0,06003124 0,1438374
2 0,4992138 0,359743 0,01474828 0,05058086
2 0,5280073 0,3549072 0,01686889 0,04828638
3 0,4433026 0,4775051 0,1241506 0,1305342
3 0,548237 0,4442883 0,07023787 0,1159152
4 0,4545803 0,3700992 0,06891704 0,1546097
5 0,7340168 0,6065889 0,06440204 0,1452909
5 0,6943663 0,1682083 0,02449393 0,05496895
6 0,462379 0,478598 0,03686062 0,07139447
6 0,4543208 0,3135321 0,02006859 0,03413928
