0 0,09380648 0,1879299 0,06481138 0,08519673
0 0,06072408 0,2013721 0,07692613 0,1174463
0 0,5628468 0,5504538 0,0233348 0,04414266
0 0,546866 0,5755742 0,03140408 0,04602703
0 0,5160233 0,4876728 0,02667397 0,03423133
0 0,4994278 0,4821123 0,02420276 0,03123295
1 0,5056318 0,4390863 0,03550723 0,04576123
2 0,8892827 0,7118874 0,06902009 0,06024244
2 0,3052745 0,3554558 0,01548386 0,01004356
2 0,09630397 0,2130966 0,08545846 0,07107973
2 0,06070486 0,1758569 0,09534019 0,1233889
2 0,5585654 0,5547028 0,02390641 0,06149209
3 0,6361281 0,5740509 0,05765235 0,05946946
3 0,5660816 0,5719466 0,06057686 0,0620783
3 0,206878 0,003130436 0,2081873 0,504644
7 0,5298591 0,5712119 0,08369133 0,2222673
5 0,0583927 0,1914424 0,04383761 0,07789677
5 0,5658355 0,5449126 0,0188821 0,0291591
6 0,2121779 0,01390088 0,07834415 0,1797411
