0 0,5373401 0,3431445 0,01904488 0,03438562
0 0,4628753 0,2652914 0,01486817 0,02528334
1 0,4610068 0,2351021 0,02145839 0,03416073
2 0,5995833 0,3842651 0,0279119 0,02668685
2 0,5847372 0,362652 0,02541012 0,023489
3 0,5156744 0,386175 0,0514476 0,06680685
3 0,5385599 0,3480272 0,04202837 0,06568068
3 0,3415031 0,9390264 0,1004186 0,430204
4 0,4695721 0,3103099 0,03527349 0,1117689
5 0,6159035 0,3951436 0,01635259 0,03913385
6 0,3401845 0,9711329 0,04977629 0,1389743
6 0,3463092 0,8726662 0,04339123 0,1172998
6 0,5227994 0,3834322 0,01577306 0,03355259
6 0,4669154 0,2752802 0,01154101 0,02475226
