0 0,5386427 0,7580132 0,01999319 0,02938703
0 0,4619941 0,6926712 0,01474068 0,02071413
1 0,4609042 0,6632729 0,02086177 0,02715898
2 0,6070969 0,7902295 0,03056526 0,01950295
2 0,5898123 0,777906 0,02737713 0,01694472
2 0,4195266 0,5616499 0,01551479 0,01034686
2 0,4206288 0,5563371 0,01653954 0,01129809
3 0,5162597 0,7791216 0,05552334 0,0569243
3 0,5400493 0,7602124 0,04457849 0,05154774
4 0,4678201 0,730128 0,0356687 0,09701927
5 0,6254421 0,7893757 0,01746047 0,03799546
6 0,5239275 0,7778717 0,01686853 0,03196895
6 0,4658848 0,6952021 0,0114933 0,02131742
