0 0,8352717 0,4603821 0,04025996 0,06543308
0 0,8464835 0,4716578 0,04241782 0,07302156
0 0,462072 0,3412845 0,02744314 0,0436821
0 0,3497016 0,2671703 0,03014565 0,06597084
1 0,344171 0,1892737 0,04224044 0,09025991
2 0,4999181 0,342132 0,02408031 0,02312362
2 0,4718284 0,3358917 0,02363175 0,02366257
2 0,8382953 0,4662588 0,04921186 0,08802372
2 0,8429617 0,466259 0,05295789 0,09780285
3 0,471937 0,343931 0,06510195 0,07420021
3 0,9269181 0,5839099 0,1033827 0,1077196
4 0,4118038 0,3531659 0,1239393 0,2162549
5 0,8508118 0,4635306 0,02151543 0,03237575
6 0,9293046 0,5863379 0,04712224 0,06347328
6 0,917332 0,5885245 0,04776925 0,06545785
6 0,4024108 0,2797216 0,01765016 0,05746603
