0 0,4915525 0,2079337 0,01239544 0,04289556
0 0,5125216 0,1910675 0,01262879 0,04170394
0 0,6029023 0,4494166 0,03185755 0,06524706
0 0,4996995 0,275688 0,0195325 0,03774554
1 0,498033 0,2313168 0,02910551 0,05127168
2 0,7168561 0,5946071 0,06058955 0,06772405
2 0,6888258 0,5165134 0,0502367 0,05318525
2 0,4892469 0,2100657 0,01277211 0,05650896
2 0,5137439 0,1927598 0,0162372 0,05078202
3 0,5491554 0,5575339 0,08760673 0,124027
3 0,603465 0,4637197 0,06945705 0,1376964
4 0,5016688 0,3535751 0,04229704 0,18461
5 0,7542527 0,6690924 0,04365903 0,09384048
6 0,5629802 0,5545885 0,02729172 0,06109643
6 0,499694 0,3001818 0,01545429 0,03763449
