0 0,8125986 0,3152559 0,04701221 0,06937456
0 0,9244115 0,3253421 0,06045681 0,08547544
0 0,4756807 0,4195737 0,0419966 0,07345456
0 0,5577307 0,2678446 0,02266359 0,03741157
1 0,5790026 0,2138637 0,03261721 0,05186844
2 0,3590665 0,5850765 0,07715189 0,1046726
2 0,4461618 0,5632448 0,0588662 0,09660861
2 0,811727 0,3248209 0,05242831 0,08186346
2 0,9320389 0,3318375 0,07359684 0,1088525
3 0,4040501 0,3967 0,05476052 0,09979981
3 0,4638997 0,4150822 0,09966794 0,1278213
3 0,2241504 0,3585726 0,0686256 0,05226058
4 0,5372754 0,3249264 0,08998585 0,1501814
5 0,2713746 0,5719391 0,06301764 0,1099696
5 0,8872309 0,3292185 0,0345214 0,0410676
6 0,2198936 0,3611897 0,02137688 0,03080112
6 0,2368103 0,358882 0,02038333 0,03052652
6 0,4015275 0,4037963 0,02124265 0,05274653
6 0,5259907 0,2712312 0,01493979 0,03630525
