0 0,6502493 0,5574931 0,04477322 0,05915979
0 0,5175706 0,4554291 0,02644187 0,03897625
1 0,5052806 0,4041981 0,03511646 0,04703951
2 0,7601742 0,5984427 0,04915106 0,04438487
2 0,7121741 0,5696633 0,04251665 0,03623837
2 0,2987621 0,2445366 0,01629132 0,01049078
3 0,6782754 0,6264923 0,09670955 0,1383123
3 0,653218 0,5647652 0,1044223 0,1159757
4 0,5308559 0,5145817 0,08105353 0,1762395
5 0,8165326 0,611561 0,03756833 0,06531268
5 0,02864569 0,01806998 0,05304823 0,09321439
6 0,6874623 0,6207483 0,03240395 0,06469652
6 0,5360973 0,4657774 0,02126718 0,04012161
