0 0,7939217 0,3050532 0,04635191 0,07708913
0 0,8896235 0,3488681 0,05776143 0,09231192
0 0,4754267 0,4956772 0,03658155 0,08893374
0 0,5529532 0,2808889 0,02172464 0,05038196
1 0,5747445 0,2297707 0,03169996 0,06879061
2 0,38649 0,7280516 0,05265343 0,1281529
2 0,4535123 0,7074856 0,04416007 0,1219749
2 0,792648 0,3120617 0,05169982 0,09038734
2 0,895491 0,3564585 0,06985044 0,1174935
3 0,4100684 0,4290772 0,04622325 0,1352534
3 0,4650206 0,4842863 0,08452556 0,1692027
3 0,226983 0,2873043 0,06698772 0,05998886
4 0,532423 0,3335979 0,08492297 0,1607475
5 0,3195437 0,7275103 0,04508871 0,09188306
5 0,8533932 0,3595514 0,03259754 0,04409939
6 0,2229329 0,2897061 0,0210017 0,03554875
6 0,2394818 0,2878915 0,02001475 0,03528565
6 0,4084512 0,4448212 0,01822662 0,05910808
6 0,5227498 0,2843062 0,01437241 0,04499447
