0 0,6333832 0,2696854 0,02164215 0,04839683
0 0,6531113 0,2743739 0,02179438 0,05646008
0 0,5301085 0,2709152 0,0206151 0,03965837
0 0,5402492 0,2559423 0,01971388 0,03715611
0 0,5488521 0,1968614 0,01964456 0,03473425
0 0,5587885 0,1845255 0,01869327 0,03244257
1 0,554543 0,1539626 0,02738416 0,04550213
2 0,6009398 0,686012 0,05839169 0,1294366
2 0,6180756 0,59385 0,05082417 0,1008116
2 0,6343671 0,2567697 0,02869332 0,04375678
2 0,6484801 0,2757639 0,02105367 0,07272506
3 0,6293005 0,3330945 0,06014436 0,08828366
3 0,5729975 0,2834542 0,04981631 0,07140142
3 0,1484315 0,5268549 0,1285443 0,1849095
7 0,5411645 0,2631164 0,05379784 0,1753322
5 0,5819976 0,7756585 0,03306311 0,1290661
5 0,6564758 0,2707115 0,01947236 0,03978121
6 0,1396223 0,5388305 0,03631937 0,07415807
6 0,1743262 0,5055827 0,03330015 0,06850311
