0 0,3684207 0,2883159 0,03368321 0,08104521
0 0,372172 0,2608234 0,03515795 0,08877486
0 0,4337236 0,4691091 0,01633945 0,04614335
0 0,6118845 0,5563316 0,06831402 0,09557867
0 0,4340996 0,4548892 0,03303823 0,05524313
1 0,4262002 0,3933302 0,0438523 0,06928325
2 0,8193282 0,5917844 0,1065367 0,08409217
2 0,7344112 0,5530621 0,07753932 0,06007716
2 0,3706284 0,2749102 0,03908917 0,08827561
2 0,3693389 0,2745693 0,03949276 0,09492695
2 0,4351503 0,4712315 0,02056774 0,05752504
3 0,5969793 0,6878397 0,1909398 0,3034613
3 0,6101339 0,5682352 0,1627665 0,1967667
3 0,6043726 0,1155083 0,1079496 0,1856731
4 0,4437576 0,5304929 0,07906625 0,2466837
5 0,9465616 0,6059999 0,09762418 0,1398778
5 0,3865041 0,2850627 0,01282066 0,04209334
6 0,5987533 0,1189496 0,03646958 0,07521915
6 0,6214966 0,08527452 0,04134601 0,08556575
6 0,621662 0,6721539 0,06065112 0,1315008
6 0,4386796 0,4613661 0,02834374 0,05852902
