0 0,01825076 0,1774925 0,104645 0,1577283
0 0,01750594 0,1340392 0,1065208 0,1762552
0 0,6514332 0,5988864 0,04542935 0,05290893
0 0,51741 0,48814 0,0268836 0,03448439
1 0,5056318 0,4390863 0,03550723 0,04576123
2 0,7641399 0,6487339 0,05016387 0,03832698
2 0,7144173 0,6223816 0,04323018 0,03084213
2 0,3052745 0,3554558 0,01548386 0,01004356
2 0,02022684 0,1573512 0,1247397 0,1781669
2 0,01364487 0,1539773 0,1236373 0,1894022
3 0,6813346 0,64913 0,09870464 0,1196642
3 0,654574 0,6039723 0,1062337 0,09995082
3 0,206878 0,003130436 0,2081873 0,504644
4 0,530285 0,5458856 0,08303878 0,1637045
5 0,8224419 0,6582853 0,03763193 0,06401351
5 0,0583927 0,1914424 0,04383761 0,07789677
6 0,2121779 0,01390088 0,07834415 0,1797411
6 0,690643 0,6462465 0,03285009 0,06039113
6 0,5360427 0,4941084 0,02167034 0,03633597
