0 0,3326051 0,05869615 0,08126011 0,1969029
0 0,4186495 0,3670453 0,01359302 0,0376423
0 0,5015982 0,3949329 0,03112999 0,04492027
1 0,4045488 0,3091663 0,02774587 0,04418731
2 0,5880774 0,4005628 0,03906655 0,03058356
2 0,5676579 0,391001 0,03409201 0,02649605
2 0,4432251 0,2295904 0,01445028 0,01197642
2 0,445881 0,225087 0,01531217 0,01275301
2 0,3359881 0,0253728 0,09574291 0,2240525
2 0,3327157 0,02167726 0,09817994 0,2398898
2 0,4199101 0,3688249 0,01721278 0,0471192
3 0,4700778 0,4343078 0,07366672 0,09697402
3 0,4976712 0,3992989 0,07060811 0,08324277
4 0,4147722 0,3903316 0,04367301 0,1305556
5 0,6110081 0,3933812 0,02266514 0,04951155
5 0,3706289 0,0521428 0,02930784 0,1049215
6 0,4815502 0,4287984 0,02299222 0,04741234
