0 0,4092897 0,1538237 0,02049354 0,05743301
0 0,4279641 0,1191571 0,01739216 0,0520559
0 0,6306852 0,4073662 0,03929991 0,07658476
0 0,5166278 0,2967812 0,02479541 0,05447906
1 0,5053977 0,235468 0,03423202 0,07137126
2 0,7194781 0,4518915 0,04060131 0,06437361
2 0,6859873 0,401299 0,03675574 0,05585784
2 0,40751 0,1598911 0,02358064 0,06635863
2 0,4286549 0,120046 0,02101243 0,06303483
3 0,6317407 0,4222752 0,0888564 0,1610575
4 0,5278547 0,360921 0,07295614 0,2150809
5 0,7580705 0,4923862 0,03150052 0,0652256
6 0,5329927 0,3308998 0,01973426 0,05010968
