0 0,5370322 0,3478332 0,02350545 0,03690177
0 0,4651512 0,2710364 0,01537719 0,0262956
1 0,4610068 0,2351021 0,02145839 0,03416073
2 0,5995833 0,3842651 0,0279119 0,02668685
2 0,5847372 0,362652 0,02541012 0,023489
3 0,5195427 0,3857833 0,05081069 0,0658235
3 0,5347064 0,3523614 0,05339313 0,06968153
3 0,3415031 0,9390264 0,1004186 0,430204
4 0,4695721 0,3103099 0,03527349 0,1117689
5 0,6159035 0,3951436 0,01635259 0,03913385
6 0,3401845 0,9711329 0,04977629 0,1389743
6 0,3463092 0,8726662 0,04339123 0,1172998
6 0,5272115 0,3841816 0,01568812 0,03340954
6 0,4692512 0,28117 0,01191765 0,02566844
