0 0,5621845 0,246672 0,02313668 0,05897331
0 0,5411085 0,4106725 0,02694422 0,06190366
0 0,5254727 0,3740768 0,02492607 0,05694872
0 0,5153748 0,2941445 0,02463174 0,05410129
0 0,4999714 0,2620273 0,02284727 0,04957598
1 0,5053977 0,235468 0,03423202 0,07137126
2 0,847652 0,6427741 0,05653578 0,1023207
2 0,7931485 0,5606999 0,04954427 0,08505929
2 0,5578993 0,2516894 0,02373528 0,0757525
3 0,624371 0,3364666 0,05500102 0,09395289
3 0,5601723 0,3551836 0,05508506 0,09830952
7 0,5273762 0,3803778 0,07295614 0,2519214
5 0,9146672 0,7200633 0,05269682 0,09413132
5 0,5652598 0,2408826 0,01885599 0,04134506
