0 0,8346661 0,4534138 0,04314148 0,06431943
0 0,8328391 0,4719525 0,04371578 0,06921905
0 0,4708903 0,3450195 0,03067389 0,04724497
0 0,380917 0,274852 0,0254761 0,06426758
1 0,344171 0,1892737 0,04224044 0,09025991
2 0,4999181 0,342132 0,02408031 0,02312362
2 0,4718284 0,3358917 0,02363175 0,02366257
2 0,8344642 0,4630494 0,04998106 0,06961089
2 0,8324229 0,4618648 0,04937202 0,07418263
3 0,4796659 0,3496904 0,07061994 0,08528024
3 0,9269181 0,5839099 0,1033827 0,1077196
4 0,4118038 0,3531659 0,1239393 0,2162549
5 0,8508118 0,4635306 0,02151543 0,03237575
6 0,9293046 0,5863379 0,04712224 0,06347328
6 0,917332 0,5885245 0,04776925 0,06545785
6 0,428144 0,2860658 0,01878271 0,05608052
