0 0,5138428 0,1886929 0,01255941 0,04125077
0 0,6009175 0,4618686 0,03979111 0,07022572
0 0,4996846 0,2895003 0,02053425 0,03994673
1 0,498033 0,2313168 0,02910551 0,05127168
2 0,7168561 0,5946071 0,06058955 0,06772405
2 0,6888258 0,5165134 0,0502367 0,05318525
2 0,4858123 0,2083093 0,01584348 0,05030084
2 0,5150708 0,1904525 0,01607525 0,050174
3 0,556158 0,5594031 0,08809 0,1220766
3 0,5953167 0,4731849 0,08962059 0,1409956
4 0,5016688 0,3535751 0,04229704 0,18461
5 0,7542527 0,6690924 0,04365903 0,09384048
6 0,570619 0,5603918 0,0277552 0,06116745
6 0,4996789 0,3151773 0,01624188 0,03970313
