0 0,8047182 0,2989841 0,05427366 0,1007274
0 0,7887629 0,2910162 0,05592144 0,1060314
0 0,07803103 0,05226469 0,1230369 0,1231386
2 0,2517284 0,05338788 0,05134676 0,04696053
2 0,1804887 0,0314666 0,06675963 0,04964948
2 0,7987937 0,29621 0,06834233 0,136441
2 0,7942924 0,2934217 0,07145739 0,1437986
3 0,2333301 0,04628724 0,09650709 0,1469748
3 0,0731926 0,06501806 0,291724 0,2318564
3 0,9758247 0,66962 0,2287572 0,3634787
5 0,3067182 0,04774648 0,02948213 0,06507367
5 0,8192189 0,3027021 0,03189445 0,05001765
6 0,9773266 0,6680225 0,115063 0,176437
6 0,9602963 0,6971012 0,1224741 0,1946382
6 0,2373098 0,03880978 0,03433652 0,07285011
