0 0,8121169 0,3091444 0,04675084 0,06322265
0 0,9392812 0,3248401 0,06256932 0,08618224
0 0,4547929 0,4077616 0,03135151 0,06495714
0 0,5384123 0,2700865 0,02148169 0,03787005
1 0,5790026 0,2138637 0,03261721 0,05186844
2 0,3590665 0,5850765 0,07715189 0,1046726
2 0,4461618 0,5632448 0,0588662 0,09660861
2 0,8127319 0,3224564 0,0573408 0,06622523
2 0,9470818 0,3315251 0,0762406 0,1095166
3 0,3778206 0,4573695 0,07948333 0,1535923
3 0,4507224 0,4008067 0,06607774 0,1115762
3 0,2241504 0,3585726 0,0686256 0,05226058
4 0,5372754 0,3249264 0,08998585 0,1501814
5 0,2713746 0,5719391 0,06301764 0,1099696
5 0,8872309 0,3292185 0,0345214 0,0410676
6 0,2198936 0,3611897 0,02137688 0,03080112
6 0,2368103 0,358882 0,02038333 0,03052652
6 0,3738538 0,4705729 0,03108832 0,07783318
6 0,5078219 0,2733373 0,01440823 0,03668094
