0 0,8596208 0,3258803 0,06000918 0,07664108
0 0,4116065 0,4778278 0,04904521 0,09982458
0 0,5303506 0,282627 0,02664453 0,04909158
1 0,5818 0,2113518 0,04174346 0,06662339
2 0,1871436 0,8820735 0,2180757 0,3120818
2 0,3517984 0,8254851 0,1382405 0,2712146
2 0,8599771 0,341634 0,07378191 0,0808506
3 0,2780633 0,5798329 0,1813525 0,2966574
3 0,4083419 0,4646856 0,1002779 0,1760017
3 0,1574931 0,3847572 0,08993376 0,06473523
4 0,5290213 0,3518038 0,1136142 0,1941162
5 0,006140887 0,8831666 0,1796281 0,2445139
5 0,9670353 0,3557343 0,04726124 0,05241102
6 0,1523311 0,387913 0,02964222 0,03786784
6 0,1730144 0,3849586 0,02816668 0,03746033
6 0,2627805 0,6116841 0,06941012 0,1399114
6 0,4912846 0,2869757 0,01759011 0,04748023
