0 0,2768641 0,3171342 0,08315222 0,121621
0 0,3333957 0,2270901 0,06363681 0,1127521
0 0,5996268 0,5101789 0,08626258 0,2214167
0 0,4958045 0,5170314 0,06374574 0,2254006
0 0,3977831 0,288787 0,1001867 0,2332022
1 0,2790094 0,0627625 0,248998 0,3361292
2 0,792612 0,1879094 0,06431276 0,04496974
2 0,7434101 0,1880853 0,05958498 0,04531372
2 0,268279 0,2866523 0,1067893 0,1145074
2 0,3272704 0,24626 0,0757679 0,146727
3 0,5285279 0,1976874 0,05886519 0,1506785
3 0,4918337 0,3512 0,08587694 0,274653
7 0,4986939 0,5280132 0,4264975 0,7170762
5 0,8413556 0,1659189 0,0446716 0,05878955
