0 0,7946656 0,2956305 0,04614341 0,07087219
0 0,9026259 0,3511875 0,05957955 0,09302747
0 0,4566785 0,4649314 0,02729395 0,07912147
0 0,5345623 0,2831221 0,0205853 0,05088449
1 0,5747445 0,2297707 0,03169996 0,06879061
2 0,38649 0,7280516 0,05265343 0,1281529
2 0,4535123 0,7074856 0,04416007 0,1219749
2 0,7942317 0,3075041 0,05492997 0,07778984
2 0,908565 0,3589994 0,07209909 0,1180913
3 0,3932588 0,5578083 0,05958501 0,1956277
3 0,4527655 0,4490341 0,05714419 0,1527211
3 0,226983 0,2873043 0,06698772 0,05998886
4 0,532423 0,3335979 0,08492297 0,1607475
5 0,3195437 0,7275103 0,04508871 0,09188306
5 0,8533932 0,3595514 0,03259754 0,04409939
6 0,2229329 0,2897061 0,0210017 0,03554875
6 0,2394818 0,2878915 0,02001475 0,03528565
6 0,3913339 0,5834357 0,02386484 0,08108768
6 0,5054753 0,2864019 0,01348448 0,04538608
