0 0,3720566 0,2810947 0,02853104 0,08010626
0 0,3629413 0,2768885 0,03310263 0,08716929
0 0,4352626 0,467146 0,01606572 0,04521769
0 0,5975847 0,5870788 0,06758213 0,1063993
0 0,4367416 0,458886 0,03595948 0,06036133
1 0,4262002 0,3933302 0,0438523 0,06928325
2 0,8193282 0,5917844 0,1065367 0,08409217
2 0,7344112 0,5530621 0,07753932 0,06007716
2 0,3692727 0,2792833 0,03958222 0,1059378
2 0,3655337 0,2788703 0,04337856 0,1117563
2 0,4366864 0,4692943 0,02014023 0,05626583
3 0,7483752 0,5955102 0,1731558 0,224254
3 0,5839366 0,5998778 0,1577706 0,211805
3 0,6043726 0,1155083 0,1079496 0,1856731
4 0,4437576 0,5304929 0,07906625 0,2466837
5 0,9465616 0,6059999 0,09762418 0,1398778
5 0,3865041 0,2850627 0,01282066 0,04209334
6 0,5987533 0,1189496 0,03646958 0,07521915
6 0,6214966 0,08527452 0,04134601 0,08556575
6 0,7655331 0,5828296 0,05638134 0,1035066
6 0,4418851 0,4661747 0,03098989 0,06419522
