0 0,6696909 0,1601422 0,03937382 0,1008837
0 0,6652159 0,1526487 0,04367816 0,1098514
0 0,530724 0,3507523 0,01299477 0,03758079
0 0,5145363 0,4504537 0,04300734 0,06645286
0 0,4524286 0,3140811 0,02810133 0,0358085
1 0,4632308 0,2653594 0,03479883 0,04568142
2 0,6909698 0,565791 0,08926237 0,07616675
2 0,6639071 0,5099119 0,06629515 0,05182779
2 0,6695045 0,1571224 0,05122936 0,1330782
2 0,6649525 0,1558584 0,05457711 0,1393826
2 0,5322855 0,3534549 0,01636481 0,04680425
3 0,5857043 0,5019729 0,1342216 0,147343
3 0,4984968 0,4503619 0,1065653 0,1127313
4 0,4545803 0,3700992 0,06891704 0,1546097
5 0,7340168 0,6065889 0,06440204 0,1452909
5 0,6943663 0,1682083 0,02449393 0,05496895
6 0,6082047 0,5049607 0,04042965 0,08150974
6 0,4405708 0,3153245 0,02324873 0,03872281
