0 0,5045282 0,3008884 0,01455981 0,03180689
0 0,5223864 0,2930848 0,01427364 0,03572357
0 0,4723173 0,332604 0,01650032 0,03006196
0 0,4648343 0,2702367 0,01530638 0,02615392
0 0,4608469 0,2603878 0,01443395 0,02442807
1 0,4610068 0,2351021 0,02145839 0,03416073
2 0,6553352 0,463452 0,03799373 0,04032671
2 0,6317783 0,4293361 0,03360856 0,03418601
2 0,5041009 0,2913125 0,02028349 0,02641338
2 0,5191478 0,296246 0,01345092 0,04838735
3 0,5469025 0,3242742 0,03927666 0,04584241
3 0,497313 0,3233777 0,03762701 0,04551446
3 0,3415031 0,9390264 0,1004186 0,430204
7 0,4697735 0,3255022 0,03540877 0,1429265
5 0,6825704 0,4861249 0,02502513 0,05452621
5 0,5246048 0,2890017 0,01253688 0,02409756
6 0,3401845 0,9711329 0,04977629 0,1389743
6 0,3463092 0,8726662 0,04339123 0,1172998
