0 0,3411279 0,0508253 0,06535482 0,181657
0 0,31944 0,0294047 0,08145288 0,2075807
0 0,4200227 0,365566 0,0134114 0,03705841
0 0,4882046 0,4069063 0,03026339 0,04689246
1 0,4045488 0,3091663 0,02774587 0,04418731
2 0,5880774 0,4005628 0,03906655 0,03058356
2 0,5676579 0,391001 0,03409201 0,02649605
2 0,4432251 0,2295904 0,01445028 0,01197642
2 0,445881 0,225087 0,01531217 0,01275301
2 0,3343856 0,0415411 0,09180468 0,2375013
2 0,3263351 0,03985614 0,1013283 0,2499332
2 0,4212856 0,3673675 0,01691258 0,04628962
3 0,5437363 0,3986736 0,06951648 0,08506531
3 0,4795935 0,4119627 0,07073367 0,08644718
4 0,4147722 0,3903316 0,04367301 0,1305556
5 0,6110081 0,3933812 0,02266514 0,04951155
5 0,3706289 0,0521428 0,02930784 0,1049215
6 0,5536563 0,3936309 0,02178925 0,04276782
