0 0,5637599 0,3486046 0,03032666 0,0576843
0 0,5417848 0,2055338 0,02030486 0,03637397
1 0,554543 0,1539626 0,02738416 0,04550213
2 0,6391447 0,4815425 0,04144007 0,07038835
2 0,6482667 0,4323873 0,03747863 0,05897194
3 0,5859535 0,4181485 0,07235086 0,1210196
3 0,5541142 0,345222 0,06894517 0,1072463
3 0,1484315 0,5268549 0,1285443 0,1849095
4 0,5416346 0,2454001 0,05343473 0,1397302
5 0,630726 0,5186031 0,0223794 0,07695833
6 0,1396223 0,5388305 0,03631937 0,07415807
6 0,1743262 0,5055827 0,03330015 0,06850311
6 0,5972276 0,4261745 0,02339327 0,05603516
6 0,5312341 0,2182887 0,01556206 0,03458279
