0 0,4040157 0,1494658 0,02013814 0,05517101
0 0,4280528 0,1142809 0,01717752 0,05132145
0 0,6278389 0,4408848 0,03672886 0,07489073
0 0,5263658 0,3172702 0,02607858 0,05744904
1 0,5053977 0,235468 0,03423202 0,07137126
2 0,7194781 0,4518915 0,04060131 0,06437361
2 0,6859873 0,401299 0,03675574 0,05585784
2 0,4039342 0,1574555 0,02539515 0,05874777
2 0,428777 0,11527 0,02070364 0,06207728
3 0,6950132 0,4737692 0,07133383 0,1328047
3 0,623018 0,4529886 0,08164001 0,1516645
4 0,5278547 0,360921 0,07295614 0,2150809
5 0,7580705 0,4923862 0,03150052 0,0652256
6 0,7015499 0,4645707 0,02565604 0,05594337
6 0,5431638 0,3522879 0,02079713 0,05257863
