0 0,529476 0,7651312 0,02347434 0,03134361
0 0,46654 0,6958541 0,01592007 0,02244383
1 0,4609042 0,6632729 0,02086177 0,02715898
2 0,6070969 0,7902295 0,03056526 0,01950295
2 0,5898123 0,777906 0,02737713 0,01694472
2 0,4195266 0,5616499 0,01551479 0,01034686
2 0,4206288 0,5563371 0,01653954 0,01129809
3 0,5743046 0,7743296 0,05241054 0,05229086
3 0,5233461 0,7662883 0,05510285 0,05237284
4 0,4678201 0,730128 0,0356687 0,09701927
5 0,6254421 0,7893757 0,01746047 0,03799546
6 0,5815884 0,7735561 0,01642787 0,03004162
6 0,4705968 0,698487 0,01238346 0,02302048
