0 0,8404135 0,4631183 0,03695798 0,06572801
0 0,8280942 0,4584097 0,03830665 0,06877118
0 0,4103705 0,2821003 0,0250015 0,0626381
1 0,344171 0,1892737 0,04224044 0,09025991
2 0,4999181 0,342132 0,02408031 0,02312362
2 0,4718284 0,3358917 0,02363175 0,02366257
2 0,8358214 0,4613945 0,04617637 0,08857676
2 0,8323482 0,4599185 0,0485844 0,09343943
3 0,9269181 0,5839099 0,1033827 0,1077196
4 0,4118038 0,3531659 0,1239393 0,2162549
5 0,8508118 0,4635306 0,02151543 0,03237575
6 0,9293046 0,5863379 0,04712224 0,06347328
6 0,917332 0,5885245 0,04776925 0,06545785
6 0,4526243 0,2921012 0,01977512 0,05475259
