0 0,07787532 0,42746 0,06141108 0,0671742
0 0,1296485 0,4186431 0,05499908 0,06533933
0 0,7675248 0,4559303 0,1007016 0,1214408
0 0,8040514 0,5177552 0,1354908 0,1660351
0 0,5800596 0,2608657 0,02161527 0,0328688
0 0,5613307 0,2569609 0,01736498 0,02780426
1 0,576592 0,2222248 0,03141451 0,03024882
2 0,06508726 0,6535153 0,1612652 0,1332965
2 0,1730961 0,6266404 0,1285495 0,1220434
2 0,08023846 0,4493833 0,0760456 0,05966276
2 0,1316023 0,440232 0,06835856 0,05766129
2 0,7641072 0,489273 0,1276166 0,1175778
2 0,7989828 0,558535 0,1704323 0,1681491
3 0,3643492 0,3537008 0,0713104 0,06654418
3 0,5732076 0,3800232 0,09859055 0,09899735
3 0,3865763 0,3365391 0,0492149 0,04751867
4 0,5372754 0,3249264 0,08998585 0,1501814
5 0,03862086 0,4393172 0,04590651 0,05192566
5 0,7483267 0,4312194 0,05803496 0,08045644
6 0,3827338 0,3389751 0,01226935 0,02819926
6 0,3976473 0,3369406 0,01148608 0,02796549
