0 0,5154985 0,1858805 0,01247257 0,04069746
0 0,5825446 0,4836827 0,0373556 0,06623027
0 0,4996679 0,3048439 0,02165028 0,04242718
1 0,498033 0,2313168 0,02910551 0,05127168
2 0,7168561 0,5946071 0,06058955 0,06772405
2 0,6888258 0,5165134 0,0502367 0,05318525
2 0,5167267 0,1877052 0,01588827 0,0494473
3 0,6548394 0,5696982 0,1020778 0,1185275
3 0,5713886 0,4881837 0,0862779 0,1193019
4 0,5016688 0,3535751 0,04229704 0,18461
5 0,7542527 0,6690924 0,04365903 0,09384048
6 0,6693096 0,569425 0,03399855 0,0604856
6 0,499662 0,3318309 0,01711866 0,04202271
