0 0,7971526 0,3072641 0,0632683 0,1141455
0 0,8052159 0,2900053 0,06147194 0,1073533
0 0,06538647 0,09110981 0,1222751 0,1340505
2 0,2517284 0,05338788 0,05134676 0,04696053
2 0,1804887 0,0314666 0,06675963 0,04964948
2 0,7987438 0,2979718 0,07389438 0,1363875
2 0,8033162 0,2988225 0,07314974 0,1307383
3 0,2361994 0,04244578 0,0904302 0,142139
3 0,04855359 0,1067101 0,2965711 0,2603931
3 0,9758247 0,66962 0,2287572 0,3634787
5 0,3067182 0,04774648 0,02948213 0,06507367
5 0,8192189 0,3027021 0,03189445 0,05001765
6 0,9773266 0,6680225 0,115063 0,176437
6 0,9602963 0,6971012 0,1224741 0,1946382
6 0,2395286 0,03514498 0,03260531 0,0709632
