0 0,8140663 0,3070832 0,04539239 0,05568087
0 0,9511669 0,3244963 0,06426108 0,08675903
0 0,4449601 0,3924403 0,02288806 0,05501032
0 0,5376783 0,2701717 0,02144146 0,03788733
1 0,5790026 0,2138637 0,03261721 0,05186844
2 0,3590665 0,5850765 0,07715189 0,1046726
2 0,4461618 0,5632448 0,0588662 0,09660861
2 0,8155681 0,3213962 0,05829448 0,05280656
2 0,9591045 0,3313121 0,07836884 0,1101022
3 0,3751271 0,4638988 0,08035699 0,158969
3 0,4444481 0,385966 0,04390335 0,09295434
3 0,2241504 0,3585726 0,0686256 0,05226058
4 0,5372754 0,3249264 0,08998585 0,1501814
5 0,2713746 0,5719391 0,06301764 0,1099696
5 0,8872309 0,3292185 0,0345214 0,0410676
6 0,2198936 0,3611897 0,02137688 0,03080112
6 0,2368103 0,358882 0,02038333 0,03052652
6 0,3713201 0,4778038 0,0315786 0,08035067
6 0,5071321 0,2734174 0,01438767 0,03669548
