0 0,005409867 0,01627457 0,1090012 0,1828426
0 0,6393032 0,5926166 0,03843135 0,06388882
0 0,5289218 0,4619633 0,02816403 0,04175127
1 0,5052806 0,4041981 0,03511646 0,04703951
2 0,7601742 0,5984427 0,04915106 0,04438487
2 0,7121741 0,5696633 0,04251665 0,03623837
2 0,2987621 0,2445366 0,01629132 0,01049078
3 0,7398667 0,5905864 0,07722455 0,1070144
3 0,6312687 0,5977972 0,08585578 0,1170213
4 0,5308559 0,5145817 0,08105353 0,1762395
5 0,8165326 0,611561 0,03756833 0,06531268
5 0,02864569 0,01806998 0,05304823 0,09321439
6 0,7455089 0,5856173 0,02692634 0,05246395
6 0,5485751 0,4729411 0,02268314 0,04289043
