0 0,4141881 0,4191756 0,02845088 0,04994857
0 0,4403233 0,3924647 0,02478677 0,05092162
0 0,4577686 0,469771 0,027536 0,05905262
0 0,4340919 0,3893442 0,02912164 0,05311358
1 0,4131678 0,3319647 0,04185653 0,06871557
2 0,7135454 0,4549313 0,03295046 0,03614849
2 0,6740943 0,4437063 0,02786529 0,03378934
2 0,4124267 0,405398 0,03755909 0,04370946
2 0,4367677 0,3993603 0,02723101 0,06742918
3 0,5253649 0,404033 0,03609067 0,07177997
3 0,4805431 0,4448741 0,04793936 0,09205323
7 0,459924 0,4770585 0,1010756 0,2473077
5 0,7535431 0,4514183 0,02605748 0,044034
5 0,442733 0,3851328 0,01869005 0,03594786
