0 0,3710887 0,2688172 0,03500214 0,0920487
0 0,3707581 0,2886796 0,03213662 0,0852071
0 0,4364771 0,465659 0,01585421 0,04451418
0 0,5605389 0,6244689 0,06242526 0,1148027
0 0,4368498 0,45905 0,0360797 0,06057268
1 0,4262002 0,3933302 0,0438523 0,06928325
2 0,8193282 0,5917844 0,1065367 0,08409217
2 0,7344112 0,5530621 0,07753932 0,06007716
2 0,3693034 0,2778742 0,04136372 0,1079258
2 0,3722374 0,2800424 0,03936839 0,1027144
2 0,4378928 0,4678192 0,01982236 0,05532849
3 0,7582812 0,5892408 0,1681161 0,2171583
3 0,5407907 0,6370182 0,1466834 0,2211181
3 0,6043726 0,1155083 0,1079496 0,1856731
4 0,4437576 0,5304929 0,07906625 0,2466837
5 0,9465616 0,6059999 0,09762418 0,1398778
5 0,3865041 0,2850627 0,01282066 0,04209334
6 0,5987533 0,1189496 0,03646958 0,07521915
6 0,6214966 0,08527452 0,04134601 0,08556575
6 0,7744132 0,5765643 0,05487061 0,1009941
6 0,4420173 0,466373 0,03109929 0,06443
