0 0,6757995 0,1436347 0,04989702 0,1182541
0 0,6662574 0,1696999 0,04477692 0,1060831
0 0,5325713 0,3501502 0,01284546 0,03714806
0 0,4730539 0,4521053 0,04134652 0,06401277
0 0,4521682 0,3141157 0,02818215 0,03589833
1 0,4632308 0,2653594 0,03479883 0,04568142
2 0,6909698 0,565791 0,08926237 0,07616675
2 0,6639071 0,5099119 0,06629515 0,05182779
2 0,6694747 0,1553072 0,05627364 0,1361891
2 0,672003 0,1587388 0,05528075 0,1297277
2 0,5341191 0,3528622 0,01615947 0,04620963
3 0,597249 0,503808 0,1347517 0,1471143
3 0,4570628 0,4502186 0,1014315 0,1034364
4 0,4545803 0,3700992 0,06891704 0,1546097
5 0,7340168 0,6065889 0,06440204 0,1452909
5 0,6943663 0,1682083 0,02449393 0,05496895
6 0,6199607 0,5065305 0,04134482 0,08165681
6 0,4402762 0,3153628 0,02331811 0,03882134
