0 0,02514336 0,1496538 0,09834698 0,1752357
0 0,03651297 0,1852209 0,0901221 0,1569831
0 0,6407988 0,6217076 0,03915137 0,05772254
0 0,5288171 0,4919844 0,02861613 0,03669903
1 0,5056318 0,4390863 0,03550723 0,04576123
2 0,7641399 0,6487339 0,05016387 0,03832698
2 0,7144173 0,6223816 0,04323018 0,03084213
2 0,3052745 0,3554558 0,01548386 0,01004356
2 0,02616191 0,1640161 0,1115224 0,2015578
2 0,03489944 0,1714265 0,1078686 0,1909823
3 0,743495 0,63104 0,07774442 0,09464258
3 0,6326565 0,6241801 0,08762878 0,1003153
3 0,206878 0,003130436 0,2081873 0,504644
4 0,530285 0,5458856 0,08303878 0,1637045
5 0,8224419 0,6582853 0,03763193 0,06401351
5 0,0583927 0,1914424 0,04383761 0,07789677
6 0,2121779 0,01390088 0,07834415 0,1797411
6 0,7490974 0,6283249 0,02683139 0,04970229
6 0,5486261 0,4983305 0,02308285 0,03869402
