0 0,3369912 0,01406008 0,08398205 0,2210889
0 0,339039 0,06819105 0,0736905 0,1942313
0 0,4211096 0,3644349 0,01326951 0,03660965
0 0,4655688 0,4214618 0,02759767 0,04765487
1 0,4045488 0,3091663 0,02774587 0,04418731
2 0,5880774 0,4005628 0,03906655 0,03058356
2 0,5676579 0,391001 0,03409201 0,02649605
2 0,4432251 0,2295904 0,01445028 0,01197642
2 0,445881 0,225087 0,01531217 0,01275301
2 0,3344382 0,03884184 0,09733322 0,2497248
2 0,3410001 0,04553872 0,09138739 0,2375473
2 0,4223692 0,3662473 0,01668876 0,04566985
3 0,5490258 0,3960761 0,06819475 0,08372444
3 0,4552348 0,4264523 0,0660769 0,08653533
4 0,4147722 0,3903316 0,04367301 0,1305556
5 0,6110081 0,3933812 0,02266514 0,04951155
5 0,3706289 0,0521428 0,02930784 0,1049215
6 0,5587213 0,3910325 0,02134413 0,04225183
