0 0,5392759 0,3410946 0,02581275 0,05150485
0 0,5415409 0,205833 0,02032757 0,03643113
1 0,554543 0,1539626 0,02738416 0,04550213
2 0,6391447 0,4815425 0,04144007 0,07038835
2 0,6482667 0,4323873 0,03747863 0,05897194
3 0,5915335 0,4225743 0,07226217 0,1209167
3 0,5306469 0,3358044 0,05902284 0,09246635
3 0,1484315 0,5268549 0,1285443 0,1849095
4 0,5416346 0,2454001 0,05343473 0,1397302
5 0,630726 0,5186031 0,0223794 0,07695833
6 0,1396223 0,5388305 0,03631937 0,07415807
6 0,1743262 0,5055827 0,03330015 0,06850311
6 0,6030828 0,4304749 0,02334243 0,05610734
6 0,5309857 0,2185932 0,01557773 0,03463215
