0 0,4019322 0,1469012 0,01918116 0,05031514
0 0,4281774 0,1105816 0,01700437 0,05074871
0 0,615008 0,4739575 0,0329321 0,07183245
0 0,5267482 0,3180747 0,02612972 0,05756688
1 0,5053977 0,235468 0,03423202 0,07137126
2 0,7194781 0,4518915 0,04060131 0,06437361
2 0,6859873 0,401299 0,03675574 0,05585784
2 0,4029561 0,1552601 0,02513272 0,05061352
2 0,4289198 0,1116363 0,02046472 0,06134689
3 0,6987716 0,4695567 0,06945282 0,1291342
4 0,5278547 0,360921 0,07295614 0,2150809
5 0,7580705 0,4923862 0,03150052 0,0652256
6 0,7049901 0,460138 0,02510291 0,05475706
6 0,5435629 0,3531268 0,02083921 0,05267626
