0 0,5132259 0,3660703 0,01960582 0,03482747
0 0,4676926 0,2774519 0,01594663 0,02743882
1 0,4610068 0,2351021 0,02145839 0,03416073
2 0,5995833 0,3842651 0,0279119 0,02668685
2 0,5847372 0,362652 0,02541012 0,023489
3 0,5734422 0,3751313 0,04839927 0,05946594
3 0,5061976 0,3678501 0,0470632 0,05997074
3 0,3415031 0,9390264 0,1004186 0,430204
4 0,4695721 0,3103099 0,03527349 0,1117689
5 0,6159035 0,3951436 0,01635259 0,03913385
6 0,3401845 0,9711329 0,04977629 0,1389743
6 0,3463092 0,8726662 0,04339123 0,1172998
6 0,5801646 0,3731903 0,01542711 0,03095806
6 0,4718542 0,2877334 0,01233748 0,02669841
