0 0,1595645 0,1334934 0,1329368 0,2180157
0 0,5038727 0,749993 0,01498893 0,02871022
0 0,5221697 0,7397926 0,01445055 0,032571
0 0,4702581 0,7464089 0,01713562 0,0266782
0 0,4662682 0,7408037 0,01607931 0,02484129
0 0,4638732 0,693987 0,01522711 0,02142644
0 0,4600543 0,6913723 0,01426116 0,02001509
1 0,4609042 0,6632729 0,02086177 0,02715898
2 0,6760213 0,8371329 0,04438889 0,03114478
2 0,6459955 0,8159707 0,03814512 0,02568503
2 0,4195266 0,5616499 0,01551479 0,01034686
2 0,4206288 0,5563371 0,01653954 0,01129809
2 0,1609125 0,1860167 0,1743394 0,210622
2 0,5034066 0,7401096 0,02077287 0,02105695
2 0,5188901 0,7431525 0,01356828 0,04553737
3 0,5481637 0,7488199 0,04060626 0,0388364
3 0,4964386 0,7479973 0,03908503 0,03860922
7 0,4676903 0,7465074 0,03601637 0,1338333
5 0,709667 0,8416578 0,02883065 0,05651686
5 0,5243751 0,7354507 0,01268101 0,02157956
