0 0,5134207 0,7691447 0,02087218 0,0314327
0 0,4666325 0,695919 0,01594424 0,02247915
1 0,4609042 0,6632729 0,02086177 0,02715898
2 0,6070969 0,7902295 0,03056526 0,01950295
2 0,5898123 0,777906 0,02737713 0,01694472
2 0,4195266 0,5616499 0,01551479 0,01034686
2 0,4206288 0,5563371 0,01653954 0,01129809
3 0,5782127 0,7739678 0,0514344 0,05164301
3 0,5059133 0,7697654 0,05019251 0,0510149
4 0,4678201 0,730128 0,0356687 0,09701927
5 0,6254421 0,7893757 0,01746047 0,03799546
6 0,5853316 0,7731327 0,01612484 0,02978274
6 0,4706924 0,6985538 0,01240161 0,02305534
