0 0,4497127 0,2190772 0,01389247 0,04333675
0 0,448178 0,2087577 0,01301476 0,04180974
0 0,4258425 0,524571 0,02867809 0,06503537
0 0,4918846 0,606398 0,04009405 0,09529302
1 0,5099149 0,6735555 0,07764179 0,175054
2 0,3006576 0,5230929 0,04418826 0,05618051
2 0,2829985 0,5913157 0,05195808 0,06993842
2 0,4483158 0,2146917 0,01658618 0,0512374
2 0,4494415 0,2131149 0,01593697 0,04931331
3 0,3481836 0,4856069 0,07414567 0,09717217
3 0,4379939 0,519863 0,07119322 0,1135494
3 0,5348015 0,2637678 0,02487946 0,05225879
4 0,4886381 0,6698811 0,08521688 0,4032044
5 0,3117665 0,4597835 0,02007723 0,05422103
6 0,5339639 0,263068 0,01076168 0,02317858
6 0,5370963 0,2714084 0,01117277 0,02400899
6 0,3361627 0,4891451 0,02427408 0,04856184
6 0,48491 0,5327342 0,02536854 0,0675666
