0 0,7820892 0,2857616 0,06100392 0,1037187
0 0,8002107 0,3014905 0,06240141 0,106195
0 0,124378 0,04408187 0,08012369 0,1033496
2 0,2517284 0,05338788 0,05134676 0,04696053
2 0,1804887 0,0314666 0,06675963 0,04964948
2 0,7898247 0,2941469 0,0735997 0,1388215
2 0,7920378 0,2932132 0,07262844 0,1381156
3 0,2361994 0,04244578 0,0904302 0,142139
3 0,1124581 0,05330801 0,1811442 0,1914872
3 0,9758247 0,66962 0,2287572 0,3634787
5 0,3067182 0,04774648 0,02948213 0,06507367
5 0,8192189 0,3027021 0,03189445 0,05001765
6 0,9773266 0,6680225 0,115063 0,176437
6 0,9602963 0,6971012 0,1224741 0,1946382
6 0,2426398 0,02970827 0,03126022 0,06874824
