0 0,8607547 0,4832194 0,03639412 0,04421896
0 0,8520102 0,459855 0,03808701 0,05499423
0 0,4104812 0,3763626 0,02409911 0,06467521
0 0,3768083 0,273841 0,02572292 0,06449318
1 0,344171 0,1892737 0,04224044 0,09025991
2 0,5682352 0,3558595 0,02484667 0,02171314
2 0,8641499 0,4711874 0,04513979 0,0378508
2 0,8496869 0,4720506 0,04466248 0,05581379
3 0,4263881 0,3195946 0,03220657 0,07124782
3 0,4068475 0,3566159 0,03765211 0,09632677
3 0,9269181 0,5839099 0,1033827 0,1077196
7 0,4114558 0,3858275 0,1239393 0,2784258
5 0,5892975 0,3497403 0,01517987 0,02933067
5 0,8508118 0,4635306 0,02151543 0,03237575
6 0,9293046 0,5863379 0,04712224 0,06347328
6 0,917332 0,5885245 0,04776925 0,06545785
