0 0,6714572 0,5751617 0,03426856 0,05633
0 0,5289218 0,4619652 0,02816397 0,04175138
1 0,5052806 0,4041981 0,03511646 0,04703951
2 0,7601742 0,5984427 0,04915106 0,04438487
2 0,7121741 0,5696633 0,04251665 0,03623837
2 0,2987621 0,2445366 0,01629132 0,01049078
3 0,7398667 0,5905864 0,07722455 0,1070144
3 0,6640308 0,5790897 0,07482862 0,100717
4 0,5308559 0,5145817 0,08105353 0,1762395
5 0,8165326 0,611561 0,03756833 0,06531268
5 0,02864569 0,01806998 0,05304823 0,09321439
6 0,7503226 0,5819412 0,02656579 0,05141068
6 0,5485751 0,4729432 0,02268308 0,04289055
