0 0,4019163 0,1151294 0,01947588 0,05428499
0 0,4087515 0,1122093 0,01842266 0,05343235
0 0,4287167 0,5245869 0,04397759 0,1053749
0 0,6656579 0,5528864 0,07256776 0,1495166
1 0,799462 0,6431249 0,1603382 0,3087053
2 0,2987671 0,5548056 0,05627862 0,1100321
2 0,294005 0,6710822 0,06730634 0,1481807
2 0,4045559 0,1145665 0,021732 0,07273149
2 0,4060663 0,113 0,02092981 0,07216901
3 0,3678702 0,47236 0,09952641 0,1725782
3 0,4453382 0,5117998 0,102561 0,1921623
3 0,5251397 0,1445339 0,03403252 0,05929428
4 0,6487586 0,6386358 0,2289354 0,572242
5 0,2990188 0,4569399 0,02452165 0,08458605
6 0,5235198 0,1442251 0,0127064 0,0280602
6 0,5297021 0,1521429 0,01321948 0,02905983
6 0,3369646 0,4926595 0,03266555 0,08077526
6 0,6173077 0,458378 0,044038 0,1004603
