0 0,6623749 0,1514105 0,04890782 0,1147292
0 0,6780611 0,1524151 0,04874372 0,1138159
0 0,5347723 0,3494607 0,01266706 0,03664112
0 0,5369682 0,4596482 0,0378623 0,06633693
0 0,4521682 0,3141177 0,02818209 0,03589857
1 0,4632308 0,2653594 0,03479883 0,04568142
2 0,6909698 0,565791 0,08926237 0,07616675
2 0,6639071 0,5099119 0,06629515 0,05182779
2 0,6680197 0,1502433 0,05491781 0,1560234
2 0,6722262 0,1530817 0,05407113 0,1558381
2 0,5362996 0,3521739 0,0159232 0,04552901
3 0,597249 0,503808 0,1347517 0,1471143
3 0,5199779 0,4571449 0,09683055 0,1060267
4 0,4545803 0,3700992 0,06891704 0,1546097
5 0,7340168 0,6065889 0,06440204 0,1452909
5 0,6943663 0,1682083 0,02449393 0,05496895
6 0,6384511 0,508896 0,04377753 0,08267123
6 0,4402762 0,3153651 0,02331811 0,03882122
