0 0,4527116 0,2112639 0,01135308 0,02363527
0 0,4552003 0,2062873 0,01152915 0,03129745
0 0,4856907 0,6125668 0,03308135 0,07976967
1 0,5099149 0,6735555 0,07764179 0,175054
2 0,3328423 0,396545 0,03118366 0,03476924
2 0,3229724 0,4344613 0,03500339 0,04073215
2 0,4526154 0,2027785 0,01455191 0,01857269
2 0,454964 0,2140397 0,01414517 0,03063399
3 0,2960715 0,7011164 0,1194908 0,1695426
3 0,4159959 0,734785 0,101533 0,1798908
3 0,5348015 0,2637678 0,02487946 0,05225879
7 0,4888265 0,6986352 0,08521688 0,4564885
5 0,3392798 0,3560107 0,01404598 0,03954536
6 0,5339639 0,263068 0,01076168 0,02317858
6 0,5370963 0,2714084 0,01117277 0,02400899
