0 0,5739458 0,3645889 0,02667326 0,05430609
0 0,5415409 0,2058344 0,02032751 0,03643101
1 0,554543 0,1539626 0,02738416 0,04550213
2 0,6391447 0,4815425 0,04144007 0,07038835
2 0,6482667 0,4323873 0,03747863 0,05897194
3 0,5915335 0,4225743 0,07226217 0,1209167
3 0,564546 0,3581324 0,06135041 0,09713244
3 0,1484315 0,5268549 0,1285443 0,1849095
4 0,5416346 0,2454001 0,05343473 0,1397302
5 0,630726 0,5186031 0,0223794 0,07695833
6 0,1396223 0,5388305 0,03631937 0,07415807
6 0,1743262 0,5055827 0,03330015 0,06850311
6 0,6123933 0,4371969 0,02385354 0,0571385
6 0,5309856 0,2185948 0,01557767 0,03463215
