0 0,4015953 0,1446123 0,0200378 0,04942441
0 0,4283755 0,1062647 0,01679289 0,05006558
0 0,6452639 0,4413332 0,03069454 0,06453466
0 0,5267482 0,3180766 0,02612966 0,05756688
1 0,5053977 0,235468 0,03423202 0,07137126
2 0,7194781 0,4518915 0,04060131 0,06437361
2 0,6859873 0,401299 0,03675574 0,05585784
2 0,4035886 0,1526203 0,0249595 0,04931468
2 0,4291315 0,1073841 0,02018204 0,06049293
3 0,6987716 0,4695567 0,06945282 0,1291342
3 0,6380768 0,4494653 0,06655258 0,124497
4 0,5278547 0,360921 0,07295614 0,2150809
5 0,7580705 0,4923862 0,03150052 0,0652256
6 0,710152 0,453272 0,02497733 0,05403209
6 0,5435628 0,3531284 0,02083927 0,05267626
