0 0,8228568 0,4552096 0,04236972 0,06704146
0 0,8370969 0,4643437 0,04277635 0,06843728
0 0,4114445 0,2823673 0,02506 0,06257826
1 0,344171 0,1892737 0,04224044 0,09025991
2 0,4999181 0,342132 0,02408031 0,02312362
2 0,4718284 0,3358917 0,02363175 0,02366257
2 0,829056 0,4603171 0,04979312 0,09002861
2 0,8306054 0,459367 0,04871553 0,08931109
3 0,9269181 0,5839099 0,1033827 0,1077196
4 0,4118038 0,3531659 0,1239393 0,2162549
5 0,8508118 0,4635306 0,02151543 0,03237575
6 0,9293046 0,5863379 0,04712224 0,06347328
6 0,917332 0,5885245 0,04776925 0,06545785
6 0,5079365 0,3332493 0,01344401 0,03249925
6 0,4535208 0,2923247 0,01981017 0,05470395
