0 0,4443184 0,217685 0,01316437 0,04283452
0 0,4503638 0,2159293 0,01253915 0,04244733
0 0,3769892 0,5355248 0,03212661 0,06458315
0 0,4918846 0,6064004 0,04009399 0,0952931
1 0,5099149 0,6735555 0,07764179 0,175054
2 0,3006576 0,5230929 0,04418826 0,05618051
2 0,2829985 0,5913157 0,05195808 0,06993842
2 0,4467613 0,2173935 0,01448986 0,05769295
2 0,4478769 0,2163934 0,01388547 0,05733681
3 0,3481836 0,4856069 0,07414567 0,09717217
3 0,3897495 0,5316671 0,07511243 0,1115499
3 0,5348015 0,2637678 0,02487946 0,05225879
4 0,4886381 0,6698811 0,08521688 0,4032044
5 0,3117665 0,4597835 0,02007723 0,05422103
6 0,5339639 0,263068 0,01076168 0,02317858
6 0,5370963 0,2714084 0,01117277 0,02400899
6 0,3266255 0,4913105 0,02496362 0,04883692
6 0,48491 0,5327367 0,02536851 0,0675666
