0 0,7691175 0,2707697 0,04469121 0,08887601
0 0,7786528 0,2868032 0,04651409 0,09237856
0 0,1624567 0,01202083 0,05937669 0,0844509
2 0,2517284 0,05338788 0,05134676 0,04696053
2 0,1804887 0,0314666 0,06675963 0,04964948
2 0,7745516 0,2808302 0,05109042 0,11304
2 0,773079 0,2769789 0,05071086 0,1129774
3 0,2361994 0,04244578 0,0904302 0,142139
3 0,1541758 0,01803464 0,1288195 0,1515758
3 0,9758247 0,66962 0,2287572 0,3634787
5 0,3067182 0,04774648 0,02948213 0,06507367
5 0,8192189 0,3027021 0,03189445 0,05001765
6 0,9773266 0,6680225 0,115063 0,176437
6 0,9602963 0,6971012 0,1224741 0,1946382
6 0,2475305 0,02116323 0,02919045 0,06527114
