0 0,824199 0,3082849 0,0488795 0,06207317
0 0,9806265 0,3238093 0,06847262 0,08822203
0 0,438901 0,4654292 0,03148562 0,08740437
0 0,5376559 0,2881342 0,02131164 0,03882611
1 0,5790026 0,2138637 0,03261721 0,05186844
2 0,3590665 0,5850765 0,07715189 0,1046726
2 0,4461618 0,5632448 0,0588662 0,09660861
2 0,8271398 0,3214007 0,06116873 0,06404907
2 0,9888971 0,330879 0,08371574 0,1117268
3 0,3751271 0,4638988 0,08035699 0,158969
3 0,4397322 0,4519169 0,05887485 0,1512563
3 0,2241504 0,3585726 0,0686256 0,05226058
4 0,5372693 0,3303965 0,08998585 0,1614416
5 0,2713746 0,5719391 0,06301764 0,1099696
5 0,8872309 0,3292185 0,0345214 0,0410676
6 0,2198936 0,3611897 0,02137688 0,03080112
6 0,2368103 0,358882 0,02038333 0,03052652
6 0,3592398 0,5135403 0,03789318 0,09543997
6 0,5072933 0,2915966 0,01430666 0,03729093
