0 0,874127 0,3248758 0,06294221 0,07535326
0 0,3646115 0,6042373 0,06780055 0,1628637
0 0,5294504 0,3053893 0,02637976 0,05060953
1 0,5818 0,2113518 0,04174346 0,06662339
2 0,1871436 0,8820735 0,2180757 0,3120818
2 0,3517984 0,8254851 0,1382405 0,2712146
2 0,8780351 0,3407015 0,07850558 0,07844216
3 0,2694101 0,5954405 0,1907251 0,3157513
3 0,3720954 0,5720116 0,1257059 0,2915383
3 0,1574931 0,3847572 0,08993376 0,06473523
4 0,5290327 0,3586548 0,1136142 0,2083092
5 0,006140887 0,8831666 0,1796281 0,2445139
5 0,9670353 0,3557343 0,04726124 0,05241102
6 0,1523311 0,387913 0,02964222 0,03786784
6 0,1730144 0,3849586 0,02816668 0,03746033
6 0,2017432 0,7319961 0,1047962 0,2028764
6 0,4907335 0,3100771 0,01743677 0,04845315
