0 0,6991144 0,559291 0,03191167 0,05083218
0 0,5287895 0,4794082 0,02806288 0,04289579
1 0,5052806 0,4041981 0,03511646 0,04703951
2 0,7601742 0,5984427 0,04915106 0,04438487
2 0,7121741 0,5696633 0,04251665 0,03623837
2 0,2987621 0,2445366 0,01629132 0,01049078
3 0,7398667 0,5905864 0,07722455 0,1070144
3 0,692631 0,56256 0,06851232 0,08976948
4 0,5308128 0,5199227 0,08105886 0,1882686
5 0,8165326 0,611561 0,03756833 0,06531268
5 0,02864569 0,01806998 0,05304823 0,09321439
6 0,7581922 0,5759313 0,02597141 0,0497041
6 0,5483544 0,492007 0,02259272 0,04380402
