0 0,8059454 0,296127 0,04789025 0,07052362
0 0,9383954 0,3582437 0,06457102 0,09503299
0 0,4455881 0,5844064 0,02549917 0,09756693
0 0,5335022 0,2993686 0,02031094 0,05114019
1 0,5747445 0,2297707 0,03169996 0,06879061
2 0,38649 0,7280516 0,05265343 0,1281529
2 0,4535123 0,7074856 0,04416007 0,1219749
2 0,807214 0,3102758 0,0584451 0,07489139
2 0,9445367 0,3664938 0,07835042 0,1201154
3 0,3916937 0,570662 0,05937994 0,2006357
3 0,4456443 0,5583091 0,04720235 0,193805
3 0,226983 0,2873043 0,06698772 0,05998886
4 0,5323163 0,3384047 0,08492297 0,1701151
5 0,3195437 0,7275103 0,04508871 0,09188306
5 0,8533932 0,3595514 0,03259754 0,04409939
6 0,2229329 0,2897061 0,0210017 0,03554875
6 0,2394818 0,2878915 0,02001475 0,03528565
6 0,384167 0,6629275 0,02709451 0,09462422
6 0,5047463 0,3028122 0,01331058 0,04541922
