0 0,3446306 0,2816951 0,0233891 0,08998543
0 0,3572589 0,2731556 0,02235913 0,09128851
0 0,4393849 0,4622576 0,01535764 0,04289687
0 0,6979187 0,542309 0,05669147 0,08692062
0 0,4380897 0,4830007 0,0359785 0,06248307
1 0,4262002 0,3933302 0,0438523 0,06928325
2 0,8193282 0,5917844 0,1065367 0,08409217
2 0,7344112 0,5530621 0,07753932 0,06007716
2 0,3512351 0,2762057 0,01915246 0,1228757
2 0,3506308 0,2782614 0,01955679 0,1220971
2 0,4407628 0,4644208 0,01911303 0,0532366
3 0,7582812 0,5892408 0,1681161 0,2171583
3 0,6827677 0,5507101 0,1270989 0,1598443
3 0,6043726 0,1155083 0,1079496 0,1856731
4 0,4441333 0,5378267 0,07980654 0,2641691
5 0,9465616 0,6059999 0,09762418 0,1398778
5 0,3865041 0,2850627 0,01282066 0,04209334
6 0,5987533 0,1189496 0,03646958 0,07521915
6 0,6214966 0,08527452 0,04134601 0,08556575
6 0,8089817 0,5515416 0,05411547 0,09391391
6 0,4434237 0,493956 0,03099257 0,06612816
