0 0,6441852 0,1552773 0,02848732 0,1139047
0 0,6636569 0,1464842 0,03201252 0,1188432
0 0,5369467 0,3488036 0,01248986 0,03614658
0 0,6083641 0,4674988 0,04404068 0,06966168
0 0,4523613 0,3325701 0,02804121 0,03660005
1 0,4632308 0,2653594 0,03479883 0,04568142
2 0,6909698 0,565791 0,08926237 0,07616675
2 0,6639071 0,5099119 0,06629515 0,05182779
2 0,6533023 0,1494835 0,02670974 0,1602075
2 0,6541667 0,151908 0,02713728 0,1592334
2 0,4990962 0,3562552 0,01811883 0,03421456
2 0,53845 0,3515083 0,01569784 0,04488236
3 0,597249 0,503808 0,1347517 0,1471143
3 0,5899471 0,4647215 0,1061062 0,1113483
4 0,4546367 0,3757424 0,06894004 0,1671867
5 0,7340168 0,6065889 0,06440204 0,1452909
5 0,6943663 0,1682083 0,02449393 0,05496895
6 0,6708896 0,5130456 0,04814363 0,08445963
6 0,4405527 0,3358614 0,02318588 0,03933984
