0 0,7011397 0,605404 0,03206187 0,04684901
0 0,5285225 0,5096745 0,02857524 0,03744209
1 0,5056318 0,4390863 0,03550723 0,04576123
2 0,7641399 0,6487339 0,05016387 0,03832698
2 0,7144173 0,6223816 0,04323018 0,03084213
2 0,3052745 0,3554558 0,01548386 0,01004356
3 0,743495 0,63104 0,07774442 0,09464258
3 0,6946291 0,6067447 0,06904048 0,07878959
3 0,206878 0,003130436 0,2081873 0,504644
4 0,530193 0,5513663 0,08318019 0,1764026
5 0,8224419 0,6582853 0,03763193 0,06401351
5 0,0583927 0,1914424 0,04383761 0,07789677
6 0,2121779 0,01390088 0,07834415 0,1797411
6 0,7617128 0,6230602 0,0257836 0,04720193
