0 0,6144077 0,3912062 0,02885252 0,05889702
0 0,541209 0,2186651 0,02017021 0,03662705
1 0,554543 0,1539626 0,02738416 0,04550213
2 0,6391447 0,4815425 0,04144007 0,07038835
2 0,6482667 0,4323873 0,03747863 0,05897194
3 0,5915335 0,4225743 0,07226217 0,1209167
3 0,6038082 0,3838179 0,06667137 0,1058232
3 0,1484315 0,5268549 0,1285443 0,1849095
4 0,5415322 0,2492606 0,05351454 0,1475611
5 0,630726 0,5186031 0,0223794 0,07695833
6 0,1396223 0,5388305 0,03631937 0,07415807
6 0,1743262 0,5055827 0,03330015 0,06850311
6 0,6289053 0,4491181 0,02477258 0,05898309
6 0,5307196 0,2320221 0,0154503 0,03467983
