0 0,4031731 0,1430762 0,02041432 0,05342489
0 0,4286114 0,1020756 0,01657856 0,04938877
0 0,672815 0,4101694 0,02967727 0,05983061
0 0,5264164 0,3325875 0,02581728 0,05742484
1 0,5053977 0,235468 0,03423202 0,07137126
2 0,7194781 0,4518915 0,04060131 0,06437361
2 0,6859873 0,401299 0,03675574 0,05585784
2 0,4059071 0,1501483 0,0244751 0,05736691
2 0,4293732 0,1032467 0,01990497 0,05966479
3 0,6987716 0,4695567 0,06945282 0,1291342
3 0,6662584 0,4173487 0,06329584 0,1142629
4 0,5277501 0,3651791 0,07295614 0,2232573
5 0,7580705 0,4923862 0,03150052 0,0652256
6 0,7187134 0,4418845 0,02476281 0,05283648
6 0,5430011 0,3681745 0,02056623 0,05235356
