0 0,5672111 0,3537836 0,01913637 0,03183508
0 0,4678442 0,288323 0,01586425 0,02762109
1 0,4610068 0,2351021 0,02145839 0,03416073
2 0,5995833 0,3842651 0,0279119 0,02668685
2 0,5847372 0,362652 0,02541012 0,023489
3 0,5734422 0,3751313 0,04839927 0,05946594
3 0,5607051 0,3550161 0,04448593 0,05375206
3 0,3415031 0,9390264 0,1004186 0,430204
4 0,4696159 0,313612 0,03530312 0,1185855
5 0,6159035 0,3951436 0,01635259 0,03913385
6 0,3401845 0,9711329 0,04977629 0,1389743
6 0,3463092 0,8726662 0,04339123 0,1172998
6 0,5946227 0,3693836 0,01553738 0,03042769
6 0,4719914 0,299164 0,01226956 0,02678031
