0 0,7351398 0,4394573 0,06423992 0,08963627
0 0,7346839 0,438772 0,0652535 0,1038064
0 0,5083818 0,3601738 0,01942971 0,04304832
0 0,5375736 0,3557183 0,02082413 0,04223418
0 0,560228 0,2675549 0,02282298 0,03735286
1 0,5790026 0,2138637 0,03261721 0,05186844
2 0,1446004 0,6350049 0,1369156 0,1252041
2 0,2467383 0,6095439 0,10744 0,1148842
2 0,7388809 0,4142374 0,0845359 0,07788211
2 0,7296997 0,4325266 0,06597996 0,1317022
3 0,5181026 0,3824649 0,04834029 0,09315836
3 0,5525611 0,3767387 0,05367732 0,09029609
3 0,2241504 0,3585726 0,0686256 0,05226058
7 0,5372423 0,3542867 0,08998585 0,2100805
5 0,0382719 0,6232066 0,09844255 0,1232163
5 0,7483267 0,4312194 0,05803496 0,08045644
6 0,2198936 0,3611897 0,02137688 0,03080112
6 0,2368103 0,358882 0,02038333 0,03052652
