0 0,5705891 0,763469 0,01999009 0,02892314
1 0,4609042 0,6632729 0,02086177 0,02715898
2 0,6070969 0,7902295 0,03056526 0,01950295
2 0,5898123 0,777906 0,02737713 0,01694472
2 0,4195266 0,5616499 0,01551479 0,01034686
2 0,4206288 0,5563371 0,01653954 0,01129809
3 0,5782127 0,7739678 0,0514344 0,05164301
3 0,5637345 0,7638232 0,04675931 0,04626054
4 0,4677922 0,7336587 0,03574347 0,1049304
5 0,6254421 0,7893757 0,01746047 0,03799546
6 0,6006038 0,7713323 0,01614332 0,02920413
6 0,4706044 0,7104297 0,01242962 0,02355719
