0 0,8123361 0,4464456 0,0298723 0,05883676
0 0,8203882 0,4559186 0,03071558 0,06080163
0 0,4822336 0,3311 0,01800889 0,03793389
0 0,4111971 0,3065447 0,02481273 0,06314814
1 0,344171 0,1892737 0,04224044 0,09025991
2 0,4999181 0,342132 0,02408031 0,02312362
2 0,4718284 0,3358917 0,02363175 0,02366257
2 0,8169797 0,4525956 0,03238457 0,07549953
2 0,8156887 0,4499987 0,03207952 0,07515502
3 0,4846348 0,3353481 0,03737521 0,06948906
3 0,9269181 0,5839099 0,1033827 0,1077196
4 0,411728 0,3602939 0,1239393 0,2296836
5 0,8508118 0,4635306 0,02151543 0,03237575
6 0,9293046 0,5863379 0,04712224 0,06347328
6 0,917332 0,5885245 0,04776925 0,06545785
6 0,5042235 0,3275555 0,01289615 0,03139085
6 0,4529204 0,3153325 0,01960209 0,05489773
