0 0,3243435 0,5484987 0,03723541 0,06634068
1 0,5099149 0,6735555 0,07764179 0,175054
2 0,3006576 0,5230929 0,04418826 0,05618051
2 0,2829985 0,5913157 0,05195808 0,06993842
3 0,3481836 0,4856069 0,07414567 0,09717217
3 0,337734 0,5446515 0,08488372 0,1145609
3 0,5348015 0,2637678 0,02487946 0,05225879
4 0,4886795 0,6762015 0,08521688 0,4151713
5 0,3117665 0,4597835 0,02007723 0,05422103
6 0,5339639 0,263068 0,01076168 0,02317858
6 0,5370963 0,2714084 0,01117277 0,02400899
6 0,3101454 0,4950529 0,02616748 0,04931343
6 0,4850834 0,5531887 0,02501622 0,06723812
