0 0,7674114 0,2637905 0,05625093 0,1002004
0 0,7637575 0,271579 0,05520642 0,1005362
0 0,1635211 0,01111639 0,05885586 0,08393282
2 0,2517284 0,05338788 0,05134676 0,04696053
2 0,1804887 0,0314666 0,06675963 0,04964948
2 0,7673606 0,2709231 0,06747162 0,1319188
2 0,76401 0,2650801 0,0643146 0,1276116
3 0,2361994 0,04244578 0,0904302 0,142139
3 0,1541758 0,01803464 0,1288195 0,1515758
3 0,9758247 0,66962 0,2287572 0,3634787
5 0,3067182 0,04774648 0,02948213 0,06507367
5 0,8192189 0,3027021 0,03189445 0,05001765
6 0,9773266 0,6680225 0,115063 0,176437
6 0,9602963 0,6971012 0,1224741 0,1946382
6 0,2504215 0,01611155 0,02799314 0,06321937
