0 0,7980865 0,5210959 0,09762758 0,1337095
0 0,8076565 0,5333726 0,1054572 0,1610122
0 0,4925914 0,3961322 0,02352387 0,05730683
0 0,5295789 0,3899665 0,02563643 0,05592269
0 0,5580412 0,2792768 0,02868956 0,04823673
1 0,5818 0,2113518 0,04174346 0,06662339
2 0,8039353 0,4871287 0,1291594 0,1222828
2 0,7974443 0,5204403 0,1035154 0,1943634
3 0,501678 0,4343519 0,06035328 0,1388309
3 0,5474759 0,4257436 0,07022172 0,1331826
3 0,1574931 0,3847572 0,08993376 0,06473523
7 0,5290824 0,3884976 0,1136142 0,2692568
5 0,83676 0,5334522 0,1009632 0,1341469
6 0,1523311 0,387913 0,02964222 0,03786784
6 0,1730144 0,3849586 0,02816668 0,03746033
