0 0,6999878 0,5587857 0,03184712 0,05066773
0 0,5285625 0,5093631 0,02788901 0,04483983
1 0,5052806 0,4041981 0,03511646 0,04703951
2 0,7601742 0,5984427 0,04915106 0,04438487
2 0,7121741 0,5696633 0,04251665 0,03623837
2 0,2987621 0,2445366 0,01629132 0,01049078
3 0,7398667 0,5905864 0,07722455 0,1070144
3 0,692631 0,56256 0,06851232 0,08976948
4 0,5307153 0,5320237 0,08107132 0,2153974
5 0,8165326 0,611561 0,03756833 0,06531268
5 0,02864569 0,01806998 0,05304823 0,09321439
6 0,7630288 0,5722377 0,02560359 0,04866472
