0 0,8112413 0,3018922 0,04846001 0,07479811
0 0,9505525 0,36079 0,06626809 0,09571958
0 0,4455744 0,5880728 0,02565792 0,0984028
0 0,5328922 0,3266388 0,01992327 0,05150563
1 0,5747445 0,2297707 0,03169996 0,06879061
2 0,38649 0,7280516 0,05265343 0,1281529
2 0,4535123 0,7074856 0,04416007 0,1219749
2 0,8129739 0,3149839 0,05925179 0,08315921
2 0,9567624 0,3691386 0,08050537 0,1209065
3 0,3916937 0,570662 0,05937994 0,2006357
3 0,4456443 0,5583091 0,04720235 0,193805
3 0,226983 0,2873043 0,06698772 0,05998886
4 0,5320764 0,3492256 0,08492297 0,1909828
5 0,3195437 0,7275103 0,04508871 0,09188306
5 0,8533932 0,3595514 0,03259754 0,04409939
6 0,2229329 0,2897061 0,0210017 0,03554875
6 0,2394818 0,2878915 0,02001475 0,03528565
6 0,381439 0,6935135 0,02860752 0,1003465
6 0,5046223 0,3303583 0,01307461 0,04542774
