0 0,3893178 0,1131212 0,01945162 0,0559839
0 0,3932967 0,1191315 0,01870996 0,05596262
0 0,3521951 0,5787401 0,04860306 0,1177368
0 0,6547101 0,6301805 0,06705034 0,1465244
1 0,799462 0,6431249 0,1603382 0,3087053
2 0,2987671 0,5548056 0,05627862 0,1100321
2 0,294005 0,6710822 0,06730634 0,1481807
2 0,3920412 0,1166199 0,02252272 0,07341558
2 0,3906508 0,1158469 0,02165011 0,07173818
3 0,3678702 0,47236 0,09952641 0,1725782
3 0,3744774 0,5621704 0,1147505 0,2152341
3 0,5251397 0,1445339 0,03403252 0,05929428
4 0,6451882 0,6646379 0,2313376 0,614095
5 0,2990188 0,4569399 0,02452165 0,08458605
6 0,5235198 0,1442251 0,0127064 0,0280602
6 0,5297021 0,1521429 0,01321948 0,02905983
6 0,2955953 0,5181385 0,03728995 0,08526832
6 0,6105539 0,5306975 0,04118544 0,09801725
