0 0,6321431 0,1620119 0,04155153 0,1106778
0 0,6421905 0,1487615 0,04300606 0,1172472
0 0,5389462 0,3482168 0,0123257 0,03569639
0 0,6109165 0,4677768 0,04440165 0,06978771
0 0,4526916 0,3641582 0,0277999 0,03806126
1 0,4632308 0,2653594 0,03479883 0,04568142
2 0,6909698 0,565791 0,08926237 0,07616675
2 0,6639071 0,5099119 0,06629515 0,05182779
2 0,6385102 0,1537918 0,04939884 0,1512027
2 0,6357423 0,1567149 0,04691547 0,1475068
2 0,5023151 0,3561484 0,01662037 0,03997833
2 0,5404238 0,3509057 0,01549715 0,04430741
3 0,597249 0,503808 0,1347517 0,1471143
3 0,5899471 0,4647215 0,1061062 0,1113483
4 0,4547642 0,3885133 0,0689919 0,1954767
5 0,7340168 0,6065889 0,06440204 0,1452909
5 0,6943663 0,1682083 0,02449393 0,05496895
6 0,6923264 0,515788 0,05109859 0,08564773
6 0,4410249 0,3708986 0,02296007 0,04045117
