0 0,2683059 0,05515641 0,1003515 0,2252938
0 0,2674209 0,0187242 0,1043039 0,2468308
0 0,5431702 0,3830058 0,02579969 0,04140735
0 0,412656 0,386678 0,02073544 0,03652221
1 0,4045488 0,3091663 0,02774587 0,04418731
2 0,5880774 0,4005628 0,03906655 0,03058356
2 0,5676579 0,391001 0,03409201 0,02649605
2 0,4432251 0,2295904 0,01445028 0,01197642
2 0,445881 0,225087 0,01531217 0,01275301
2 0,2719871 0,03529799 0,1192517 0,3062704
2 0,2641502 0,03903854 0,1183589 0,3019755
3 0,5490258 0,3960761 0,06819475 0,08372444
3 0,5328687 0,3877071 0,06066108 0,07383549
4 0,4157586 0,4043767 0,04558223 0,1608863
5 0,6110081 0,3933812 0,02266514 0,04951155
5 0,3706289 0,0521428 0,02930784 0,1049215
6 0,5873772 0,376184 0,02101344 0,04042697
6 0,4139994 0,3920428 0,01683384 0,03592837
