0 0,6158879 0,3921765 0,02894139 0,0590781
0 0,5406452 0,2404591 0,0199033 0,03694367
1 0,554543 0,1539626 0,02738416 0,04550213
2 0,6391447 0,4815425 0,04144007 0,07038835
2 0,6482667 0,4323873 0,03747863 0,05897194
3 0,5915335 0,4225743 0,07226217 0,1209167
3 0,6038082 0,3838179 0,06667137 0,1058232
3 0,1484315 0,5268549 0,1285443 0,1849095
4 0,541301 0,2579724 0,05369323 0,1650825
5 0,630726 0,5186031 0,0223794 0,07695833
6 0,1396223 0,5388305 0,03631937 0,07415807
6 0,1743262 0,5055827 0,03330015 0,06850311
6 0,639944 0,4570881 0,02539569 0,06022787
6 0,5302683 0,2548041 0,01523423 0,03474921
