0 0,4061491 0,1423393 0,02001503 0,05518985
0 0,4288548 0,09827626 0,01637703 0,04876465
0 0,6737078 0,4091521 0,02965176 0,05969346
0 0,525859 0,3569669 0,02529365 0,05715746
1 0,5053977 0,235468 0,03423202 0,07137126
2 0,7194781 0,4518915 0,04060131 0,06437361
2 0,6859873 0,401299 0,03675574 0,05585784
2 0,4093671 0,1481329 0,02321303 0,06290323
2 0,4296149 0,09948385 0,01965198 0,0589155
3 0,6987716 0,4695567 0,06945282 0,1291342
3 0,6662584 0,4173487 0,06329584 0,1142629
4 0,5275148 0,3747505 0,07295614 0,241402
5 0,7580705 0,4923862 0,03150052 0,0652256
6 0,7240518 0,4347836 0,02462482 0,05209535
6 0,5420592 0,3933997 0,02010989 0,05179429
