0 0,5715189 0,7633725 0,01999187 0,02888921
0 0,4663808 0,7265636 0,01603654 0,02408788
1 0,4609042 0,6632729 0,02086177 0,02715898
2 0,6070969 0,7902295 0,03056526 0,01950295
2 0,5898123 0,777906 0,02737713 0,01694472
2 0,4195266 0,5616499 0,01551479 0,01034686
2 0,4206288 0,5563371 0,01653954 0,01129809
3 0,5782127 0,7739678 0,0514344 0,05164301
3 0,5637345 0,7638232 0,04675931 0,04626054
4 0,4677283 0,7417046 0,0359143 0,1230087
5 0,6254421 0,7893757 0,01746047 0,03799546
6 0,6066395 0,7706208 0,01614791 0,02897614
6 0,4704507 0,7311503 0,01247853 0,02443787
