0 0,5213938 0,1767774 0,01215291 0,03880078
0 0,6565833 0,4987438 0,03811079 0,05924752
0 0,4996756 0,3480214 0,02113393 0,0424701
1 0,498033 0,2313168 0,02910551 0,05127168
2 0,7168561 0,5946071 0,06058955 0,06772405
2 0,6888258 0,5165134 0,0502367 0,05318525
2 0,490527 0,201654 0,0142726 0,04693657
2 0,5225729 0,1787062 0,0153228 0,04708391
3 0,6625059 0,5703275 0,101723 0,1159805
3 0,6420329 0,4981847 0,08614123 0,09676853
4 0,5016533 0,3688922 0,04229704 0,2152542
5 0,7542527 0,6690924 0,04365903 0,09384048
6 0,7208094 0,5695398 0,03693146 0,05973318
6 0,4996705 0,3780165 0,01667365 0,04158151
