0 0,8934271 0,3341882 0,06582069 0,0859322
0 0,3527057 0,6536484 0,0804294 0,1950345
0 0,5295621 0,380025 0,0257228 0,05531734
1 0,5818 0,2113518 0,04174346 0,06662339
2 0,1871436 0,8820735 0,2180757 0,3120818
2 0,3517984 0,8254851 0,1382405 0,2712146
2 0,8989047 0,3452581 0,07753867 0,1030205
3 0,2694101 0,5954405 0,1907251 0,3157513
3 0,3720954 0,5720116 0,1257059 0,2915383
3 0,1574931 0,3847572 0,08993376 0,06473523
7 0,5290803 0,3872148 0,1136142 0,266666
5 0,006140887 0,8831666 0,1796281 0,2445139
5 0,9670353 0,3557343 0,04726124 0,05241102
6 0,1523311 0,387913 0,02964222 0,03786784
6 0,1730144 0,3849586 0,02816668 0,03746033
6 0,1685348 0,7976019 0,1281334 0,2419174
6 0,4918302 0,3858089 0,01704165 0,05143499
