0 0,8172931 0,3104693 0,04982549 0,07706428
0 0,9637694 0,3636045 0,06811178 0,09646297
0 0,4455276 0,6206299 0,02706662 0,1059611
0 0,5323232 0,3520715 0,01956332 0,051808
1 0,5747445 0,2297707 0,03169996 0,06879061
2 0,38649 0,7280516 0,05265343 0,1281529
2 0,4535123 0,7074856 0,04416007 0,1219749
2 0,8194631 0,3217407 0,05921555 0,08943272
2 0,970053 0,3720345 0,08286768 0,1218124
3 0,3916937 0,570662 0,05937994 0,2006357
3 0,4456443 0,5583091 0,04720235 0,193805
3 0,226983 0,2873043 0,06698772 0,05998886
7 0,5318737 0,358368 0,08492297 0,2083796
5 0,3195437 0,7275103 0,04508871 0,09188306
5 0,8533932 0,3595514 0,03259754 0,04409939
6 0,2229329 0,2897061 0,0210017 0,03554875
6 0,2394818 0,2878915 0,02001475 0,03528565
6 0,3811006 0,6973084 0,02879676 0,1010655
6 0,5045067 0,3560377 0,01285535 0,04541063
