0 0,3896671 0,10915 0,01813883 0,05165023
0 0,3869935 0,1161925 0,01739365 0,05141705
0 0,3285003 0,595735 0,05175462 0,1219778
0 0,6486921 0,6726701 0,06406426 0,1444781
1 0,799462 0,6431249 0,1603382 0,3087053
2 0,2987671 0,5548056 0,05627862 0,1100321
2 0,294005 0,6710822 0,06730634 0,1481807
2 0,389476 0,1134298 0,02454519 0,0671345
2 0,3873523 0,1121725 0,0232363 0,06465697
3 0,3678702 0,47236 0,09952641 0,1725782
3 0,3744774 0,5621704 0,1147505 0,2152341
3 0,5251397 0,1445339 0,03403252 0,05929428
7 0,6431445 0,679518 0,2326812 0,6368744
5 0,2990188 0,4569399 0,02452165 0,08458605
6 0,5235198 0,1442251 0,0127064 0,0280602
6 0,5297021 0,1521429 0,01321948 0,02905983
6 0,2935958 0,51937 0,03757608 0,08548757
6 0,6067877 0,5710294 0,03961337 0,096486
