0 0,3438373 0,2916297 0,03307253 0,08368582
0 0,3338986 0,2845786 0,03314573 0,08544779
0 0,4421185 0,4591914 0,01489288 0,04142702
0 0,716547 0,5308521 0,05616099 0,08366847
0 0,4422407 0,563178 0,03563732 0,06875545
1 0,4262002 0,3933302 0,0438523 0,06928325
2 0,8193282 0,5917844 0,1065367 0,08409217
2 0,7344112 0,5530621 0,07753932 0,06007716
2 0,3408154 0,2860425 0,04531768 0,1115978
2 0,3373185 0,2896805 0,04293782 0,1072208
2 0,4434397 0,4613283 0,01849222 0,05141073
3 0,7582812 0,5892408 0,1681161 0,2171583
3 0,6827677 0,5507101 0,1270989 0,1598443
3 0,6043726 0,1155083 0,1079496 0,1856731
7 0,445709 0,5685784 0,08288401 0,3368281
5 0,9465616 0,6059999 0,09762418 0,1398778
5 0,3865041 0,2850627 0,01282066 0,04209334
6 0,5987533 0,1189496 0,03646958 0,07521915
6 0,6214966 0,08527452 0,04134601 0,08556575
6 0,8236026 0,5409585 0,05377567 0,09099048
6 0,4481196 0,5860528 0,03063399 0,07166779
