0 0,2832612 0,07354724 0,08059219 0,1879115
0 0,2567532 0,04695761 0,08824834 0,2038392
0 0,553333 0,3779041 0,02570415 0,04071212
0 0,4142794 0,4096214 0,02062336 0,03735894
1 0,4045488 0,3091663 0,02774587 0,04418731
2 0,5880774 0,4005628 0,03906655 0,03058356
2 0,5676579 0,391001 0,03409201 0,02649605
2 0,4432251 0,2295904 0,01445028 0,01197642
2 0,445881 0,225087 0,01531217 0,01275301
2 0,274457 0,05631447 0,1108317 0,2490516
2 0,267101 0,06400347 0,1062445 0,2401506
3 0,5490258 0,3960761 0,06819475 0,08372444
3 0,5328687 0,3877071 0,06066108 0,07383549
7 0,4163411 0,4126714 0,04670161 0,178661
5 0,6110081 0,3933812 0,02266514 0,04951155
5 0,3706289 0,0521428 0,02930784 0,1049215
6 0,5883238 0,3756935 0,02100223 0,04036731
6 0,4157436 0,4167886 0,01673055 0,03652442
