0 0,4106492 0,1422648 0,01934752 0,05625629
0 0,4291266 0,09431821 0,01616028 0,04810476
0 0,6810482 0,4006895 0,02943385 0,05855477
0 0,5253418 0,3795809 0,02480823 0,05687875
1 0,5053977 0,235468 0,03423202 0,07137126
2 0,7194781 0,4518915 0,04060131 0,06437361
2 0,6859873 0,401299 0,03675574 0,05585784
2 0,4141688 0,1463979 0,02132139 0,06695604
2 0,4298786 0,0955534 0,01938739 0,05813831
3 0,6987716 0,4695567 0,06945282 0,1291342
3 0,6662584 0,4173487 0,06329584 0,1142629
7 0,5273163 0,3828212 0,07295614 0,2564555
5 0,7580705 0,4923862 0,03150052 0,0652256
6 0,7246754 0,4339542 0,02460879 0,05200905
6 0,5411878 0,4167394 0,01968843 0,05125618
