0 0,5792336 0,7625585 0,02000356 0,02860355
0 0,4662254 0,7454842 0,01609355 0,02508992
1 0,4609042 0,6632729 0,02086177 0,02715898
2 0,6070969 0,7902295 0,03056526 0,01950295
2 0,5898123 0,777906 0,02737713 0,01694472
2 0,4195266 0,5616499 0,01551479 0,01034686
2 0,4206288 0,5563371 0,01653954 0,01129809
3 0,5782127 0,7739678 0,0514344 0,05164301
3 0,5637345 0,7638232 0,04675931 0,04626054
7 0,4676736 0,7486099 0,03606123 0,1385796
5 0,6254421 0,7893757 0,01746047 0,03799546
6 0,6073478 0,7705373 0,01614839 0,02894942
6 0,4703014 0,7512882 0,01252609 0,02529971
