0 0,8176848 0,4444839 0,03522253 0,06502682
0 0,8065304 0,4426709 0,03272641 0,06233746
0 0,4793152 0,3254504 0,01730913 0,03659219
0 0,4103864 0,3857011 0,02400497 0,06486845
1 0,344171 0,1892737 0,04224044 0,09025991
2 0,4999181 0,342132 0,02408031 0,02312362
2 0,4718284 0,3358917 0,02363175 0,02366257
2 0,8133988 0,4457499 0,0441103 0,08791596
2 0,8108991 0,441925 0,04135066 0,08311403
3 0,4846348 0,3353481 0,03737521 0,06948906
3 0,9269181 0,5839099 0,1033827 0,1077196
7 0,411412 0,3899458 0,1239393 0,2869772
5 0,8508118 0,4635306 0,02151543 0,03237575
6 0,9293046 0,5863379 0,04712224 0,06347328
6 0,917332 0,5885245 0,04776925 0,06545785
6 0,5016981 0,3236827 0,01252836 0,03064036
