0 0,4359794 0,2109391 0,0127576 0,04005939
0 0,4328884 0,2165813 0,01210451 0,03984851
0 0,3068003 0,5529562 0,039074 0,06709811
1 0,5099149 0,6735555 0,07764179 0,175054
2 0,3006576 0,5230929 0,04418826 0,05618051
2 0,2829985 0,5913157 0,05195808 0,06993842
2 0,4353331 0,2144816 0,01793617 0,05148655
2 0,4336663 0,2132668 0,01684797 0,04959893
3 0,3481836 0,4856069 0,07414567 0,09717217
3 0,337734 0,5446515 0,08488372 0,1145609
3 0,5348015 0,2637678 0,02487946 0,05225879
7 0,4888499 0,7022237 0,08521688 0,4629349
5 0,3117665 0,4597835 0,02007723 0,05422103
6 0,5339639 0,263068 0,01076168 0,02317858
6 0,5370963 0,2714084 0,01117277 0,02400899
6 0,2981517 0,4977764 0,02705377 0,04966089
6 0,4856392 0,6187637 0,02388647 0,06606844
