0 0,4920274 0,1970876 0,01195115 0,04287457
0 0,5229231 0,1745439 0,0120641 0,0383153
0 0,6713095 0,4987438 0,03920865 0,05924752
0 0,4996805 0,3730145 0,02080509 0,0424127
1 0,498033 0,2313168 0,02910551 0,05127168
2 0,7168561 0,5946071 0,06058955 0,06772405
2 0,6888258 0,5165134 0,0502367 0,05318525
2 0,4947361 0,2017835 0,01215506 0,05179089
2 0,5240785 0,1764727 0,01519269 0,04650748
3 0,6625059 0,5703275 0,101723 0,1159805
3 0,6420329 0,4981847 0,08614123 0,09676853
7 0,5016442 0,3778619 0,04229704 0,2329004
5 0,7542527 0,6690924 0,04365903 0,09384048
6 0,7223083 0,5695398 0,03703266 0,05973318
6 0,4996759 0,4046509 0,01639318 0,04125321
