0 0,6991475 0,5116044 0,05416721 0,09408444
0 0,6951374 0,5364189 0,05438608 0,1037579
0 0,5049211 0,3632208 0,01783878 0,05267686
0 0,5321691 0,359032 0,01946527 0,05188555
0 0,5553318 0,2806001 0,02187073 0,05031681
1 0,5747445 0,2297707 0,03169996 0,06879061
2 0,2258834 0,7750631 0,08392794 0,1434886
2 0,3015698 0,7519016 0,06881511 0,1361121
2 0,7035907 0,4925819 0,0693047 0,09772596
2 0,6923892 0,5234764 0,05787325 0,1202751
3 0,5132443 0,4209132 0,0429025 0,1283483
3 0,5444851 0,4150467 0,0473485 0,1252426
3 0,226983 0,2873043 0,06698772 0,05998886
7 0,5318539 0,3592617 0,08492297 0,2100692
5 0,1470914 0,7766322 0,06663123 0,09933428
5 0,7039874 0,5508155 0,04598236 0,08749056
6 0,2229329 0,2897061 0,0210017 0,03554875
6 0,2394818 0,2878915 0,02001475 0,03528565
