0 0,8234436 0,3210636 0,0497908 0,0767076
0 0,977173 0,3664879 0,06997949 0,09720927
0 0,4454685 0,6617274 0,02885464 0,1158478
0 0,5322624 0,3547878 0,01952487 0,05183822
1 0,5747445 0,2297707 0,03169996 0,06879061
2 0,38649 0,7280516 0,05265343 0,1281529
2 0,4535123 0,7074856 0,04416007 0,1219749
2 0,8259698 0,3299627 0,05765265 0,09276235
2 0,9835298 0,3749742 0,08528352 0,1227712
3 0,3916937 0,570662 0,05937994 0,2006357
3 0,4456443 0,5583091 0,04720235 0,193805
3 0,226983 0,2873043 0,06698772 0,05998886
7 0,5318539 0,3592617 0,08492297 0,2100692
5 0,3195437 0,7275103 0,04508871 0,09188306
5 0,8533932 0,3595514 0,03259754 0,04409939
6 0,2229329 0,2897061 0,0210017 0,03554875
6 0,2394818 0,2878915 0,02001475 0,03528565
6 0,3811006 0,6973084 0,02879676 0,1010655
6 0,5044944 0,3587799 0,01283175 0,04540753
