0 0,395125 0,1064799 0,01760697 0,05285829
0 0,387828 0,1106281 0,0167636 0,05108464
0 0,3002741 0,6159804 0,05591381 0,1271121
0 0,6480654 0,6770946 0,06375527 0,1442477
1 0,799462 0,6431249 0,1603382 0,3087053
2 0,2987671 0,5548056 0,05627862 0,1100321
2 0,294005 0,6710822 0,06730634 0,1481807
2 0,3923075 0,1097232 0,01942086 0,06980795
2 0,3907892 0,1077564 0,01796174 0,06552166
3 0,3678702 0,47236 0,09952641 0,1725782
3 0,3744774 0,5621704 0,1147505 0,2152341
3 0,5251397 0,1445339 0,03403252 0,05929428
7 0,6429468 0,6809599 0,2328108 0,6390396
5 0,2990188 0,4569399 0,02452165 0,08458605
6 0,5235198 0,1442251 0,0127064 0,0280602
6 0,5297021 0,1521429 0,01321948 0,02905983
6 0,2935958 0,51937 0,03757608 0,08548757
6 0,6063932 0,5752536 0,03944945 0,09631816
