0 0,3557132 0,2905788 0,03082743 0,08342427
0 0,3410164 0,2901225 0,03091335 0,08142865
0 0,4434787 0,4576902 0,01465768 0,04070055
0 0,7344998 0,5198007 0,05568933 0,08058649
0 0,442459 0,567399 0,0356192 0,06908056
1 0,4262002 0,3933302 0,0438523 0,06928325
2 0,8193282 0,5917844 0,1065367 0,08409217
2 0,7344112 0,5530621 0,07753932 0,06007716
2 0,3492541 0,2881211 0,03481621 0,1114997
2 0,3476905 0,2918985 0,03213879 0,1039223
2 0,4185514 0,4832401 0,01492658 0,05844888
2 0,4447643 0,4598039 0,01819319 0,05053508
3 0,7582812 0,5892408 0,1681161 0,2171583
3 0,6827677 0,5507101 0,1270989 0,1598443
3 0,6043726 0,1155083 0,1079496 0,1856731
7 0,4457803 0,5699663 0,08302179 0,3400828
5 0,9465616 0,6059999 0,09762418 0,1398778
5 0,3865041 0,2850627 0,01282066 0,04209334
6 0,5987533 0,1189496 0,03646958 0,07521915
6 0,6214966 0,08527452 0,04134601 0,08556575
6 0,8236026 0,5409585 0,05377567 0,09099048
6 0,4483663 0,5908911 0,03061512 0,07195315
