0 0,6431193 0,1690537 0,03803682 0,1015087
0 0,6276472 0,1654987 0,03385347 0,09765106
0 0,5083065 0,3539252 0,01266581 0,03739327
0 0,5431018 0,3470342 0,01197916 0,03476328
0 0,6577572 0,4727896 0,05115259 0,07206818
0 0,4530391 0,3973701 0,02754658 0,03956705
1 0,4632308 0,2653594 0,03479883 0,04568142
2 0,6909698 0,565791 0,08926237 0,07616675
2 0,6639071 0,5099119 0,06629515 0,05182779
2 0,6371968 0,1646576 0,04061937 0,1366473
2 0,6338138 0,169048 0,03656757 0,1264282
2 0,5109349 0,3565896 0,01237816 0,04791945
2 0,5445153 0,3496662 0,01509798 0,0431605
3 0,597249 0,503808 0,1347517 0,1471143
3 0,5899471 0,4647215 0,1061062 0,1113483
7 0,4548834 0,4004411 0,06904012 0,2216857
5 0,7340168 0,6065889 0,06440204 0,1452909
5 0,6943663 0,1682083 0,02449393 0,05496895
6 0,6948941 0,5161164 0,05145603 0,08579028
6 0,4415207 0,4076697 0,02272373 0,04158938
