0 0,4076723 0,04749483 0,01401314 0,04075909
0 0,5514147 0,2359631 0,02498847 0,04651403
0 0,3994789 0,2059873 0,02172583 0,04233229
1 0,3878646 0,07363743 0,03080758 0,05204034
2 0,5710242 0,2875019 0,03644496 0,04380774
2 0,553341 0,2521575 0,03268266 0,03761208
2 0,4089521 0,04955184 0,01742548 0,04983562
3 0,534517 0,2809024 0,06475621 0,09436512
3 0,5199342 0,2467377 0,0587692 0,08342665
7 0,4015119 0,2081844 0,04944259 0,2153524
5 0,5911782 0,3097935 0,02167279 0,05856586
6 0,5728496 0,2653952 0,02061719 0,04485214
