0 0,4082887 0,1079313 0,01551139 0,02822328
0 0,4118793 0,09787291 0,01636276 0,04081172
0 0,6063442 0,583595 0,05288106 0,1183217
0 0,6470838 0,6839669 0,06327689 0,1438892
0 0,7142755 0,6474575 0,08714139 0,18113
1 0,799462 0,6431249 0,1603382 0,3087053
2 0,305171 0,3904221 0,04150069 0,06611043
2 0,3025562 0,45325 0,04720384 0,08177269
2 0,4078127 0,09742016 0,01967704 0,02106899
2 0,411573 0,1073225 0,01956931 0,04122984
3 0,5308475 0,6568393 0,1283961 0,2683779
3 0,5651481 0,7825341 0,1494624 0,3402438
3 0,5251397 0,1445339 0,03403252 0,05929428
7 0,6429468 0,6809599 0,2328108 0,6390396
5 0,304837 0,3283128 0,01845574 0,06131428
6 0,5235198 0,1442251 0,0127064 0,0280602
6 0,5297021 0,1521429 0,01321948 0,02905983
