0 0,3096079 0,07703996 0,07352868 0,1894879
0 0,2779154 0,07189381 0,07854722 0,189035
0 0,5645604 0,3722681 0,02559441 0,03995037
0 0,4144546 0,4120982 0,02061129 0,03744847
1 0,4045488 0,3091663 0,02774587 0,04418731
2 0,5880774 0,4005628 0,03906655 0,03058356
2 0,5676579 0,391001 0,03409201 0,02649605
2 0,4432251 0,2295904 0,01445028 0,01197642
2 0,445881 0,225087 0,01531217 0,01275301
2 0,2953251 0,06891966 0,08822817 0,25739
2 0,2929254 0,07853085 0,08094317 0,2367049
3 0,5490258 0,3960761 0,06819475 0,08372444
3 0,5328687 0,3877071 0,06066108 0,07383549
7 0,4163983 0,4134855 0,04681107 0,1804
5 0,6110081 0,3933812 0,02266514 0,04951155
5 0,3706289 0,0521428 0,02930784 0,1049215
6 0,5883238 0,3756935 0,02100223 0,04036731
6 0,4159318 0,4194584 0,01671934 0,03658795
