0 0,58363 0,3498338 0,01925939 0,03119361
1 0,4610068 0,2351021 0,02145839 0,03416073
2 0,5995833 0,3842651 0,0279119 0,02668685
2 0,5847372 0,362652 0,02541012 0,023489
3 0,5734422 0,3751313 0,04839927 0,05946594
3 0,5607051 0,3550161 0,04448593 0,05375206
3 0,3415031 0,9390264 0,1004186 0,430204
7 0,4698072 0,3280517 0,03543115 0,1481046
5 0,6159035 0,3951436 0,01635259 0,03913385
6 0,3401845 0,9711329 0,04977629 0,1389743
6 0,3463092 0,8726662 0,04339123 0,1172998
6 0,6010295 0,3676968 0,01558316 0,03019345
6 0,4724717 0,3391492 0,01203197 0,02704716
