0 0,829403 0,4516926 0,03893965 0,06463987
0 0,8159727 0,4450895 0,03496087 0,06011307
0 0,4765465 0,3200981 0,01665404 0,03533053
1 0,344171 0,1892737 0,04224044 0,09025991
2 0,4999181 0,342132 0,02408031 0,02312362
2 0,4718284 0,3358917 0,02363175 0,02366257
2 0,8227949 0,4499606 0,04346091 0,08184236
2 0,8223733 0,4472173 0,04003787 0,07647204
3 0,4846348 0,3353481 0,03737521 0,06948906
3 0,9269181 0,5839099 0,1033827 0,1077196
7 0,4113978 0,3912752 0,1239393 0,2897305
5 0,8508118 0,4635306 0,02151543 0,03237575
6 0,9293046 0,5863379 0,04712224 0,06347328
6 0,917332 0,5885245 0,04776925 0,06545785
6 0,5016981 0,3236827 0,01252836 0,03064036
