0 0,4408614 0,2091908 0,01169714 0,04174477
0 0,4346336 0,2118204 0,01115835 0,04010665
0 0,2887943 0,5575413 0,04098874 0,06788042
1 0,5099149 0,6735555 0,07764179 0,175054
2 0,3006576 0,5230929 0,04418826 0,05618051
2 0,2829985 0,5913157 0,05195808 0,06993842
2 0,4382973 0,2115604 0,01249173 0,05525321
2 0,4372808 0,2097703 0,01152253 0,05181932
3 0,3481836 0,4856069 0,07414567 0,09717217
3 0,337734 0,5446515 0,08488372 0,1145609
3 0,5348015 0,2637678 0,02487946 0,05225879
7 0,4888575 0,7033803 0,08521688 0,4650033
5 0,3117665 0,4597835 0,02007723 0,05422103
6 0,5339639 0,263068 0,01076168 0,02317858
6 0,5370963 0,2714084 0,01117277 0,02400899
6 0,2981517 0,4977764 0,02705377 0,04966089
