0 0,8551517 0,3272677 0,04946369 0,07035041
0 0,4356493 0,516429 0,03914946 0,1138934
0 0,5375779 0,350848 0,02085859 0,04199433
1 0,5790026 0,2138637 0,03261721 0,05186844
2 0,3590665 0,5850765 0,07715189 0,1046726
2 0,4461618 0,5632448 0,0588662 0,09660861
2 0,8592468 0,3300055 0,05366814 0,09509641
3 0,3751271 0,4638988 0,08035699 0,158969
3 0,4397322 0,4519169 0,05887485 0,1512563
3 0,2241504 0,3585726 0,0686256 0,05226058
7 0,5372423 0,3542867 0,08998585 0,2100805
5 0,2713746 0,5719391 0,06301764 0,1099696
5 0,8872309 0,3292185 0,0345214 0,0410676
6 0,2198936 0,3611897 0,02137688 0,03080112
6 0,2368103 0,358882 0,02038333 0,03052652
6 0,3525231 0,5334101 0,04159352 0,1041979
6 0,5078564 0,3550444 0,01402348 0,03929162
