0 0,00331524 0,01124185 0,08425888 0,1711676
0 0,7177801 0,5483408 0,03048784 0,0473128
1 0,5052806 0,4041981 0,03511646 0,04703951
2 0,7601742 0,5984427 0,04915106 0,04438487
2 0,7121741 0,5696633 0,04251665 0,03623837
2 0,2987621 0,2445366 0,01629132 0,01049078
3 0,7398667 0,5905864 0,07722455 0,1070144
3 0,692631 0,56256 0,06851232 0,08976948
7 0,5306242 0,5433441 0,08108288 0,2406191
5 0,8165326 0,611561 0,03756833 0,06531268
5 0,02864569 0,01806998 0,05304823 0,09321439
6 0,76359 0,5718091 0,02556086 0,04854459
6 0,5475767 0,5592057 0,02227414 0,04695687
