0 0,6585841 0,1649103 0,03073192 0,1010371
0 0,6419512 0,169503 0,02670455 0,09194988
0 0,5130741 0,3562753 0,01140791 0,03618312
0 0,5451008 0,3464765 0,01180857 0,03431177
0 0,6680597 0,4738922 0,05267578 0,07257298
0 0,4530391 0,3973701 0,02754658 0,03956705
1 0,4632308 0,2653594 0,03479883 0,04568142
2 0,6909698 0,565791 0,08926237 0,07616675
2 0,6639071 0,5099119 0,06629515 0,05182779
2 0,650316 0,1646345 0,02740711 0,1371343
2 0,6499438 0,168997 0,0256812 0,1258668
2 0,5156749 0,3571141 0,01011944 0,04950017
2 0,546478 0,3490694 0,01491296 0,04262549
3 0,597249 0,503808 0,1347517 0,1471143
3 0,5899471 0,4647215 0,1061062 0,1113483
7 0,4548834 0,4004411 0,06904012 0,2216857
5 0,7340168 0,6065889 0,06440204 0,1452909
5 0,6943663 0,1682083 0,02449393 0,05496895
6 0,6948941 0,5161164 0,05145603 0,08579028
6 0,4415207 0,4076697 0,02272373 0,04158938
