0 0,3315895 0,06560123 0,05199569 0,1849588
0 0,3114993 0,08021778 0,05252579 0,1683439
0 0,5690016 0,3700387 0,02555013 0,03965116
0 0,4144546 0,4120982 0,02061129 0,03744847
1 0,4045488 0,3091663 0,02774587 0,04418731
2 0,5880774 0,4005628 0,03906655 0,03058356
2 0,5676579 0,391001 0,03409201 0,02649605
2 0,4432251 0,2295904 0,01445028 0,01197642
2 0,445881 0,225087 0,01531217 0,01275301
2 0,3196127 0,06765389 0,05290854 0,2522734
2 0,3228931 0,07677448 0,04838759 0,2279106
3 0,5490258 0,3960761 0,06819475 0,08372444
3 0,5328687 0,3877071 0,06066108 0,07383549
7 0,4163983 0,4134855 0,04681107 0,1804
5 0,6110081 0,3933812 0,02266514 0,04951155
5 0,3706289 0,0521428 0,02930784 0,1049215
6 0,5883238 0,3756935 0,02100223 0,04036731
6 0,4159318 0,4194584 0,01671934 0,03658795
