0 0,6497201 0,4141953 0,03099447 0,06324017
0 0,5400584 0,2631452 0,01962548 0,037251
1 0,554543 0,1539626 0,02738416 0,04550213
2 0,6391447 0,4815425 0,04144007 0,07038835
2 0,6482667 0,4323873 0,03747863 0,05897194
3 0,5915335 0,4225743 0,07226217 0,1209167
3 0,6038082 0,3838179 0,06667137 0,1058232
3 0,1484315 0,5268549 0,1285443 0,1849095
7 0,5410859 0,2660782 0,0538578 0,1812016
5 0,630726 0,5186031 0,0223794 0,07695833
6 0,1396223 0,5388305 0,03631937 0,07415807
6 0,1743262 0,5055827 0,03330015 0,06850311
6 0,641273 0,4580477 0,02547115 0,06037837
6 0,5297991 0,278484 0,01500982 0,03480542
