0 0,4222968 0,1440205 0,01658109 0,05285621
0 0,4296609 0,08673203 0,01572689 0,04681295
0 0,6922542 0,38777 0,02909064 0,05683303
0 0,5252869 0,3819895 0,02475631 0,05684739
1 0,5053977 0,235468 0,03423202 0,07137126
2 0,7194781 0,4518915 0,04060131 0,06437361
2 0,6859873 0,401299 0,03675574 0,05585784
2 0,4303793 0,08799088 0,01887935 0,05666047
3 0,6987716 0,4695567 0,06945282 0,1291342
3 0,6662584 0,4173487 0,06329584 0,1142629
7 0,527297 0,3836096 0,07295614 0,2579138
5 0,7580705 0,4923862 0,03150052 0,0652256
6 0,7246754 0,4339542 0,02460879 0,05200905
6 0,541095 0,4192218 0,01964349 0,05119777
