0 0,4592465 0,1552696 0,01863217 0,04597402
0 0,4743041 0,1498724 0,01741582 0,04888523
0 0,3997543 0,2100511 0,02166688 0,04234385
0 0,3934612 0,1253046 0,02165392 0,03967339
0 0,3914855 0,1090668 0,02021405 0,03655881
1 0,3878646 0,07363743 0,03080758 0,05204034
2 0,6243206 0,3918871 0,04856843 0,06512004
2 0,5969876 0,3374799 0,04222423 0,05361688
2 0,458695 0,1424317 0,02528748 0,04086316
2 0,4699805 0,1499514 0,01641423 0,06559116
3 0,4451221 0,2181478 0,05414313 0,07546759
3 0,4400964 0,1980872 0,05067846 0,06908733
7 0,4015119 0,2081844 0,04944259 0,2153524
5 0,6575531 0,4347776 0,03316706 0,08040571
5 0,4835109 0,1401273 0,01550978 0,03382587
