0 0,8382946 0,4596223 0,03266668 0,05984706
0 0,8310123 0,4527728 0,03000593 0,055803
0 0,4754809 0,3180379 0,01640415 0,03484726
1 0,344171 0,1892737 0,04224044 0,09025991
2 0,4999181 0,342132 0,02408031 0,02312362
2 0,4718284 0,3358917 0,02363175 0,02366257
2 0,8333421 0,4568314 0,03432542 0,07459307
2 0,8356606 0,4558507 0,03234011 0,07027364
3 0,4846348 0,3353481 0,03737521 0,06948906
3 0,9269181 0,5839099 0,1033827 0,1077196
7 0,4113978 0,3912752 0,1239393 0,2897305
5 0,8508118 0,4635306 0,02151543 0,03237575
6 0,9293046 0,5863379 0,04712224 0,06347328
6 0,917332 0,5885245 0,04776925 0,06545785
6 0,5016981 0,3236827 0,01252836 0,03064036
