0 0,5258774 0,1702664 0,01187968 0,03736448
0 0,6946185 0,4987438 0,0409463 0,05924752
0 0,4996811 0,3756868 0,02076998 0,04240584
1 0,498033 0,2313168 0,02910551 0,05127168
2 0,7168561 0,5946071 0,06058955 0,06772405
2 0,6888258 0,5165134 0,0502367 0,05318525
2 0,5269753 0,1721668 0,01495022 0,04541409
3 0,6625059 0,5703275 0,101723 0,1159805
3 0,6420329 0,4981847 0,08614123 0,09676853
7 0,5016433 0,3787393 0,04229704 0,2346146
5 0,7542527 0,6690924 0,04365903 0,09384048
6 0,7223083 0,5695398 0,03703266 0,05973318
6 0,4996765 0,4074949 0,01636326 0,04121733
