0 0,8632816 0,3342068 0,0537129 0,06878024
0 0,4202697 0,5196919 0,04226843 0,1150703
0 0,5375779 0,350848 0,02085859 0,04199433
1 0,5790026 0,2138637 0,03261721 0,05186844
2 0,343041 0,5887994 0,08131871 0,1061377
2 0,4312168 0,5667069 0,05980769 0,09791842
2 0,8672521 0,3335428 0,05969936 0,09894568
3 0,3751169 0,4639304 0,08037242 0,1590012
3 0,4397323 0,4519164 0,05887473 0,1512558
3 0,2241504 0,3585726 0,0686256 0,05226058
7 0,5372423 0,3542867 0,08998585 0,2100805
5 0,2540225 0,5757481 0,06548336 0,1109332
5 0,8872309 0,3292185 0,0345214 0,0410676
6 0,2198936 0,3611897 0,02137688 0,03080112
6 0,2368103 0,358882 0,02038333 0,03052652
6 0,3360132 0,5369081 0,04428211 0,1052252
6 0,5078564 0,3550444 0,01402348 0,03929162
