0 0,01567855 0,01994038 0,09479374 0,163888
0 0,7257416 0,5524718 0,03122532 0,04857898
1 0,5052806 0,4041981 0,03511646 0,04703951
2 0,7699086 0,6041239 0,05053484 0,04611754
2 0,7198666 0,5741377 0,04356056 0,03747395
2 0,2987621 0,2445366 0,01629132 0,01049078
2 0,002228469 0,003257871 0,126688 0,2321199
2 0,0133324 0,01279497 0,112803 0,2113146
3 0,7398822 0,5905741 0,07722056 0,1070062
3 0,6926308 0,5625601 0,06851226 0,08976954
7 0,5306242 0,5433441 0,08108288 0,2406191
5 0,8289973 0,6183354 0,03914577 0,06747109
5 0,02864569 0,01806998 0,05304823 0,09321439
6 0,773572 0,5769815 0,02627659 0,04994893
6 0,5475767 0,5592057 0,02227414 0,04695687
