0 0,4058095 0,1100354 0,01869321 0,05236202
0 0,4033394 0,1049708 0,01709688 0,04920512
0 0,289564 0,6019506 0,05637407 0,1236186
0 0,6480654 0,6770946 0,06375527 0,1442477
1 0,799462 0,6431249 0,1603382 0,3087053
2 0,2994408 0,5376608 0,05470803 0,104931
2 0,2949389 0,6474715 0,06507099 0,1400289
2 0,4038011 0,1088445 0,02241009 0,06784457
2 0,4052569 0,1065295 0,0207316 0,06343716
3 0,3678291 0,4723856 0,09953776 0,17259
3 0,3744784 0,5621698 0,1147507 0,2152338
3 0,5251397 0,1445339 0,03403252 0,05929428
7 0,6429468 0,6809599 0,2328108 0,6390396
5 0,2996166 0,4438425 0,02388966 0,08210623
6 0,5235198 0,1442251 0,0127064 0,0280602
6 0,5297021 0,1521429 0,01321948 0,02905983
6 0,2944169 0,5026947 0,03649127 0,0825848
6 0,6063932 0,5752536 0,03944945 0,09631816
