0 0,4102676 0,04349339 0,01362532 0,03972346
0 0,5588537 0,2399328 0,02553618 0,04716843
0 0,3994789 0,2059873 0,02172583 0,04233229
1 0,3878646 0,07363743 0,03080758 0,05204034
2 0,5744945 0,294306 0,03720087 0,04507118
2 0,5562411 0,2578333 0,03329384 0,03859109
2 0,4114774 0,04550445 0,01696023 0,04865646
3 0,534541 0,2808932 0,06475586 0,09436184
3 0,5199338 0,2467379 0,05876923 0,08342671
7 0,4015119 0,2081844 0,04944259 0,2153524
5 0,5953916 0,3177348 0,0223332 0,05988985
6 0,576449 0,2720006 0,02109247 0,04576319
