0 0,6482341 0,4219697 0,0315088 0,06476438
0 0,5400584 0,2631452 0,01962548 0,037251
1 0,554543 0,1539626 0,02738416 0,04550213
2 0,6373441 0,4911532 0,04223138 0,07276422
2 0,6467924 0,440248 0,03812492 0,06075168
3 0,591561 0,4225941 0,0722667 0,1209241
3 0,6038078 0,3838176 0,06667131 0,1058233
3 0,1484315 0,5268549 0,1285443 0,1849095
7 0,5410859 0,2660782 0,0538578 0,1812016
5 0,6285328 0,5301446 0,02285594 0,07907715
6 0,1396223 0,5388305 0,03631937 0,07415807
6 0,1743262 0,5055827 0,03330015 0,06850311
6 0,6394675 0,4674858 0,02592534 0,06189156
6 0,5297991 0,278484 0,01500982 0,03480542
