0 0,4299031 0,0830943 0,01551083 0,0461809
0 0,6980478 0,3960667 0,02965266 0,05791837
0 0,5252869 0,3819895 0,02475631 0,05684739
1 0,5053977 0,235468 0,03423202 0,07137126
2 0,7259834 0,4615855 0,04136533 0,06609076
2 0,6915398 0,4095632 0,0373866 0,05722243
2 0,4305973 0,08435076 0,01863536 0,05595791
3 0,698788 0,4695343 0,06945074 0,1291275
3 0,6662581 0,417349 0,0632956 0,1142631
7 0,527297 0,3836096 0,07295614 0,2579138
5 0,7658141 0,5036511 0,03242224 0,06656691
6 0,7314433 0,4436432 0,02515972 0,05300415
6 0,541095 0,4192218 0,01964349 0,05119777
