0 0,03884086 0,04516333 0,2216633 0,4059346
0 0,5940623 0,7629799 0,02038729 0,02868171
0 0,4662085 0,7475502 0,01609975 0,0251997
1 0,4609042 0,6632729 0,02086177 0,02715898
2 0,6104783 0,7925324 0,03120232 0,02001482
2 0,5926431 0,7798256 0,02789176 0,01734509
2 0,4195266 0,5616499 0,01551479 0,01034686
2 0,4206288 0,5563371 0,01653954 0,01129809
2 0,02524918 0,006343246 0,2746069 0,5233408
3 0,5782307 0,7739657 0,0514341 0,0516416
3 0,5637343 0,7638232 0,04675919 0,04626054
7 0,4676683 0,7492905 0,03607568 0,1401169
5 0,6294574 0,79187 0,01794314 0,03882688
6 0,6107571 0,7725266 0,016482 0,02951659
6 0,470285 0,7534876 0,01253131 0,02539422
