0 0,8382134 0,4631215 0,04203987 0,06907159
0 0,8426253 0,4610519 0,0388009 0,06494874
0 0,4805886 0,3191772 0,01653129 0,03467065
1 0,344171 0,1892737 0,04224044 0,09025991
2 0,4769261 0,3369207 0,02372068 0,02356327
2 0,8382919 0,4620095 0,04976231 0,09015128
2 0,8423154 0,4624653 0,04671973 0,08536336
3 0,484635 0,3353482 0,03737524 0,06948912
3 0,9269181 0,5839099 0,1033827 0,1077196
7 0,4113978 0,3912752 0,1239393 0,2897305
5 0,8508118 0,4635306 0,02151543 0,03237575
6 0,9293046 0,5863379 0,04712224 0,06347328
6 0,917332 0,5885245 0,04776925 0,06545785
