0 0,4486477 0,2135625 0,013053 0,0412882
0 0,4476002 0,2088475 0,01189131 0,03881109
0 0,2849491 0,5466056 0,04052171 0,06609899
1 0,5099149 0,6735555 0,07764179 0,175054
2 0,303343 0,5125484 0,0430463 0,05420446
2 0,2864305 0,5778649 0,05041146 0,06713039
2 0,447396 0,2122188 0,01579159 0,05331153
2 0,4487706 0,2104716 0,01468632 0,04987079
3 0,3481545 0,4856139 0,07415086 0,09717441
3 0,3377346 0,5446515 0,08488372 0,1145608
3 0,5348015 0,2637678 0,02487946 0,05225879
7 0,4888575 0,7033803 0,08521688 0,4650033
5 0,314018 0,4513038 0,01955083 0,05296731
6 0,5339639 0,263068 0,01076168 0,02317858
6 0,5370963 0,2714084 0,01117277 0,02400899
6 0,3009312 0,487561 0,02633345 0,04841915
