0 0,5068981 0,2054242 0,01097178 0,03907627
0 0,5272883 0,1682125 0,01178312 0,03689849
0 0,6993384 0,5108712 0,04230231 0,06106454
0 0,4996811 0,3756868 0,02076998 0,04240584
1 0,498033 0,2313168 0,02910551 0,05127168
2 0,7227077 0,6107049 0,06284791 0,07096097
2 0,6932471 0,5286529 0,05182064 0,0553517
2 0,5095946 0,2050179 0,01047242 0,05574673
2 0,5283529 0,1700863 0,01483554 0,0448935
3 0,6625417 0,570327 0,1017283 0,1159803
3 0,6420324 0,4981847 0,08614117 0,09676853
7 0,5016433 0,3787393 0,04229704 0,2346146
5 0,7623355 0,6904243 0,04595971 0,09777969
6 0,7285122 0,5854702 0,03849936 0,0616993
6 0,4996765 0,4074949 0,01636326 0,04121733
