0 0,7886741 0,2940688 0,05988151 0,1089926
0 0,8073437 0,2994943 0,05902773 0,1064053
2 0,3440738 0,0838967 0,04569614 0,05018169
2 0,2893718 0,06030452 0,05407354 0,05093986
2 0,7958223 0,2965377 0,07453483 0,143733
2 0,7999612 0,2977588 0,07177389 0,1383749
3 0,2362098 0,04242682 0,09041734 0,1421224
3 0,1541757 0,01803517 0,1288196 0,1515765
3 0,9758247 0,66962 0,2287572 0,3634787
5 0,3903073 0,08263242 0,02687714 0,06403285
5 0,8192189 0,3027021 0,03189445 0,05001765
6 0,9773266 0,6680225 0,115063 0,176437
6 0,9602963 0,6971012 0,1224741 0,1946382
