0 0,01048473 0,006005645 0,1009115 0,1820381
0 0,8040465 0,5907894 0,04810196 0,06667137
1 0,5052806 0,4041981 0,03511646 0,04703951
2 0,8615892 0,6627101 0,08093977 0,07786006
2 0,7962823 0,6152093 0,0663076 0,05833709
2 0,2987621 0,2445366 0,01629132 0,01049078
3 0,7398822 0,5905741 0,07722056 0,1070062
3 0,6926308 0,5625601 0,06851226 0,08976954
7 0,5306242 0,5433441 0,08108288 0,2406191
5 0,9461731 0,6967134 0,06493306 0,1014097
5 0,02864569 0,01806998 0,05304823 0,09321439
6 0,5475767 0,5592057 0,02227414 0,04695687
