0 0,8395944 0,359943 0,0553692 0,08322871
0 0,3323078 0,7228991 0,05915743 0,1462432
0 0,5322624 0,3547878 0,01952487 0,05183822
1 0,5747445 0,2297707 0,03169996 0,06879061
2 0,2792122 0,739928 0,0876466 0,1551101
2 0,3433797 0,7550318 0,07665649 0,160959
2 0,8424692 0,359521 0,06405395 0,1067284
3 0,3916887 0,5707245 0,05938777 0,2006692
3 0,4456444 0,5583081 0,04720229 0,1938044
3 0,226983 0,2873043 0,06698772 0,05998886
7 0,5318539 0,3592617 0,08492297 0,2100692
5 0,2186011 0,7067592 0,06195191 0,1038632
5 0,8533932 0,3595514 0,03259754 0,04409939
6 0,2229329 0,2897061 0,0210017 0,03554875
6 0,2394818 0,2878915 0,02001475 0,03528565
6 0,2710392 0,7077166 0,05135149 0,1133121
6 0,5044944 0,3587799 0,01283175 0,04540753
