0 0,4041013 0,115159 0,01900175 0,05464458
0 0,4081209 0,1074549 0,01725993 0,05237263
0 0,2909842 0,4657376 0,05134967 0,1049338
0 0,6480654 0,6770946 0,06375527 0,1442477
1 0,799462 0,6431249 0,1603382 0,3087053
2 0,3115902 0,4250168 0,05240509 0,08899486
2 0,2936397 0,5045767 0,06247014 0,1150406
2 0,4051534 0,1122922 0,02359888 0,0689404
2 0,4071504 0,1106566 0,02200738 0,06612015
3 0,3678291 0,4723856 0,09953776 0,17259
3 0,3744784 0,5621698 0,1147507 0,2152338
3 0,5251397 0,1445339 0,03403252 0,05929428
7 0,6429468 0,6809599 0,2328108 0,6390396
5 0,3220595 0,3521703 0,02339613 0,0703159
6 0,5235198 0,1442251 0,0127064 0,0280602
6 0,5297021 0,1521429 0,01321948 0,02905983
6 0,6063932 0,5752536 0,03944945 0,09631816
