0 0,6343895 0,2689917 0,02209854 0,05010182
0 0,6460273 0,273708 0,02160007 0,05460358
0 0,5298877 0,2820005 0,02047276 0,03980511
0 0,539974 0,2665789 0,01958376 0,03729606
0 0,5488272 0,196892 0,01964688 0,03473991
0 0,5588777 0,1845588 0,01869696 0,03244811
1 0,554543 0,1539626 0,02738416 0,04550213
2 0,6107925 0,6332821 0,05399621 0,1124936
2 0,6256509 0,5533375 0,04746103 0,08926722
2 0,6356506 0,2561995 0,02891117 0,04658848
2 0,6417705 0,2705988 0,02109122 0,07043117
3 0,5642083 0,3009333 0,05259734 0,07751763
3 0,5729975 0,2834542 0,04981631 0,07140142
3 0,1484315 0,5268549 0,1285443 0,1849095
7 0,5410859 0,2660782 0,0538578 0,1812016
5 0,595017 0,7069784 0,03019416 0,1141338
5 0,6564758 0,2707115 0,01947236 0,03978121
6 0,1396223 0,5388305 0,03631937 0,07415807
6 0,1743262 0,5055827 0,03330015 0,06850311
