0 0,3635949 0,2741881 0,03447792 0,09128839
0 0,374992 0,2818916 0,02960345 0,08527821
0 0,4337639 0,482356 0,01683944 0,04625168
0 0,4472504 0,4535279 0,01397109 0,03864402
0 0,9143133 0,5646442 0,1215329 0,137167
0 0,442459 0,567399 0,0356192 0,06908056
1 0,4262002 0,3933302 0,0438523 0,06928325
2 0,8987768 0,6165408 0,1662698 0,1228712
2 0,3675776 0,2770938 0,04262459 0,1145896
2 0,3712429 0,2784456 0,03945151 0,1098214
2 0,4364713 0,4780704 0,01817033 0,06060061
2 0,4484092 0,4555402 0,01737013 0,04815322
3 0,758324 0,589209 0,1681095 0,2171347
3 0,6827672 0,5507104 0,1270992 0,1598445
3 0,6043726 0,1155083 0,1079496 0,1856731
7 0,4457803 0,5699663 0,08302179 0,3400828
5 0,3865041 0,2850627 0,01282066 0,04209334
6 0,5987533 0,1189496 0,03646958 0,07521915
6 0,6214966 0,08527452 0,04134601 0,08556575
6 0,4483663 0,5908911 0,03061512 0,07195315
