0 0,6668879 0,1492366 0,04708505 0,1159679
0 0,6748785 0,1617174 0,04315913 0,1083557
0 0,5227435 0,3615102 0,01366985 0,03732479
0 0,5489115 0,3454173 0,01147211 0,03343099
0 0,7326116 0,563171 0,1087191 0,1350703
0 0,4530391 0,3973701 0,02754658 0,03956705
1 0,4632308 0,2653594 0,03479883 0,04568142
2 0,7574337 0,7387286 0,2114677 0,2229109
2 0,7263453 0,61332 0,1391459 0,120745
2 0,6684707 0,1539135 0,05660909 0,1446958
2 0,6735445 0,1563559 0,05392241 0,1395376
2 0,5249319 0,3586252 0,01424366 0,05055714
2 0,5502087 0,3479137 0,01456904 0,04162061
3 0,5973042 0,5038148 0,1347622 0,1471204
3 0,5899464 0,4647213 0,106106 0,1113483
7 0,4548834 0,4004411 0,06904012 0,2216857
5 0,825911 0,9081293 0,2053276 0,409954
5 0,6943663 0,1682083 0,02449393 0,05496895
6 0,7651722 0,6618574 0,1183493 0,1803484
6 0,4415207 0,4076697 0,02272373 0,04158938
