0 0,411493 0,04157394 0,01343375 0,03921717
0 0,5895507 0,2897832 0,03605288 0,0621106
0 0,3994789 0,2059873 0,02172583 0,04233229
1 0,3878646 0,07363743 0,03080758 0,05204034
2 0,6009557 0,3590062 0,05351079 0,06906432
2 0,5867287 0,3085349 0,0471772 0,0567587
2 0,412663 0,04355109 0,0167419 0,04809898
3 0,534541 0,2808932 0,06475586 0,09436184
3 0,5199338 0,2467379 0,05876923 0,08342671
7 0,4015119 0,2081844 0,04944259 0,2153524
5 0,6186412 0,3980426 0,03390771 0,07939309
6 0,6034687 0,3347284 0,03021216 0,06043321
