0 0,003162324 0,1479827 0,1017489 0,1773521
0 0,04201844 0,177644 0,08258599 0,1559727
0 0,808986 0,6383597 0,04829025 0,06172454
1 0,5056318 0,4390863 0,03550723 0,04576123
2 0,8707383 0,707198 0,08360171 0,06864834
2 0,8016458 0,6646347 0,06795019 0,05052918
2 0,3052745 0,3554558 0,01548386 0,01004356
2 0,01966831 0,1599048 0,1122437 0,2131705
2 0,02696297 0,1656873 0,1037039 0,2021971
3 0,7435105 0,6310333 0,07773989 0,09463593
3 0,6946288 0,6067447 0,06904054 0,07878962
3 0,206878 0,003130436 0,2081873 0,504644
7 0,529787 0,5754897 0,08380133 0,2321303
5 0,9603446 0,7337748 0,06573784 0,09954727
5 0,0583927 0,1914424 0,04383761 0,07789677
6 0,2121779 0,01390088 0,07834415 0,1797411
6 0,547022 0,5868981 0,02291852 0,04317185
