0 0,6385463 0,4981304 0,04215121 0,09150001
0 0,5400584 0,2631452 0,01962548 0,037251
1 0,554543 0,1539626 0,02738416 0,04550213
2 0,6130607 0,5735827 0,05863601 0,113677
2 0,6384242 0,5184075 0,05294132 0,09547114
3 0,591561 0,4225941 0,0722667 0,1209241
3 0,6038078 0,3838176 0,06667131 0,1058233
3 0,1484315 0,5268549 0,1285443 0,1849095
7 0,5410859 0,2660782 0,0538578 0,1812016
5 0,58664 0,6151046 0,03319591 0,1057975
6 0,1396223 0,5388305 0,03631937 0,07415807
6 0,1743262 0,5055827 0,03330015 0,06850311
6 0,6144443 0,5476567 0,03402829 0,08485478
6 0,5297991 0,278484 0,01500982 0,03480542
