0 0,4301164 0,07955432 0,01529542 0,04555815
0 0,7523105 0,4683889 0,04195958 0,07797053
0 0,5252869 0,3819895 0,02475631 0,05684739
1 0,5053977 0,235468 0,03423202 0,07137126
2 0,7810323 0,5538408 0,05940372 0,1007427
2 0,7443196 0,4808967 0,05252814 0,08369878
2 0,430782 0,08079976 0,01839811 0,05527788
3 0,698788 0,4695343 0,06945074 0,1291275
3 0,6662581 0,417349 0,0632956 0,1142631
7 0,527297 0,3836096 0,07295614 0,2579138
5 0,8263317 0,6209301 0,0467909 0,09054428
6 0,7883256 0,5358399 0,03634232 0,07179201
6 0,541095 0,4192218 0,01964349 0,05119777
