0 0,4569871 0,2195605 0,01006114 0,02943701
0 0,6143193 0,3822046 0,02693963 0,03990787
1 0,4610068 0,2351021 0,02145839 0,03416073
2 0,6241567 0,4257413 0,03977126 0,03951669
2 0,6121263 0,3968478 0,03581572 0,03374588
2 0,4577331 0,2211305 0,01243067 0,0361802
3 0,5734593 0,3751269 0,04839927 0,05946451
3 0,5607049 0,3550163 0,04448593 0,05375212
3 0,3415031 0,9390264 0,1004186 0,430204
7 0,4698072 0,3280517 0,03543115 0,1481046
5 0,6381619 0,4436114 0,02422726 0,04995078
6 0,3401845 0,9711329 0,04977629 0,1389743
6 0,3463092 0,8726662 0,04339123 0,1172998
6 0,625896 0,4073923 0,02198583 0,03867322
6 0,4724717 0,3391492 0,01203197 0,02704716
