0 0,622636 0,7781123 0,02875549 0,03533497
0 0,4662085 0,7475502 0,01609975 0,0251997
1 0,4609042 0,6632729 0,02086177 0,02715898
2 0,6372151 0,8141854 0,04515862 0,02869673
2 0,6216111 0,7970623 0,03975123 0,02397335
2 0,4195266 0,5616499 0,01551479 0,01034686
2 0,4206288 0,5563371 0,01653954 0,01129809
3 0,5782307 0,7739657 0,0514341 0,0516416
3 0,5637343 0,7638232 0,04675919 0,04626054
7 0,4676683 0,7492905 0,03607568 0,1401169
5 0,6542743 0,8163863 0,02700412 0,04893564
6 0,6372281 0,7911168 0,02359861 0,0366281
6 0,470285 0,7534876 0,01253131 0,02539422
