0 0,8282058 0,4603651 0,04119766 0,07061362
0 0,8423036 0,4630363 0,04006898 0,06906605
0 0,5182031 0,3265748 0,02139711 0,03496438
1 0,344171 0,1892737 0,04224044 0,09025991
2 0,833647 0,4617575 0,0507189 0,0931657
2 0,8367336 0,4621405 0,04844689 0,08949041
3 0,484635 0,3353482 0,03737524 0,06948912
3 0,9269181 0,5839099 0,1033827 0,1077196
7 0,4113978 0,3912752 0,1239393 0,2897305
5 0,5669604 0,3494947 0,01845551 0,03311861
5 0,8508118 0,4635306 0,02151543 0,03237575
6 0,9293046 0,5863379 0,04712224 0,06347328
6 0,917332 0,5885245 0,04776925 0,06545785
