0 0,7739688 0,2811661 0,05509591 0,09981406
0 0,7915034 0,2918717 0,05595887 0,1021417
2 0,4048789 0,1259879 0,05656469 0,0572769
2 0,3745918 0,09224451 0,05141357 0,05218661
2 0,7822952 0,2874977 0,06456149 0,1276003
2 0,7827728 0,2857661 0,06209695 0,1249829
3 0,2362098 0,04242682 0,09041734 0,1421224
3 0,1541757 0,01803517 0,1288196 0,1515765
3 0,9758247 0,66962 0,2287572 0,3634787
5 0,4368222 0,1374845 0,03130937 0,07721293
5 0,8192189 0,3027021 0,03189445 0,05001765
6 0,9773266 0,6680225 0,115063 0,176437
6 0,9602963 0,6971012 0,1224741 0,1946382
