0 0,8713992 0,3574058 0,0590542 0,06595367
0 0,159314 0,5555247 0,1284144 0,1358389
0 0,5375779 0,350848 0,02085859 0,04199433
1 0,5790026 0,2138637 0,03261721 0,05186844
2 0,1807249 0,5499144 0,1367906 0,1003427
2 0,1641365 0,6138735 0,1733356 0,1413149
2 0,8691408 0,3400941 0,07444352 0,05963361
3 0,3751169 0,4639304 0,08037242 0,1590012
3 0,4397323 0,4519164 0,05887473 0,1512558
3 0,2241504 0,3585726 0,0686256 0,05226058
7 0,5372423 0,3542867 0,08998585 0,2100805
5 0,1882149 0,4843208 0,06417605 0,08541152
5 0,8872309 0,3292185 0,0345214 0,0410676
6 0,2198936 0,3611897 0,02137688 0,03080112
6 0,2368103 0,358882 0,02038333 0,03052652
6 0,1755551 0,5035694 0,07624899 0,09037432
6 0,5078564 0,3550444 0,01402348 0,03929162
