0 0,2738802 0,3152933 0,08448187 0,1264809
0 0,3224247 0,2515827 0,06554013 0,1178865
0 0,5962172 0,5513068 0,08235919 0,2194759
0 0,4958733 0,558463 0,0612407 0,2233377
0 0,3981328 0,2887743 0,1000564 0,2331897
1 0,2790094 0,0627625 0,248998 0,3361292
2 0,765833 0,1885708 0,06172526 0,04519278
2 0,7162607 0,188752 0,05692184 0,04554039
2 0,265915 0,2838521 0,1083069 0,1209929
2 0,3137906 0,2622645 0,07765982 0,1550681
3 0,561913 0,3474665 0,1044769 0,2714633
3 0,4918337 0,3512 0,08587694 0,274653
7 0,4986857 0,5392764 0,4264975 0,7327772
5 0,8145479 0,1665065 0,04311532 0,0590049
