0 0,5674155 0,2695008 0,03270233 0,09063685
1 0,6462398 0,0846771 0,06229281 0,1365861
2 0,08484238 0,9107729 0,1885112 0,3181826
3 0,3504124 0,7795659 0,1112896 0,4375815
3 0,440248 0,7518075 0,08050847 0,4159626
3 0,102695 0,05858105 0,1176237 0,09854412
7 0,5667644 0,2775641 0,1429921 0,3194406
5 0,07808888 0,7024964 0,1095228 0,166874
6 0,0967278 0,06182867 0,0404612 0,06078762
6 0,1229583 0,06123221 0,03808898 0,060206
6 0,06180945 0,8814842 0,1289709 0,1834145
6 0,5262967 0,2740388 0,02154833 0,07699674
