0 0,8377064 0,3782681 0,0540818 0,07370663
0 0,5322624 0,3547878 0,01952487 0,05183822
1 0,5747445 0,2297707 0,03169996 0,06879061
2 0,2347673 0,6459758 0,0962792 0,1292998
2 0,2367961 0,7476957 0,1106765 0,1680944
2 0,8375828 0,3612953 0,06667274 0,07438511
3 0,3916887 0,5707245 0,05938777 0,2006692
3 0,4456444 0,5583081 0,04720229 0,1938044
3 0,226983 0,2873043 0,06698772 0,05998886
7 0,5318539 0,3592617 0,08492297 0,2100692
5 0,2297675 0,5563886 0,05038199 0,08985311
5 0,8533932 0,3595514 0,03259754 0,04409939
6 0,2229329 0,2897061 0,0210017 0,03554875
6 0,2394818 0,2878915 0,02001475 0,03528565
6 0,5044944 0,3587799 0,01283175 0,04540753
