0 0,6534033 0,1484833 0,04081869 0,1205383
0 0,6721737 0,1539189 0,0412569 0,1200223
0 0,5257623 0,3687293 0,01403415 0,0308758
0 0,5506536 0,344929 0,01131141 0,03301448
0 0,8155435 0,7873079 0,271038 0,3878186
0 0,4530391 0,3973701 0,02754658 0,03956705
1 0,4632308 0,2653594 0,03479883 0,04568142
2 0,8179914 0,8785825 0,3714495 0,4535215
2 0,6609928 0,1499502 0,04360473 0,1596435
2 0,66438 0,1519281 0,04156411 0,1587498
2 0,5242206 0,3602586 0,01833332 0,02716899
2 0,5519091 0,3473709 0,01441741 0,04116154
3 0,5973042 0,5038148 0,1347622 0,1471204
3 0,5899464 0,4647213 0,106106 0,1113483
7 0,4548834 0,4004411 0,06904012 0,2216857
5 0,6943663 0,1682083 0,02449393 0,05496895
6 0,6805111 0,8914381 0,1744263 0,4239561
6 0,4415207 0,4076697 0,02272373 0,04158938
