0 0,006166757 0,1550571 0,09192947 0,1787502
1 0,5056318 0,4390863 0,03550723 0,04576123
2 0,9790619 0,7956238 0,1438509 0,1330439
2 0,9270744 0,7359806 0,1127918 0,09287731
2 0,3052745 0,3554558 0,01548386 0,01004356
3 0,7435105 0,6310333 0,07773989 0,09463593
3 0,6946288 0,6067447 0,06904054 0,07878962
3 0,206878 0,003130436 0,2081873 0,504644
7 0,529787 0,5754897 0,08380133 0,2321303
5 0,0583927 0,1914424 0,04383761 0,07789677
6 0,2121779 0,01390088 0,07834415 0,1797411
6 0,547022 0,5868981 0,02291852 0,04317185
