0 0,291162 0,01876408 0,08834657 0,249145
0 0,3269365 0,02723843 0,07135886 0,2368822
0 0,4219019 0,3813793 0,01355338 0,03081667
0 0,6442809 0,4029248 0,05506378 0,06856066
0 0,4144546 0,4120982 0,02061129 0,03744847
1 0,4045488 0,3091663 0,02774587 0,04418731
2 0,6263456 0,4697629 0,0848847 0,07236299
2 0,6462912 0,4322119 0,0767529 0,05628484
2 0,4432251 0,2295904 0,01445028 0,01197642
2 0,445881 0,225087 0,01531217 0,01275301
2 0,3081213 0,0226745 0,08748239 0,321686
2 0,3104665 0,02276647 0,08225507 0,3217646
3 0,5490503 0,3960633 0,06819373 0,08372074
3 0,5328684 0,3877072 0,06066108 0,07383555
7 0,4163983 0,4134855 0,04681107 0,1804
5 0,6024317 0,4864385 0,04970115 0,09565851
5 0,3706289 0,0521428 0,02930784 0,1049215
6 0,6251025 0,4331169 0,04387766 0,07161039
6 0,4159318 0,4194584 0,01671934 0,03658795
