0 0,5985178 0,5892104 0,05051869 0,1285834
0 0,5400584 0,2631452 0,01962548 0,037251
1 0,554543 0,1539626 0,02738416 0,04550213
2 0,5452749 0,6114361 0,06968284 0,143052
2 0,602393 0,6178406 0,06830841 0,1458572
3 0,591561 0,4225941 0,0722667 0,1209241
3 0,6038078 0,3838176 0,06667131 0,1058233
3 0,1484315 0,5268549 0,1285443 0,1849095
7 0,5410859 0,2660782 0,0538578 0,1812016
5 0,4945239 0,5873526 0,03803954 0,1038968
6 0,1396223 0,5388305 0,03631937 0,07415807
6 0,1743262 0,5055827 0,03330015 0,06850311
6 0,5442824 0,5821736 0,03686172 0,1009621
6 0,5297991 0,278484 0,01500982 0,03480542
