0 0,4302881 0,076222 0,01508793 0,04496366
0 0,8174279 0,5867072 0,06068182 0,1114866
0 0,5252869 0,3819895 0,02475631 0,05684739
1 0,5053977 0,235468 0,03423202 0,07137126
2 0,8177449 0,6872648 0,08182818 0,154353
2 0,8100904 0,5986595 0,07334596 0,1267897
2 0,4309223 0,0774492 0,01817444 0,05464041
3 0,698788 0,4695343 0,06945074 0,1291275
3 0,6662581 0,417349 0,0632956 0,1142631
7 0,527297 0,3836096 0,07295614 0,2579138
5 0,8319315 0,7726216 0,05649823 0,1192682
6 0,8257981 0,6693249 0,0515548 0,1014643
6 0,541095 0,4192218 0,01964349 0,05119777
