0 0,650211 0,8015808 0,03921002 0,04674862
0 0,4662085 0,7475502 0,01609975 0,0251997
1 0,4609042 0,6632729 0,02086177 0,02715898
2 0,6386977 0,8415601 0,05903798 0,04146367
2 0,6521714 0,8244643 0,05486697 0,03530735
2 0,4195266 0,5616499 0,01551479 0,01034686
2 0,4206288 0,5563371 0,01653954 0,01129809
3 0,5782307 0,7739657 0,0514341 0,0516416
3 0,5637343 0,7638232 0,04675919 0,04626054
7 0,4676683 0,7492905 0,03607568 0,1401169
5 0,6235945 0,8404608 0,03333545 0,05847178
6 0,6374553 0,8143028 0,03047615 0,04687841
6 0,470285 0,7534876 0,01253131 0,02539422
