0 0,8165686 0,45283 0,03777379 0,06538957
0 0,8301296 0,4584841 0,03758979 0,06644017
1 0,344171 0,1892737 0,04224044 0,09025991
2 0,5809351 0,3729792 0,03818959 0,0289337
2 0,8231091 0,456454 0,04285145 0,08370924
2 0,8233618 0,455079 0,04075396 0,08185327
3 0,484635 0,3353482 0,03737524 0,06948912
3 0,9269181 0,5839099 0,1033827 0,1077196
7 0,4113978 0,3912752 0,1239393 0,2897305
5 0,6067821 0,378563 0,02310562 0,03948194
5 0,8508118 0,4635306 0,02151543 0,03237575
6 0,9293046 0,5863379 0,04712224 0,06347328
6 0,917332 0,5885245 0,04776925 0,06545785
