0 0,4411987 0,2192566 0,01063168 0,04502761
1 0,5099149 0,6735555 0,07764179 0,175054
2 0,3667871 0,3940439 0,03620228 0,0464229
2 0,3330235 0,4170971 0,04210225 0,05153006
2 0,4441068 0,2180778 0,01026917 0,0592432
3 0,3481545 0,4856139 0,07415086 0,09717441
3 0,3377346 0,5446515 0,08488372 0,1145608
3 0,5348015 0,2637678 0,02487946 0,05225879
7 0,4888575 0,7033803 0,08521688 0,4650033
5 0,3934391 0,3636313 0,0189496 0,04199427
6 0,5339639 0,263068 0,01076168 0,02317858
6 0,5370963 0,2714084 0,01117277 0,02400899
