0 0,5299025 0,1643183 0,01158315 0,03599632
0 0,8104098 0,8492265 0,110086 0,1749454
0 0,4996811 0,3756868 0,02076998 0,04240584
1 0,498033 0,2313168 0,02910551 0,05127168
2 0,766385 0,9773526 0,1453423 0,2426444
2 0,8054354 0,871391 0,1381051 0,1956397
2 0,514142 0,2094211 0,01677155 0,03336036
2 0,5308939 0,1661181 0,01461726 0,04391396
3 0,6625417 0,570327 0,1017283 0,1159803
3 0,6420324 0,4981847 0,08614117 0,09676853
7 0,5016433 0,3787393 0,04229704 0,2346146
6 0,7735925 0,9474298 0,08586895 0,1619684
6 0,4996765 0,4074949 0,01636326 0,04121733
