0 0,7652224 0,2677836 0,05205828 0,09369028
0 0,7700765 0,2755724 0,05438012 0,09870803
0 0,4526519 0,1328291 0,03748015 0,06970388
2 0,4668322 0,2109979 0,05543011 0,05745929
2 0,4501586 0,1639965 0,04764932 0,04912049
2 0,7692289 0,2746436 0,06088251 0,1223559
2 0,7661399 0,2691336 0,06092095 0,123509
3 0,2362098 0,04242682 0,09041734 0,1421224
3 0,9758247 0,66962 0,2287572 0,3634787
5 0,4883336 0,238224 0,03220135 0,09626335
5 0,8192189 0,3027021 0,03189445 0,05001765
6 0,9773266 0,6680225 0,115063 0,176437
6 0,9602963 0,6971012 0,1224741 0,1946382
6 0,4690196 0,1717946 0,03214067 0,07060635
