0 0,9202378 0,3847882 0,0691582 0,07222736
0 0,5295678 0,3839046 0,02568871 0,05555344
1 0,5818 0,2113518 0,04174346 0,06662339
2 0,09025665 0,5550976 0,115992 0,07663694
2 0,9183874 0,3633674 0,08867711 0,06078053
3 0,2693716 0,5955176 0,1907946 0,3158625
3 0,399009 0,6470602 0,2723751 0,4776051
3 0,1574931 0,3847572 0,08993376 0,06473523
7 0,5290824 0,3884976 0,1136142 0,2692568
5 0,1475721 0,4785811 0,05027786 0,07583055
5 0,9670353 0,3557343 0,04726124 0,05241102
6 0,1523311 0,387913 0,02964222 0,03786784
6 0,1730144 0,3849586 0,02816668 0,03746033
6 0,4918872 0,3897437 0,01702103 0,05158389
