0 0,8238942 0,367844 0,04767781 0,06367677
0 0,5322624 0,3547878 0,01952487 0,05183822
1 0,5747445 0,2297707 0,03169996 0,06879061
2 0,2489707 0,4945773 0,05509928 0,06088349
2 0,2204095 0,571014 0,06658638 0,07744518
2 0,8243096 0,3513472 0,0592128 0,06157559
3 0,3916887 0,5707245 0,05938777 0,2006692
3 0,4682893 0,6191951 0,1008612 0,2563391
3 0,226983 0,2873043 0,06698772 0,05998886
7 0,5318539 0,3592617 0,08492297 0,2100692
5 0,266793 0,4250112 0,02638024 0,05924231
5 0,8533932 0,3595514 0,03259754 0,04409939
6 0,2229329 0,2897061 0,0210017 0,03554875
6 0,2394818 0,2878915 0,02001475 0,03528565
6 0,5044944 0,3587799 0,01283175 0,04540753
