0 0,3908373 0,1163949 0,01669216 0,05493402
0 0,3973661 0,1173254 0,0168936 0,05587703
0 0,6480654 0,6770946 0,06375527 0,1442477
1 0,799462 0,6431249 0,1603382 0,3087053
2 0,4254608 0,2822003 0,02976054 0,04524612
2 0,3877975 0,2981932 0,0298478 0,04867578
2 0,3944969 0,1173127 0,01682889 0,07427794
2 0,3937445 0,1165722 0,01723483 0,07453912
3 0,3678291 0,4723856 0,09953776 0,17259
3 0,3248703 0,6457202 0,1664903 0,3718299
3 0,5251397 0,1445339 0,03403252 0,05929428
7 0,6429468 0,6809599 0,2328108 0,6390396
5 0,4565107 0,2545853 0,01854888 0,04596651
6 0,5235198 0,1442251 0,0127064 0,0280602
6 0,5297021 0,1521429 0,01321948 0,02905983
6 0,6063932 0,5752536 0,03944945 0,09631816
