0 0,3392658 0,2822821 0,03227231 0,09053266
0 0,3482627 0,2774228 0,0321224 0,09398276
0 0,449447 0,4510337 0,01352477 0,03736198
0 0,442459 0,567399 0,0356192 0,06908056
1 0,4262002 0,3933302 0,0438523 0,06928325
2 0,3449464 0,2784293 0,03190666 0,1238875
2 0,3426197 0,2809626 0,03317559 0,124851
2 0,4303793 0,483097 0,02027696 0,03124839
2 0,4505078 0,452956 0,01687068 0,04673934
3 0,758324 0,589209 0,1681095 0,2171347
3 0,6955659 0,5196778 0,1623096 0,1577464
3 0,6043726 0,1155083 0,1079496 0,1856731
7 0,4457803 0,5699663 0,08302179 0,3400828
5 0,3865041 0,2850627 0,01282066 0,04209334
6 0,5987533 0,1189496 0,03646958 0,07521915
6 0,6214966 0,08527452 0,04134601 0,08556575
6 0,4483663 0,5908911 0,03061512 0,07195315
