0 0,6358797 0,1551071 0,03697151 0,1120048
0 0,6521746 0,1503577 0,04116946 0,1192103
0 0,5197169 0,3691919 0,01280332 0,02778971
0 0,552438 0,344422 0,0111407 0,03257412
0 0,4530391 0,3973701 0,02754658 0,03956705
1 0,4632308 0,2653594 0,03479883 0,04568142
2 0,6444752 0,1512294 0,03894657 0,1574858
2 0,6433031 0,1539099 0,03970605 0,1582583
2 0,5185617 0,3602566 0,01764673 0,02175391
2 0,5536467 0,3468003 0,01428908 0,0406872
3 0,5973042 0,5038148 0,1347622 0,1471204
3 0,6303422 0,457496 0,1295398 0,1288908
7 0,4548834 0,4004411 0,06904012 0,2216857
5 0,6943663 0,1682083 0,02449393 0,05496895
6 0,4415207 0,4076697 0,02272373 0,04158938
