0 0,3966566 0,09208626 0,01370469 0,03400624
0 0,41377 0,03788429 0,0130544 0,03822351
0 0,5715472 0,5016836 0,04178303 0,1075902
0 0,3994789 0,2059873 0,02172583 0,04233229
1 0,3878646 0,07363743 0,03080758 0,05204034
2 0,5203482 0,5666633 0,05520862 0,1180854
2 0,5752071 0,5280507 0,0568825 0,1064785
2 0,4148521 0,03977394 0,01632965 0,04703969
3 0,534541 0,2808932 0,06475586 0,09436184
3 0,5360621 0,2276528 0,0712111 0,09987253
7 0,4015119 0,2081844 0,04944259 0,2153524
5 0,4642451 0,5847917 0,03461823 0,09685695
6 0,5187817 0,5358574 0,02802843 0,09499243
