0 0,2667089 0,03772086 0,09287754 0,2340383
0 0,2836166 0,01829267 0,09294978 0,251033
0 0,6035312 0,4850796 0,05213916 0,09524146
0 0,4144546 0,4120982 0,02061129 0,03744847
1 0,4045488 0,3091663 0,02774587 0,04418731
2 0,5455641 0,5712577 0,07105696 0,09640193
2 0,6106437 0,5241761 0,07370353 0,08042103
2 0,4432251 0,2295904 0,01445028 0,01197642
2 0,445881 0,225087 0,01531217 0,01275301
2 0,2783711 0,02702564 0,09709099 0,327702
2 0,2718651 0,02885127 0,102738 0,3337349
3 0,5490503 0,3960633 0,06819373 0,08372074
3 0,5485954 0,3744066 0,07321441 0,07488751
7 0,4163983 0,4134855 0,04681107 0,1804
5 0,4761475 0,5878323 0,04457667 0,1133276
5 0,3706289 0,0521428 0,02930784 0,1049215
6 0,4159318 0,4194584 0,01671934 0,03658795
