0 0,4788809 0,5879725 0,03847504 0,1062696
0 0,5400584 0,2631452 0,01962548 0,037251
1 0,554543 0,1539626 0,02738416 0,04550213
2 0,4410631 0,5701412 0,05180028 0,09739685
2 0,4841071 0,6217733 0,05413523 0,1132983
3 0,591561 0,4225941 0,0722667 0,1209241
3 0,6340348 0,3866609 0,08097631 0,1375691
3 0,1484315 0,5268549 0,1285443 0,1849095
7 0,5410859 0,2660782 0,0538578 0,1812016
5 0,406459 0,5128082 0,02755356 0,07296777
6 0,1396223 0,5388305 0,03631937 0,07415807
6 0,1743262 0,5055827 0,03330015 0,06850311
6 0,4384702 0,5404332 0,02799317 0,07771724
6 0,5297991 0,278484 0,01500982 0,03480542
