0 0,4304269 0,07275277 0,01486692 0,0443368
0 0,8491885 0,807865 0,06556499 0,1327587
0 0,5252869 0,3819895 0,02475631 0,05684739
1 0,5053977 0,235468 0,03423202 0,07137126
2 0,8150549 0,9015831 0,07773894 0,1764584
2 0,8426187 0,8200427 0,07370448 0,1529397
2 0,4310236 0,07395291 0,01794118 0,05397886
3 0,698788 0,4695343 0,06945074 0,1291275
3 0,6706187 0,3818439 0,08408159 0,1399516
7 0,527297 0,3836096 0,07295614 0,2579138
5 0,7920347 0,975301 0,04931939 0,1186187
6 0,8235438 0,8844008 0,05280489 0,1144231
6 0,541095 0,4192218 0,01964349 0,05119777
