0 0,6088136 0,4893705 0,02938795 0,06063911
1 0,4610068 0,2351021 0,02145839 0,03416073
2 0,5756897 0,5261496 0,03918082 0,0572727
2 0,6110278 0,5103753 0,04010308 0,0536415
2 0,4590845 0,2184471 0,01216352 0,03544146
3 0,5734593 0,3751269 0,04839927 0,05946451
3 0,5716549 0,3443224 0,05534571 0,06417483
3 0,3415031 0,9390264 0,1004186 0,430204
7 0,4698072 0,3280517 0,03543115 0,1481046
5 0,5417224 0,525617 0,02283382 0,05591381
6 0,3401845 0,9711329 0,04977629 0,1389743
6 0,3463092 0,8726662 0,04339123 0,1172998
6 0,5753937 0,5025297 0,02063316 0,05402535
6 0,4724717 0,3391492 0,01203197 0,02704716
