0 0,809186 0,4449428 0,03618813 0,061719
0 0,8133858 0,4492351 0,03728926 0,06444871
1 0,344171 0,1892737 0,04224044 0,09025991
2 0,6345538 0,4157755 0,03500795 0,02770513
2 0,6129695 0,3920133 0,03124052 0,02465606
2 0,8126282 0,4490349 0,04070669 0,08088928
2 0,8100417 0,4454638 0,04070401 0,08135915
3 0,4677014 0,3219206 0,05579194 0,07190621
3 0,9269181 0,5839099 0,1033827 0,1077196
7 0,4113978 0,3912752 0,1239393 0,2897305
5 0,6595795 0,4270126 0,02326083 0,04566228
5 0,8508118 0,4635306 0,02151543 0,03237575
6 0,9293046 0,5863379 0,04712224 0,06347328
6 0,917332 0,5885245 0,04776925 0,06545785
