0 0,4356303 0,2173246 0,01065248 0,04343098
0 0,440255 0,2190759 0,01080817 0,04427218
1 0,5099149 0,6735555 0,07764179 0,175054
2 0,426559 0,3616399 0,01948959 0,03229398
2 0,3965861 0,3664721 0,02193204 0,03313273
2 0,4375458 0,2179896 0,01015833 0,05941504
3 0,3481545 0,4856139 0,07415086 0,09717441
3 0,2978645 0,5811743 0,1198898 0,184283
3 0,5348015 0,2637678 0,02487946 0,05225879
7 0,4888575 0,7033803 0,08521688 0,4650033
6 0,5339639 0,263068 0,01076168 0,02317858
6 0,5370963 0,2714084 0,01117277 0,02400899
