0 0,7673973 0,2633618 0,05566818 0,09799826
0 0,7602984 0,2648949 0,05516338 0,1003342
0 0,4984917 0,1866661 0,05650479 0,09029609
2 0,542515 0,2770101 0,08444256 0,08316672
2 0,4914437 0,2200654 0,07355648 0,07321012
2 0,7660037 0,2680655 0,06817174 0,1341698
2 0,7619954 0,2608581 0,06643236 0,1331061
3 0,2362098 0,04242682 0,09041734 0,1421224
3 0,9758247 0,66962 0,2287572 0,3634787
5 0,6017794 0,3103058 0,05719006 0,1077781
5 0,8192189 0,3027021 0,03189445 0,05001765
6 0,9773266 0,6680225 0,115063 0,176437
6 0,9602963 0,6971012 0,1224741 0,1946382
