0 0,8147407 0,3613104 0,04366755 0,05577266
0 0,5322624 0,3547878 0,01952487 0,05183822
1 0,5747445 0,2297707 0,03169996 0,06879061
2 0,2320515 0,4410355 0,06745616 0,06707537
2 0,2329042 0,4886624 0,07424714 0,07985374
2 0,8158415 0,3453816 0,05498946 0,0513736
3 0,3916887 0,5707245 0,05938777 0,2006692
3 0,4995176 0,6666764 0,1105191 0,2053978
3 0,226983 0,2873043 0,06698772 0,05998886
7 0,5318539 0,3592617 0,08492297 0,2100692
5 0,2288087 0,3902462 0,03629327 0,05814725
5 0,8533932 0,3595514 0,03259754 0,04409939
6 0,2229329 0,2897061 0,0210017 0,03554875
6 0,2394818 0,2878915 0,02001475 0,03528565
6 0,2276861 0,415316 0,03968923 0,05695087
6 0,5044944 0,3587799 0,01283175 0,04540753
