0 0,3877472 0,1128505 0,02039048 0,05309749
0 0,3896647 0,1179885 0,02018979 0,05456644
0 0,6480654 0,6770946 0,06375527 0,1442477
1 0,799462 0,6431249 0,1603382 0,3087053
2 0,4509612 0,2411779 0,03785616 0,04657149
2 0,4267067 0,2668273 0,03986102 0,05297476
2 0,3898002 0,1160184 0,02486455 0,07159877
2 0,3877369 0,1149596 0,02471837 0,0717957
3 0,3678291 0,4723856 0,09953776 0,17259
3 0,2800224 0,7512339 0,132099 0,4340502
3 0,5251397 0,1445339 0,03403252 0,05929428
7 0,6429468 0,6809599 0,2328108 0,6390396
5 0,4698946 0,2080742 0,01989618 0,04419816
6 0,5235198 0,1442251 0,0127064 0,0280602
6 0,5297021 0,1521429 0,01321948 0,02905983
6 0,6063932 0,5752536 0,03944945 0,09631816
