0 0,337367 0,288614 0,03862682 0,08633572
0 0,3355192 0,2812976 0,03944039 0,09136713
0 0,4502782 0,4500601 0,01333982 0,03684473
0 0,442459 0,567399 0,0356192 0,06908056
1 0,4262002 0,3933302 0,0438523 0,06928325
2 0,3386588 0,2829463 0,04722551 0,1191332
2 0,3345142 0,2866904 0,04734474 0,1197197
2 0,4266428 0,4849759 0,01971051 0,02563012
2 0,451295 0,4519396 0,01667163 0,04618609
3 0,758324 0,589209 0,1681095 0,2171347
3 0,6928282 0,4985659 0,1226856 0,118566
3 0,6043726 0,1155083 0,1079496 0,1856731
7 0,4457803 0,5699663 0,08302179 0,3400828
5 0,3865041 0,2850627 0,01282066 0,04209334
6 0,5987533 0,1189496 0,03646958 0,07521915
6 0,6214966 0,08527452 0,04134601 0,08556575
6 0,4483663 0,5908911 0,03061512 0,07195315
