0 0,628313 0,1627893 0,04242104 0,1030039
0 0,6335952 0,1530963 0,04412812 0,1111958
0 0,5156905 0,3695167 0,0121091 0,02461201
0 0,5538169 0,3440248 0,01101118 0,03222144
0 0,4530391 0,3973701 0,02754658 0,03956705
1 0,4632308 0,2653594 0,03479883 0,04568142
2 0,6331433 0,1559139 0,05242878 0,1443942
2 0,6289122 0,1597379 0,05115819 0,1440967
2 0,5149701 0,3602564 0,01753992 0,01646173
2 0,5549859 0,3463471 0,01418829 0,04031634
3 0,5973042 0,5038148 0,1347622 0,1471204
3 0,6532363 0,4475718 0,08924639 0,1168432
7 0,4548834 0,4004411 0,06904012 0,2216857
5 0,6943663 0,1682083 0,02449393 0,05496895
6 0,4415207 0,4076697 0,02272373 0,04158938
