0 0,4530475 0,2110051 0,0113121 0,02215856
0 0,4541127 0,2044351 0,01157412 0,0322991
1 0,5099149 0,6735555 0,07764179 0,175054
2 0,3277345 0,4166282 0,0331465 0,03783226
2 0,3167937 0,4587059 0,03747094 0,0447408
2 0,4529985 0,2025067 0,01444739 0,0164122
2 0,4537775 0,2118642 0,01405048 0,03250384
3 0,4178148 0,6494417 0,08934963 0,1506112
3 0,4159959 0,734785 0,101533 0,1798908
3 0,5348015 0,2637678 0,02487946 0,05225879
7 0,4888575 0,7033803 0,08521688 0,4650033
5 0,3348348 0,3727762 0,01496044 0,04181796
6 0,5339639 0,263068 0,01076168 0,02317858
6 0,5370963 0,2714084 0,01117277 0,02400899
