0 0,2665208 0,06027591 0,100748 0,2069058
0 0,2563613 0,03094834 0,1104133 0,2324277
0 0,4144546 0,4120982 0,02061129 0,03744847
1 0,4045488 0,3091663 0,02774587 0,04418731
2 0,4907672 0,710794 0,1239408 0,2295452
2 0,5503175 0,6021886 0,1094074 0,1474965
2 0,4432251 0,2295904 0,01445028 0,01197642
2 0,445881 0,225087 0,01531217 0,01275301
2 0,2668809 0,04282022 0,1252788 0,2859419
2 0,2569902 0,04892308 0,1279793 0,2887943
3 0,5490503 0,3960633 0,06819373 0,08372074
3 0,5555412 0,3650345 0,05270845 0,06006444
7 0,4163983 0,4134855 0,04681107 0,1804
5 0,4004356 0,8179661 0,09117839 0,2677179
5 0,3706289 0,0521428 0,02930784 0,1049215
6 0,4845708 0,6513579 0,06603613 0,1712369
6 0,4159318 0,4194584 0,01671934 0,03658795
