0 0,5778506 0,5280138 0,04142088 0,07946324
1 0,4610068 0,2351021 0,02145839 0,03416073
2 0,5541693 0,5949618 0,06011641 0,0948295
2 0,5791632 0,5478139 0,05666786 0,07904825
2 0,4595914 0,2173591 0,01205599 0,03514737
3 0,5734593 0,3751269 0,04839927 0,05946451
3 0,5764164 0,3341043 0,04091734 0,05925858
3 0,3415031 0,9390264 0,1004186 0,430204
7 0,4698072 0,3280517 0,03543115 0,1481046
5 0,5269623 0,6283724 0,03467768 0,0889934
6 0,3401845 0,9711329 0,04977629 0,1389743
6 0,3463092 0,8726662 0,04339123 0,1172998
6 0,5540282 0,5696827 0,03164631 0,07505348
6 0,4724717 0,3391492 0,01203197 0,02704716
