0 0,810461 0,4422714 0,03969067 0,06437725
0 0,8053558 0,4432226 0,03897846 0,06550556
0 0,6534294 0,4022349 0,03618497 0,0442127
1 0,344171 0,1892737 0,04224044 0,09025991
2 0,6841918 0,4462667 0,05294037 0,03925771
2 0,647723 0,4198023 0,04749292 0,0354408
2 0,8097401 0,4452519 0,04768497 0,08805829
2 0,8063216 0,440679 0,04640532 0,08732224
3 0,4509454 0,3119105 0,05280784 0,06081152
3 0,9269181 0,5839099 0,1033827 0,1077196
7 0,4113978 0,3912752 0,1239393 0,2897305
5 0,7239482 0,4586536 0,03461617 0,05106986
5 0,8508118 0,4635306 0,02151543 0,03237575
6 0,9293046 0,5863379 0,04712224 0,06347328
6 0,917332 0,5885245 0,04776925 0,06545785
