0 0,4338573 0,2138963 0,01413053 0,04125863
0 0,434393 0,2185778 0,01395199 0,04240751
1 0,5099149 0,6735555 0,07764179 0,175054
2 0,4304985 0,3496813 0,02694485 0,03753507
2 0,4350625 0,2167876 0,01742229 0,05555511
2 0,4333019 0,2158027 0,01731268 0,05559278
3 0,3481545 0,4856139 0,07415086 0,09717441
3 0,2616808 0,6271367 0,1048059 0,2102727
3 0,5348015 0,2637678 0,02487946 0,05225879
7 0,4888575 0,7033803 0,08521688 0,4650033
5 0,4738603 0,3099751 0,01443598 0,0343731
6 0,5339639 0,263068 0,01076168 0,02317858
6 0,5370963 0,2714084 0,01117277 0,02400899
