0 0,1325812 0,4314613 0,07273668 0,07328761
0 0,1960935 0,4136133 0,06026807 0,06691736
0 0,8970441 0,6081877 0,1994883 0,2314618
0 0,5827138 0,2694756 0,02679908 0,04103005
1 0,5773012 0,2408537 0,04077852 0,06628811
2 0,1353247 0,4548057 0,09269115 0,06570917
2 0,1982091 0,4355839 0,07722169 0,05892801
2 0,8890716 0,6611172 0,2530527 0,2464599
3 0,3206977 0,3815831 0,09694752 0,08646226
3 0,461959 0,4649885 0,1238267 0,1524901
3 0,3845611 0,3606008 0,07158267 0,07389551
4 0,5290213 0,3518038 0,1136142 0,1941162
5 0,07473961 0,4538252 0,06021268 0,06330556
5 0,83676 0,5334522 0,1009632 0,1341469
6 0,3820149 0,3621079 0,02358395 0,03802723
6 0,3924155 0,3654159 0,02366558 0,03956729
