0 0,5697461 0,31534 0,02085727 0,04903466
0 0,5874395 0,3167799 0,0211761 0,05326414
0 0,4996637 0,4116255 0,0224959 0,04672951
0 0,499688 0,3798568 0,02071524 0,04239386
0 0,4996866 0,2876111 0,02039704 0,0396437
0 0,499712 0,2642103 0,01870212 0,03594005
1 0,498033 0,2313168 0,02910551 0,05127168
2 0,8219031 0,8833472 0,1061807 0,1371467
2 0,7637776 0,7221154 0,07962251 0,09560394
2 0,5700501 0,3017175 0,02811342 0,04363054
2 0,5824097 0,3153562 0,01992178 0,07176012
3 0,5485376 0,4114304 0,06173289 0,07645768
3 0,5445834 0,3794302 0,05623323 0,0684067
7 0,5016433 0,3787393 0,04229704 0,2346146
5 0,5990251 0,3096868 0,01947141 0,03648263
