0 0,3453093 0,2932678 0,03586584 0,08426994
0 0,3326679 0,2870457 0,03731605 0,08800054
0 0,4512295 0,4489057 0,01311174 0,03621662
0 0,3636253 0,03690219 0,08358607 0,1600754
0 0,442459 0,567399 0,0356192 0,06908056
1 0,4262002 0,3933302 0,0438523 0,06928325
2 0,3699199 0,06903726 0,07854256 0,08902025
2 0,3410286 0,2876338 0,04622358 0,1133453
2 0,3374067 0,2922598 0,04520527 0,1118529
2 0,4245972 0,486248 0,01906139 0,02841383
2 0,4521911 0,4507297 0,01643044 0,04552299
3 0,7595509 0,5869739 0,1698762 0,2167668
3 0,6442963 0,492366 0,1218121 0,1148167
3 0,6043726 0,1155083 0,1079496 0,1856731
7 0,4457803 0,5699663 0,08302179 0,3400828
5 0,37837 0,1669142 0,02613717 0,09293532
5 0,3865041 0,2850627 0,01282066 0,04209334
6 0,5987533 0,1189496 0,03646958 0,07521915
6 0,6214966 0,08527452 0,04134601 0,08556575
6 0,3738208 0,132093 0,04486516 0,09718496
6 0,4483663 0,5908911 0,03061512 0,07195315
