0 0,6316729 0,1702349 0,04028589 0,09988016
0 0,6224328 0,1599962 0,03927517 0,1043785
0 0,5132657 0,3697766 0,01160359 0,02624726
0 0,5554428 0,3435423 0,01087368 0,0317871
0 0,4530391 0,3973701 0,02754658 0,03956705
1 0,4632308 0,2653594 0,03479883 0,04568142
2 0,6298602 0,1623819 0,05054981 0,1348681
2 0,6247374 0,1673632 0,04813898 0,1318821
2 0,5128476 0,3604009 0,0168941 0,01909584
2 0,5565615 0,345792 0,01406425 0,03986627
3 0,6001693 0,5036432 0,1362141 0,1481431
3 0,6268836 0,4269359 0,09881115 0,09789807
7 0,4548834 0,4004411 0,06904012 0,2216857
5 0,6943663 0,1682083 0,02449393 0,05496895
6 0,4415207 0,4076697 0,02272373 0,04158938
