0 0,2875846 0,07999939 0,08608671 0,1886626
0 0,2565362 0,05738258 0,09723294 0,2070338
0 0,4345228 0,927268 0,1288601 0,3693584
0 0,4144546 0,4120982 0,02061129 0,03744847
1 0,4045488 0,3091663 0,02774587 0,04418731
2 0,4392375 0,9831114 0,1520711 0,3998818
2 0,4432251 0,2295904 0,01445028 0,01197642
2 0,445881 0,225087 0,01531217 0,01275301
2 0,2764549 0,06333202 0,1133254 0,2542984
2 0,2693185 0,07374871 0,1114261 0,2499092
3 0,5501579 0,3952763 0,06877756 0,08378977
3 0,5360841 0,3647972 0,0623402 0,06325251
7 0,4163983 0,4134855 0,04681107 0,1804
5 0,3706289 0,0521428 0,02930784 0,1049215
6 0,4159318 0,4194584 0,01671934 0,03658795
