0 0,6706951 0,1372839 0,01575649 0,03881419
0 0,2867808 0,612635 0,04835713 0,1074269
0 0,5400584 0,2631452 0,01962548 0,037251
1 0,554543 0,1539626 0,02738416 0,04550213
2 0,2291562 0,7369235 0,07373402 0,14792
2 0,2977153 0,6316698 0,06166363 0,112976
2 0,6720251 0,1394674 0,01991522 0,04813063
3 0,5931892 0,4231753 0,07312095 0,1223587
3 0,6523339 0,347015 0,07050878 0,1198555
3 0,1484315 0,5268549 0,1285443 0,1849095
7 0,5410859 0,2660782 0,0538578 0,1812016
5 0,1384334 0,8444332 0,07016308 0,1457586
6 0,1396223 0,5388305 0,03631937 0,07415807
6 0,1743262 0,5055827 0,03330015 0,06850311
6 0,2189492 0,7095742 0,04442871 0,1059823
6 0,5297991 0,278484 0,01500982 0,03480542
