0 0,5510833 0,6670254 0,04146194 0,09297907
1 0,4610068 0,2351021 0,02145839 0,03416073
2 0,5767754 0,8011382 0,06649882 0,1303286
2 0,5475354 0,6863796 0,05370283 0,09431612
2 0,4601655 0,2160327 0,01192486 0,03479028
3 0,5742142 0,3746398 0,04888135 0,05984271
3 0,5609079 0,3219765 0,04915184 0,05768061
3 0,3415031 0,9390264 0,1004186 0,430204
7 0,4698072 0,3280517 0,03543115 0,1481046
5 0,616923 0,9270898 0,04574418 0,1538572
6 0,3401845 0,9711329 0,04977629 0,1389743
6 0,3463092 0,8726662 0,04339123 0,1172998
6 0,579767 0,771988 0,03762561 0,09693187
6 0,4724717 0,3391492 0,01203197 0,02704716
