0 0,7463125 0,4359616 0,07176214 0,1068147
0 0,7252157 0,4244447 0,06256527 0,09630466
0 0,5098154 0,3634927 0,02001345 0,0443942
0 0,5397419 0,35888 0,02150345 0,04353172
0 0,560228 0,2675549 0,02282298 0,03735286
1 0,5790026 0,2138637 0,03261721 0,05186844
2 0,2340688 0,6141759 0,1109386 0,1164098
2 0,3297903 0,5902621 0,08485025 0,1070764
2 0,751804 0,4130458 0,09506941 0,1038045
2 0,7220621 0,420996 0,06314462 0,1263897
3 0,5180371 0,3823524 0,04828912 0,09306192
3 0,5525611 0,3767387 0,05367732 0,09029609
3 0,2241504 0,3585726 0,0686256 0,05226058
7 0,5372423 0,3542867 0,08998585 0,2100805
5 0,1357384 0,6017702 0,08303043 0,117609
5 0,7483267 0,4312194 0,05803496 0,08045644
6 0,2198936 0,3611897 0,02137688 0,03080112
6 0,2368103 0,358882 0,02038333 0,03052652
