0 0,8058968 0,3568595 0,03975761 0,05617797
0 0,11671 0,4057637 0,04745904 0,06116939
0 0,5322624 0,3547878 0,01952487 0,05183822
1 0,5747445 0,2297707 0,03169996 0,06879061
2 0,0801225 0,4360144 0,06365997 0,05434239
2 0,1273786 0,4278768 0,05791089 0,05274975
2 0,8074754 0,3417744 0,04925966 0,05323422
3 0,4131012 0,6606405 0,1140893 0,2848759
3 0,5486019 0,5320222 0,0603556 0,1797022
3 0,226983 0,2873043 0,06698772 0,05998886
7 0,5318539 0,3592617 0,08492297 0,2100692
5 0,03100202 0,4280216 0,04538313 0,0519833
5 0,8533932 0,3595514 0,03259754 0,04409939
6 0,2229329 0,2897061 0,0210017 0,03554875
6 0,2394818 0,2878915 0,02001475 0,03528565
6 0,5044944 0,3587799 0,01283175 0,04540753
