0 0,3560821 0,2930498 0,03052011 0,08573002
0 0,3412777 0,2894415 0,03164917 0,08583236
0 0,4519611 0,4479823 0,01292101 0,03569978
0 0,3788213 0,1791092 0,04911891 0,08675092
0 0,442459 0,567399 0,0356192 0,06908056
1 0,4262002 0,3933302 0,0438523 0,06928325
2 0,3806179 0,1777263 0,05118218 0,05118591
2 0,3754029 0,1254424 0,06442779 0,06835061
2 0,3494927 0,2887306 0,03312641 0,1128682
2 0,3480566 0,2931916 0,03195244 0,108251
2 0,4241506 0,486788 0,0177401 0,02917451
2 0,4528747 0,4497573 0,01623237 0,04498601
3 0,7691104 0,5345329 0,2110055 0,1970509
3 0,5966827 0,5081875 0,08557367 0,1033937
3 0,6043726 0,1155083 0,1079496 0,1856731
7 0,4457803 0,5699663 0,08302179 0,3400828
5 0,3851686 0,2327096 0,01836801 0,06327748
5 0,3865041 0,2850627 0,01282066 0,04209334
6 0,5987533 0,1189496 0,03646958 0,07521915
6 0,6214966 0,08527452 0,04134601 0,08556575
6 0,3831473 0,2194387 0,02984494 0,06315446
6 0,4483663 0,5908911 0,03061512 0,07195315
