0 0,6425881 0,1722243 0,03769416 0,1042665
0 0,6265292 0,164759 0,03443015 0,1029508
0 0,5124999 0,3699639 0,0108285 0,02699292
0 0,5567354 0,3431469 0,01075602 0,03142446
0 0,4530391 0,3973701 0,02754658 0,03956705
1 0,4632308 0,2653594 0,03479883 0,04568142
2 0,636435 0,1654887 0,03871393 0,1386588
2 0,6328946 0,1707404 0,03631985 0,131817
2 0,512204 0,3605902 0,01563066 0,02022725
2 0,5578106 0,3453324 0,01396102 0,03949684
3 0,6631879 0,4912481 0,1739063 0,171516
3 0,5797579 0,4181678 0,07379907 0,07359254
7 0,4548834 0,4004411 0,06904012 0,2216857
5 0,7914179 0,08449 0,05395859 0,102712
5 0,6943663 0,1682083 0,02449393 0,05496895
6 0,4415207 0,4076697 0,02272373 0,04158938
