0 0,3108127 0,0832572 0,07274488 0,1937269
0 0,2794077 0,07286638 0,07984719 0,1974398
0 0,4144546 0,4120982 0,02061129 0,03744847
1 0,4045488 0,3091663 0,02774587 0,04418731
2 0,4432251 0,2295904 0,01445028 0,01197642
2 0,445881 0,225087 0,01531217 0,01275301
2 0,2963834 0,07176608 0,08471644 0,2607746
2 0,2944313 0,08310252 0,08076841 0,2458177
3 0,571596 0,3761949 0,08215141 0,08224076
3 0,5076735 0,375547 0,0495013 0,05952775
7 0,4163983 0,4134855 0,04681107 0,1804
5 0,3706289 0,0521428 0,02930784 0,1049215
6 0,4159318 0,4194584 0,01671934 0,03658795
