0 0,8303183 0,4504083 0,0393874 0,06617469
0 0,816988 0,4464917 0,03642541 0,06332731
0 0,7736362 0,4498807 0,03375578 0,04365087
1 0,344171 0,1892737 0,04224044 0,09025991
2 0,7891966 0,4718572 0,04160988 0,03173906
2 0,7682536 0,469716 0,04213721 0,03286475
2 0,8236071 0,4501625 0,04306531 0,0817039
2 0,8234794 0,4470951 0,0412544 0,07903856
3 0,4914474 0,3239889 0,05567789 0,06854367
3 0,4186787 0,3223223 0,03147516 0,07377416
3 0,9269181 0,5839099 0,1033827 0,1077196
7 0,4113978 0,3912752 0,1239393 0,2897305
5 0,8090027 0,4611369 0,02295351 0,0357731
5 0,8508118 0,4635306 0,02151543 0,03237575
6 0,9293046 0,5863379 0,04712224 0,06347328
6 0,917332 0,5885245 0,04776925 0,06545785
