0 0,4408304 0,2078143 0,01152155 0,04322553
0 0,4345434 0,2118208 0,01141179 0,04253912
0 0,4640735 0,2609729 0,01342237 0,02572209
1 0,5099149 0,6735555 0,07764179 0,175054
2 0,4627851 0,2606242 0,01632643 0,0172652
2 0,4645234 0,2763161 0,01737818 0,01900721
2 0,4382391 0,2110541 0,01159266 0,05651838
2 0,4372098 0,2088614 0,01125669 0,0545786
3 0,3011886 0,5221889 0,1066489 0,1552145
3 0,3079787 0,723923 0,1195459 0,1748958
3 0,5348015 0,2637678 0,02487946 0,05225879
7 0,4888575 0,7033803 0,08521688 0,4650033
6 0,5339639 0,263068 0,01076168 0,02317858
6 0,5370963 0,2714084 0,01117277 0,02400899
