0 0,8018855 0,2879974 0,05065346 0,09486073
0 0,7932769 0,2837873 0,04754585 0,08918661
0 0,7349419 0,2894412 0,05152601 0,07634342
2 0,7555555 0,322638 0,05844241 0,05661368
2 0,724748 0,321593 0,06091148 0,06081426
2 0,795522 0,2867024 0,05489081 0,112595
2 0,7991877 0,285507 0,05400109 0,1086363
3 0,9758247 0,66962 0,2287572 0,3634787
5 0,7846204 0,3045432 0,03491646 0,05645537
5 0,8192189 0,3027021 0,03189445 0,05001765
6 0,9773266 0,6680225 0,115063 0,176437
6 0,9602963 0,6971012 0,1224741 0,1946382
6 0,7637785 0,2912779 0,03871948 0,06209964
