0 0,8891928 0,3804783 0,05365878 0,06566006
0 0,5295678 0,3839046 0,02568871 0,05555344
1 0,5818 0,2113518 0,04174346 0,06662339
2 0,8899683 0,3599224 0,06919396 0,05433267
3 0,3440632 0,7686922 0,3136969 0,4409794
3 0,5295429 0,4324219 0,06652516 0,1381024
3 0,1574931 0,3847572 0,08993376 0,06473523
7 0,5290824 0,3884976 0,1136142 0,2692568
5 0,9670353 0,3557343 0,04726124 0,05241102
6 0,1523311 0,387913 0,02964222 0,03786784
6 0,1730144 0,3849586 0,02816668 0,03746033
6 0,4918872 0,3897437 0,01702103 0,05158389
