0 0,4010651 0,1049064 0,01362801 0,05345762
0 0,3946186 0,107391 0,01379928 0,05115461
0 0,4370023 0,1412891 0,01718387 0,03113467
0 0,6480654 0,6770946 0,06375527 0,1442477
1 0,799462 0,6431249 0,1603382 0,3087053
2 0,431868 0,1442738 0,02098441 0,02082592
2 0,4383286 0,1591576 0,02234066 0,02289683
2 0,397803 0,1076521 0,0130845 0,0687843
2 0,3978747 0,1050428 0,013338 0,06500667
3 0,2788177 0,6468825 0,09162948 0,3166068
3 0,5435091 0,7312129 0,1395704 0,3067606
3 0,5251397 0,1445339 0,03403252 0,05929428
7 0,6429468 0,6809599 0,2328108 0,6390396
6 0,5235198 0,1442251 0,0127064 0,0280602
6 0,5297021 0,1521429 0,01321948 0,02905983
6 0,4309959 0,1276311 0,01205954 0,02630442
6 0,6063932 0,5752536 0,03944945 0,09631816
