0 0,6566357 0,1692857 0,03170919 0,106041
0 0,6412786 0,1665334 0,02913958 0,0984934
0 0,5124871 0,3702343 0,01046646 0,02758938
0 0,5580974 0,342715 0,01062208 0,03102088
0 0,8546773 0,05010879 0,1109891 0,1266196
0 0,4530391 0,3973701 0,02754658 0,03956705
1 0,4632308 0,2653594 0,03479883 0,04568142
2 0,7938688 0,0505392 0,1054873 0,07111746
2 0,6489229 0,1651781 0,02941757 0,1373566
2 0,648746 0,1698025 0,02956909 0,1276864
2 0,5122762 0,3608436 0,01499152 0,02110517
2 0,5591229 0,3448255 0,0138461 0,0390923
3 0,6723962 0,4693561 0,09137493 0,1365445
3 0,5044826 0,4107948 0,06804991 0,06872427
7 0,4548834 0,4004411 0,06904012 0,2216857
5 0,7491632 0,1236389 0,03935122 0,07952982
5 0,6943663 0,1682083 0,02449393 0,05496895
6 0,7880211 0,1070043 0,05659842 0,08217961
6 0,4415207 0,4076697 0,02272373 0,04158938
