0 0,07260731 0,03108847 0,07287055 0,09477031
0 0,04066122 0,04824495 0,08435825 0,1244112
0 0,5331618 0,5025066 0,02591723 0,05022907
0 0,5477384 0,497126 0,02320445 0,0461219
0 0,5542806 0,5614895 0,03022116 0,05203333
0 0,5162312 0,4546584 0,02623999 0,03865254
0 0,4997389 0,4451649 0,02379477 0,03472793
1 0,5052806 0,4041981 0,03511646 0,04703951
2 0,8452711 0,6480843 0,06166661 0,06064036
2 0,7781695 0,6080301 0,05172193 0,04749599
2 0,2987621 0,2445366 0,01629132 0,01049078
2 0,07654348 0,05910558 0,09321743 0,07955533
2 0,03714123 0,01933789 0,1044033 0,1287673
2 0,5338816 0,490014 0,03390437 0,04819122
2 0,5430515 0,4982218 0,022995 0,06396693
3 0,5871843 0,547388 0,06524438 0,08213991
7 0,5306242 0,5433441 0,08108288 0,2406191
5 0,928021 0,6721281 0,05277663 0,0855028
5 0,02864569 0,01806998 0,05304823 0,09321439
5 0,5663138 0,486949 0,01865244 0,0314616
