0 0,7090382 0,5082474 0,06011945 0,1129505
0 0,6900023 0,5097789 0,05291176 0,09940389
0 0,5061812 0,3718483 0,01829377 0,05420792
0 0,5339943 0,3674679 0,02000719 0,0533728
0 0,5553318 0,2806001 0,02187073 0,05031681
1 0,5747445 0,2297707 0,03169996 0,06879061
2 0,2921332 0,7556706 0,07061186 0,1370568
2 0,3641832 0,7335984 0,05683541 0,1301919
2 0,7145895 0,4931452 0,07852691 0,1212933
2 0,6884475 0,4998956 0,05597776 0,1189021
3 0,5131889 0,4206303 0,0428665 0,1282254
3 0,5444851 0,4150467 0,0473485 0,1252426
3 0,226983 0,2873043 0,06698772 0,05998886
7 0,5318539 0,3592617 0,08492297 0,2100692
5 0,2183429 0,7563364 0,05744566 0,09623608
5 0,7039874 0,5508155 0,04598236 0,08749056
6 0,2229329 0,2897061 0,0210017 0,03554875
6 0,2394818 0,2878915 0,02001475 0,03528565
