0 0,6650567 0,1621178 0,0417695 0,1058376
0 0,6597398 0,1641779 0,0353682 0,09464163
0 0,5127575 0,3705416 0,01022798 0,02812397
0 0,5594155 0,3422781 0,01048005 0,03060347
0 0,8546773 0,05010879 0,1109891 0,1266196
0 0,4530391 0,3973701 0,02754658 0,03956705
1 0,4632308 0,2653594 0,03479883 0,04568142
2 0,7938688 0,0505392 0,1054873 0,07111746
2 0,6604668 0,1612805 0,04846078 0,1317257
2 0,6640815 0,1643037 0,04393113 0,1210037
2 0,5126058 0,3611295 0,01457959 0,02185053
2 0,5603883 0,3443072 0,01372659 0,03868037
3 0,6723962 0,4693561 0,09137493 0,1365445
3 0,5044826 0,4107948 0,06804991 0,06872427
7 0,4548834 0,4004411 0,06904012 0,2216857
5 0,7491632 0,1236389 0,03935122 0,07952982
5 0,6943663 0,1682083 0,02449393 0,05496895
6 0,7880211 0,1070043 0,05659842 0,08217961
6 0,4415207 0,4076697 0,02272373 0,04158938
