0 0,4088183 0,1077101 0,01554176 0,02889937
0 0,4101548 0,0956651 0,01585045 0,037655
0 0,5948807 0,5949758 0,05307913 0,1211402
0 0,6347101 0,6989369 0,06364125 0,1479203
0 0,7142755 0,6474575 0,08714139 0,18113
1 0,799462 0,6431249 0,1603382 0,3087053
2 0,3030462 0,4449692 0,04633656 0,0794543
2 0,2997996 0,5234745 0,0535621 0,1010326
2 0,4084379 0,09720671 0,01966539 0,02221447
2 0,4100317 0,1059766 0,01893902 0,03528732
3 0,5311937 0,6564386 0,1283302 0,2681501
3 0,5651481 0,7825341 0,1494624 0,3402438
3 0,5251397 0,1445339 0,03403252 0,05929428
7 0,6429468 0,6809599 0,2328108 0,6390396
5 0,3028719 0,3717605 0,02047068 0,06890601
6 0,5235198 0,1442251 0,0127064 0,0280602
6 0,5297021 0,1521429 0,01321948 0,02905983
