0 0,6768286 0,13381 0,0154081 0,03775495
0 0,02783895 0,9847977 0,09006244 0,2152801
0 0,5400584 0,2631452 0,01962548 0,037251
1 0,554543 0,1539626 0,02738416 0,04550213
2 0,05910873 0,9935676 0,1066261 0,2546616
2 0,6780272 0,1357568 0,01972109 0,04715317
3 0,6551586 0,4112273 0,04737651 0,1265882
3 0,5717421 0,2918641 0,05084807 0,07381284
3 0,1484315 0,5268549 0,1285443 0,1849095
7 0,5410859 0,2660782 0,0538578 0,1812016
6 0,1396223 0,5388305 0,03631937 0,07415807
6 0,1743262 0,5055827 0,03330015 0,06850311
6 0,5297991 0,278484 0,01500982 0,03480542
