0 0,3841009 0,2748181 0,02464569 0,04433894
0 0,38283 0,2974609 0,02586716 0,05919534
0 0,514403 0,509461 0,03110531 0,06418449
0 0,5274532 0,4984586 0,02766985 0,05897146
0 0,4615229 0,5917333 0,04102534 0,08072346
0 0,4541109 0,5683919 0,03557068 0,06836745
0 0,4337852 0,4544139 0,03269142 0,05463833
0 0,4300793 0,4488077 0,02861917 0,0475719
1 0,4262002 0,3933302 0,0438523 0,06928325
2 0,8564593 0,6064203 0,1205396 0,09524357
2 0,3855377 0,2909783 0,03020638 0,0326857
2 0,3809001 0,2810639 0,0310646 0,05564719
2 0,5216131 0,501316 0,0270136 0,08058965
3 0,5216118 0,5596516 0,09728622 0,1314889
3 0,5071903 0,541199 0,08431655 0,1114359
3 0,6043726 0,1155083 0,1079496 0,1856731
7 0,4457803 0,5699663 0,08302179 0,3400828
5 0,3865041 0,2850627 0,01282066 0,04209334
5 0,5516697 0,479408 0,02354592 0,04120773
6 0,5987533 0,1189496 0,03646958 0,07521915
6 0,6214966 0,08527452 0,04134601 0,08556575
