0 0,7874158 0,2840837 0,05213034 0,09437335
0 0,8055642 0,3045972 0,05191457 0,0928086
0 0,7349419 0,2894412 0,05152601 0,07634342
2 0,7555555 0,322638 0,05844241 0,05661368
2 0,724748 0,321593 0,06091148 0,06081426
2 0,7951646 0,2932543 0,06032395 0,1170511
2 0,7976592 0,2947714 0,05654275 0,1091853
3 0,9758247 0,66962 0,2287572 0,3634787
5 0,7846204 0,3045432 0,03491646 0,05645537
5 0,8192189 0,3027021 0,03189445 0,05001765
6 0,9773266 0,6680225 0,115063 0,176437
6 0,9602963 0,6971012 0,1224741 0,1946382
6 0,7637785 0,2912779 0,03871948 0,06209964
