0 0,3590629 0,2824391 0,02897462 0,08211225
0 0,3743887 0,2768129 0,02584708 0,07589471
0 0,4539801 0,445129 0,01226744 0,03398764
0 0,3829863 0,2180824 0,04023713 0,07001692
0 0,442459 0,567399 0,0356192 0,06908056
1 0,4262002 0,3933302 0,0438523 0,06928325
2 0,3839393 0,2114686 0,04314116 0,04136848
2 0,3802738 0,1748043 0,0521836 0,05235028
2 0,3655004 0,2797353 0,02937427 0,1034662
2 0,3681488 0,2798074 0,02759728 0,09476745
2 0,4262102 0,4871977 0,01699245 0,0312053
2 0,4547234 0,4467195 0,01557663 0,04325902
3 0,7376355 0,5090839 0,1341187 0,130191
3 0,5171084 0,5462322 0,08848575 0,1176427
3 0,6043726 0,1155083 0,1079496 0,1856731
7 0,4457803 0,5699663 0,08302179 0,3400828
5 0,3874786 0,2550601 0,01584157 0,05394608
5 0,3865041 0,2850627 0,01282066 0,04209334
6 0,5987533 0,1189496 0,03646958 0,07521915
6 0,6214966 0,08527452 0,04134601 0,08556575
6 0,3860659 0,2467716 0,02530754 0,05313432
6 0,4483663 0,5908911 0,03061512 0,07195315
