0 0,6568165 0,1591808 0,03830767 0,1028323
0 0,674826 0,1549589 0,03816223 0,09699357
0 0,5132021 0,3708703 0,01043344 0,02856028
0 0,5606387 0,3418502 0,01033443 0,03018588
0 0,8546773 0,05010879 0,1109891 0,1266196
0 0,4530391 0,3973701 0,02754658 0,03956705
1 0,4632308 0,2653594 0,03479883 0,04568142
2 0,7938688 0,0505392 0,1054873 0,07111746
2 0,6637318 0,1570144 0,0412156 0,1319768
2 0,6678914 0,1575884 0,03938043 0,1211617
2 0,5130836 0,3614331 0,0148049 0,02240485
2 0,5615574 0,3437946 0,01360607 0,03827351
3 0,6723962 0,4693561 0,09137493 0,1365445
3 0,5044826 0,4107948 0,06804991 0,06872427
7 0,4548834 0,4004411 0,06904012 0,2216857
5 0,7491632 0,1236389 0,03935122 0,07952982
5 0,6943663 0,1682083 0,02449393 0,05496895
6 0,7880211 0,1070043 0,05659842 0,08217961
6 0,4415207 0,4076697 0,02272373 0,04158938
