0 0,04110035 0,1691967 0,07372794 0,1398512
1 0,5056318 0,4390863 0,03550723 0,04576123
2 0,3052745 0,3554558 0,01548386 0,01004356
2 0,01847658 0,1631635 0,08947158 0,1920537
2 0,02287921 0,16557 0,08224392 0,1750268
3 0,7163384 0,5964249 0,07941395 0,07984355
3 0,5770311 0,5768312 0,06192136 0,06459123
3 0,206878 0,003130436 0,2081873 0,504644
7 0,529787 0,5754897 0,08380133 0,2321303
5 0,0583927 0,1914424 0,04383761 0,07789677
6 0,2121779 0,01390088 0,07834415 0,1797411
6 0,547022 0,5868981 0,02291852 0,04317185
