0 0,3124666 0,04620248 0,07293594 0,1983841
0 0,34542 0,0393694 0,06012595 0,1780345
0 0,4144546 0,4120982 0,02061129 0,03744847
1 0,4045488 0,3091663 0,02774587 0,04418731
2 0,4432251 0,2295904 0,01445028 0,01197642
2 0,445881 0,225087 0,01531217 0,01275301
2 0,3266622 0,04352319 0,07332957 0,2471778
2 0,3320553 0,04272318 0,06786737 0,2257451
3 0,5697544 0,3673742 0,04959893 0,06080621
3 0,4580601 0,3983769 0,05062914 0,06416017
7 0,4163983 0,4134855 0,04681107 0,1804
5 0,3706289 0,0521428 0,02930784 0,1049215
6 0,4159318 0,4194584 0,01671934 0,03658795
