0 0,4437263 0,2141018 0,010831 0,03962904
0 0,4504921 0,2142774 0,01037288 0,0368576
0 0,4625036 0,2470977 0,01270407 0,02409947
1 0,5099149 0,6735555 0,07764179 0,175054
2 0,4613678 0,2475494 0,01548105 0,01590079
2 0,4629319 0,2616526 0,01642379 0,01740634
2 0,4464982 0,214238 0,01094836 0,05041385
2 0,4477432 0,2139684 0,01048201 0,04599273
3 0,2735636 0,5696698 0,07746664 0,1685437
3 0,4118555 0,697848 0,0961141 0,1650784
3 0,5348015 0,2637678 0,02487946 0,05225879
7 0,4888575 0,7033803 0,08521688 0,4650033
6 0,5339639 0,263068 0,01076168 0,02317858
6 0,5370963 0,2714084 0,01117277 0,02400899
