0 0,8004667 0,2922387 0,0419538 0,08131301
0 0,7926706 0,2860146 0,04518902 0,08868879
0 0,7349419 0,2894412 0,05152601 0,07634342
2 0,7555555 0,322638 0,05844241 0,05661368
2 0,724748 0,321593 0,06091148 0,06081426
2 0,7968653 0,2900324 0,05283093 0,1084189
2 0,7962998 0,2891437 0,05693972 0,1166569
3 0,9758247 0,66962 0,2287572 0,3634787
5 0,7846204 0,3045432 0,03491646 0,05645537
5 0,8192189 0,3027021 0,03189445 0,05001765
6 0,9773266 0,6680225 0,115063 0,176437
6 0,9602963 0,6971012 0,1224741 0,1946382
6 0,7637785 0,2912779 0,03871948 0,06209964
