0 0,8284451 0,3541222 0,04212469 0,05475497
0 0,04287484 0,4243051 0,05950639 0,0539459
0 0,5375779 0,350848 0,02085859 0,04199433
1 0,5790026 0,2138637 0,03261721 0,05186844
2 0,05304369 0,4506338 0,07582814 0,03956205
2 0,8288617 0,3370944 0,05396289 0,04544002
3 0,4461481 0,5206062 0,1427298 0,1820291
3 0,5391442 0,3808614 0,05150837 0,09267056
3 0,2241504 0,3585726 0,0686256 0,05226058
7 0,5372423 0,3542867 0,08998585 0,2100805
5 0,8872309 0,3292185 0,0345214 0,0410676
6 0,2198936 0,3611897 0,02137688 0,03080112
6 0,2368103 0,358882 0,02038333 0,03052652
6 0,5078564 0,3550444 0,01402348 0,03929162
