0 0,3648437 0,2850408 0,02161637 0,06795198
0 0,3619657 0,2844133 0,02466539 0,075086
0 0,4544697 0,4443009 0,01205337 0,03344524
0 0,3829863 0,2180824 0,04023713 0,07001692
0 0,442459 0,567399 0,0356192 0,06908056
1 0,4262002 0,3933302 0,0438523 0,06928325
2 0,3839393 0,2114686 0,04314116 0,04136848
2 0,3802738 0,1748043 0,0521836 0,05235028
2 0,3637553 0,2841669 0,03074843 0,08584559
2 0,3632044 0,2845647 0,03356937 0,09192109
2 0,4271714 0,487235 0,0174959 0,03165129
2 0,4551558 0,4458263 0,01536831 0,04272699
3 0,7376355 0,5090839 0,1341187 0,130191
3 0,5171084 0,5462322 0,08848575 0,1176427
3 0,6043726 0,1155083 0,1079496 0,1856731
7 0,4457803 0,5699663 0,08302179 0,3400828
5 0,3874786 0,2550601 0,01584157 0,05394608
5 0,3865041 0,2850627 0,01282066 0,04209334
6 0,5987533 0,1189496 0,03646958 0,07521915
6 0,6214966 0,08527452 0,04134601 0,08556575
6 0,3860659 0,2467716 0,02530754 0,05313432
6 0,4483663 0,5908911 0,03061512 0,07195315
