0 0,03248012 0,1765677 0,05805844 0,1219597
0 0,01170152 0,1672289 0,06857491 0,1385934
1 0,5056318 0,4390863 0,03550723 0,04576123
2 0,3052745 0,3554558 0,01548386 0,01004356
2 0,02321431 0,1715226 0,07379737 0,1535306
2 0,02185932 0,1715155 0,08023795 0,1646606
3 0,7163384 0,5964249 0,07941395 0,07984355
3 0,5770311 0,5768312 0,06192136 0,06459123
3 0,206878 0,003130436 0,2081873 0,504644
7 0,529787 0,5754897 0,08380133 0,2321303
5 0,0583927 0,1914424 0,04383761 0,07789677
6 0,2121779 0,01390088 0,07834415 0,1797411
6 0,547022 0,5868981 0,02291852 0,04317185
