0 0,3278173 0,06573462 0,04979709 0,1505054
0 0,3197634 0,05486315 0,05955476 0,1729861
0 0,4144546 0,4120982 0,02061129 0,03744847
1 0,4045488 0,3091663 0,02774587 0,04418731
2 0,4432251 0,2295904 0,01445028 0,01197642
2 0,445881 0,225087 0,01531217 0,01275301
2 0,3245792 0,05932134 0,07013705 0,1867587
2 0,3234557 0,06010264 0,07650298 0,1995425
3 0,5697544 0,3673742 0,04959893 0,06080621
3 0,4580601 0,3983769 0,05062914 0,06416017
7 0,4163983 0,4134855 0,04681107 0,1804
5 0,3706289 0,0521428 0,02930784 0,1049215
6 0,4159318 0,4194584 0,01671934 0,03658795
