0 0,366973 0,06227797 0,04843616 0,09448236
0 0,3643827 0,09101456 0,05508912 0,1321431
0 0,4718262 0,3881971 0,02122945 0,04439956
0 0,479067 0,378872 0,01809695 0,04000849
0 0,4234082 0,4203045 0,02220386 0,04050273
0 0,4214238 0,4128252 0,02056646 0,0372169
0 0,4082106 0,3445558 0,01827434 0,03052765
1 0,4045488 0,3091663 0,02774587 0,04418731
2 0,6237912 0,4160956 0,04826307 0,03810006
2 0,5956369 0,4030587 0,04097545 0,03205603
2 0,4432251 0,2295904 0,01445028 0,01197642
2 0,445881 0,225087 0,01531217 0,01275301
2 0,370338 0,094437 0,05804032 0,07351059
2 0,3598145 0,05711913 0,06651255 0,1301988
2 0,4721926 0,3770523 0,02644232 0,0423643
2 0,4751517 0,3811085 0,01772338 0,05498534
3 0,4580656 0,4032645 0,05349258 0,06805319
3 0,4536685 0,3971499 0,04935515 0,06240577
7 0,4163983 0,4134855 0,04681107 0,1804
5 0,6571189 0,4097558 0,02971965 0,06128967
5 0,3706289 0,0521428 0,02930784 0,1049215
5 0,4955146 0,3647631 0,0154649 0,02823842
