0 0,204889 0,3950436 0,05025294 0,05700129
0 0,2531469 0,383216 0,043107 0,05348104
0 0,8664273 0,3293204 0,05150253 0,05044007
0 0,8387037 0,3353832 0,05085492 0,05244035
1 0,5754356 0,2353309 0,03216636 0,04874831
2 0,06508726 0,6535153 0,1612652 0,1332965
2 0,1730961 0,6266404 0,1285495 0,1220434
2 0,2066599 0,4144968 0,06435184 0,04885751
2 0,2545472 0,4018402 0,0555035 0,04524314
2 0,8644601 0,3488535 0,06531215 0,03948772
2 0,8368719 0,355478 0,06470537 0,04139233
3 0,3643492 0,3537008 0,0713104 0,06654418
3 0,5041858 0,3986917 0,08486754 0,09744507
3 0,4124879 0,3376054 0,05574805 0,0572679
4 0,5372754 0,3249264 0,08998585 0,1501814
5 0,1626537 0,4103267 0,04108524 0,04857761
5 0,8872309 0,3292185 0,0345214 0,0410676
6 0,4097531 0,3392113 0,01759553 0,03069651
6 0,420653 0,3406209 0,01736236 0,03151494
6 0,5796516 0,2606512 0,01566112 0,03144246
6 0,5609778 0,2567769 0,01253939 0,02665299
