0 0,5300716 0,353363 0,01326847 0,02308196
0 0,5305822 0,3566082 0,01416343 0,0247736
0 0,4692647 0,3118387 0,02299735 0,03001332
1 0,462425 0,2844875 0,03504223 0,04251266
2 0,8208393 0,8238909 0,236977 0,2563739
2 0,5299746 0,3633953 0,01732546 0,01624
2 0,530477 0,3673119 0,01848716 0,01755661
3 0,1276786 0,5292283 0,3231055 0,2471629
3 0,5210224 0,4271782 0,05464846 0,09565163
3 0,1936345 0,4601899 0,2031685 0,1427377
4 0,4545803 0,3700992 0,06891704 0,1546097
6 0,1818696 0,4672285 0,06768875 0,07197705
6 0,2257164 0,4567958 0,05951351 0,06632978
