0 0,3006551 0,7923464 0,1322309 0,2947513
0 0,4267253 0,3656138 0,01255885 0,02362651
0 0,4082125 0,3445552 0,01827434 0,03052765
1 0,4057053 0,324366 0,02767658 0,04267037
2 0,6899712 0,444879 0,06723356 0,05357951
2 0,6447195 0,4242113 0,05400157 0,04266524
2 0,4432251 0,2295904 0,01445028 0,01197642
2 0,445881 0,225087 0,01531217 0,01275301
2 0,3070176 0,8482551 0,1644198 0,3375738
2 0,4272655 0,374175 0,015708 0,0189811
2 0,4310318 0,376034 0,01662868 0,02008212
3 0,2971802 0,5733624 0,1537089 0,2218934
3 0,4790549 0,3977806 0,04388541 0,0669589
3 0,2604509 0,550835 0,1394679 0,1755702
4 0,4147722 0,3903316 0,04367301 0,1305556
5 0,7487029 0,442279 0,04872292 0,08591813
6 0,2532067 0,5610868 0,04900445 0,07864603
6 0,2807 0,5363234 0,04226768 0,07055038
