0 0,2768965 0,5704938 0,0604036 0,1258051
0 0,3201437 0,491836 0,05059507 0,1029803
0 0,5588793 0,1845592 0,01869708 0,03244841
1 0,5530792 0,1696655 0,02726257 0,04440141
2 0,597267 0,7056668 0,06003422 0,1360593
2 0,6152877 0,6087592 0,05206418 0,1052372
2 0,2801109 0,5932672 0,07537964 0,1383194
2 0,3223752 0,5127705 0,06393796 0,1097081
3 0,396901 0,3511743 0,08277926 0,1230631
3 0,57618 0,3203474 0,0481472 0,09504455
3 0,4084563 0,2982804 0,07061917 0,09749144
4 0,5416346 0,2454001 0,05343473 0,1397302
5 0,5770594 0,8017074 0,03415376 0,1349221
5 0,232253 0,6594745 0,05521786 0,1174958
6 0,4043692 0,3013653 0,02342701 0,04345256
6 0,4201792 0,2971232 0,02271074 0,04269791
