0 0,4506996 0,1460108 0,01644787 0,03544772
0 0,4612094 0,1612732 0,01709664 0,03740948
1 0,5068154 0,2556022 0,03406158 0,06994259
2 0,858934 0,6595759 0,0580281 0,1060791
2 0,802361 0,5744036 0,05070478 0,08785382
2 0,4509679 0,1564478 0,02128083 0,03200769
2 0,4614044 0,1720498 0,02225262 0,0341379
3 0,5842277 0,8852695 0,1474113 0,4206192
3 0,6015561 0,3921885 0,06532806 0,1309975
3 0,4910451 0,7781618 0,1221934 0,3499927
4 0,5278547 0,360921 0,07295614 0,2150809
5 0,9288694 0,7407125 0,05488539 0,09693924
6 0,4896136 0,7995725 0,04007894 0,1262609
6 0,4948739 0,730153 0,03738534 0,1132751
