0 0,9865915 0,8237442 0,1569804 0,2208418
1 0,4170103 0,3548105 0,04134804 0,06820643
2 0,7211031 0,4569558 0,03396052 0,0365991
2 0,6810981 0,4455779 0,02874774 0,03419286
2 0,9790145 0,8592882 0,195709 0,2495471
3 0,7276793 0,7657992 0,2128443 0,3892017
3 0,528069 0,4423226 0,06378195 0,08405834
3 0,6119484 0,8321896 0,1987696 0,4760816
4 0,4595362 0,4510679 0,1010756 0,1937323
5 0,7617224 0,4535033 0,02672946 0,04442877
6 0,6216431 0,8588339 0,05610424 0,1872274
6 0,5868682 0,7827382 0,0486874 0,1554307
