0 0,5148609 0,9689075 0,06473866 0,147358
0 0,476873 0,9118558 0,05056095 0,1115299
0 0,4583986 0,712913 0,01059541 0,01784039
0 0,4629069 0,7155132 0,01114389 0,01876885
0 0,4601376 0,6913702 0,01426095 0,02001345
1 0,4611497 0,6752996 0,02104381 0,02640837
2 0,682326 0,8414235 0,04574299 0,03233851
2 0,6509802 0,819348 0,03915787 0,02654278
2 0,4195266 0,5616499 0,01551479 0,01034686
2 0,4206288 0,5563371 0,01653954 0,01129809
2 0,4769314 0,9467831 0,0678975 0,107855
2 0,4582874 0,7206341 0,01394048 0,01267755
2 0,4627959 0,7235978 0,01468313 0,01341403
3 0,4200746 0,8211046 0,07418311 0,1018255
3 0,5194985 0,7559277 0,03669775 0,0481278
3 0,3801573 0,8006878 0,06758788 0,08441031
4 0,4678201 0,730128 0,0356687 0,09701927
5 0,71763 0,8466008 0,03004169 0,05838727
6 0,376395 0,8055856 0,02307197 0,04389419
6 0,3899082 0,7972351 0,02075171 0,04082365
