0 0,9455261 0,3564669 0,07367265 0,06912315
0 0,9135649 0,3652085 0,07326031 0,07262874
1 0,5789119 0,2210706 0,0403558 0,04109681
2 0,9428183 0,3804113 0,09162802 0,05957383
2 0,9110513 0,3900062 0,09132421 0,06313473
3 0,3206977 0,3815831 0,09694752 0,08646226
3 0,5722356 0,4355163 0,1350101 0,1529127
3 0,3511887 0,3572613 0,06207862 0,05784637
4 0,5290213 0,3518038 0,1136142 0,1941162
5 0,9670353 0,3557343 0,04726124 0,05241102
6 0,3466106 0,3601617 0,01653743 0,03411305
6 0,3644602 0,3576118 0,0154182 0,03377634
6 0,5822133 0,2692153 0,01941764 0,03907579
