0 0,2565383 0,3148717 0,09523098 0,154915
0 0,3047659 0,2702212 0,07398769 0,1260269
0 0,5884461 0,5060935 0,07459164 0,1985929
0 0,4949893 0,5122101 0,05636972 0,2017978
0 0,3981328 0,2887743 0,1000564 0,2331897
1 0,2790094 0,0627625 0,248998 0,3361292
2 0,7226011 0,1896386 0,05750483 0,04555386
2 0,6724272 0,1898289 0,05257893 0,04590696
2 0,2514346 0,2805238 0,1236244 0,1552492
2 0,2942978 0,2839227 0,08659753 0,1691417
3 0,5620466 0,3480682 0,1046867 0,2720151
3 0,4918337 0,3512 0,08587694 0,274653
7 0,4986857 0,5392764 0,4264975 0,7327772
5 0,7712678 0,1674551 0,04057634 0,05935264
