0 0,09801736 0,4189932 0,05599382 0,07405752
0 0,1456736 0,4110174 0,05034181 0,07246697
0 0,835323 0,3625896 0,04720956 0,06336081
0 0,8087477 0,3720386 0,04642308 0,06551266
1 0,572337 0,2369073 0,03013986 0,05173159
2 0,1678824 0,7920405 0,09606599 0,1492414
2 0,2468246 0,7679046 0,07971638 0,1413961
2 0,1019162 0,4375886 0,06626907 0,07188559
2 0,1489447 0,4293998 0,05993479 0,07008934
2 0,8323107 0,3787515 0,05667615 0,06081402
3 0,3667153 0,3110307 0,06662959 0,08910191
3 0,5607651 0,4312758 0,08762044 0,1362391
3 0,383922 0,2702116 0,04827756 0,05553615
4 0,532423 0,3335979 0,08492297 0,1607475
5 0,08457589 0,7944391 0,07502109 0,1020744
5 0,06269345 0,4293547 0,04337754 0,05193645
5 0,8533932 0,3595514 0,03259754 0,04409939
6 0,3801808 0,2724635 0,01205859 0,03306991
6 0,394833 0,270857 0,01127478 0,03284121
6 0,5750698 0,250654 0,01548409 0,03926325
