0 0,4385229 0,1550589 0,01856807 0,04156101
0 0,4461538 0,1723276 0,01976979 0,04486144
1 0,7871092 0,6462278 0,14135 0,2579399
2 0,3066505 0,3524461 0,03817284 0,05753833
2 0,3044305 0,4055042 0,04294527 0,06983662
2 0,4388675 0,167993 0,02349275 0,0365808
2 0,4464419 0,1859466 0,02510196 0,03994089
3 0,5536817 0,879146 0,2144488 0,6289114
3 0,6132823 0,2566409 0,06016684 0,09983242
4 0,6487586 0,6386358 0,2289354 0,572242
5 0,3062265 0,2975993 0,01705199 0,05611289
5 0,4335571 0,1464642 0,01012221 0,03218579
6 0,6098222 0,2547517 0,02051425 0,04271019
6 0,6227092 0,2712564 0,02179945 0,04502642
