0 0,372306 0,1860784 0,04857466 0,1044017
0 0,3640591 0,1280165 0,06336445 0,1380546
0 0,4451837 0,4695287 0,01608938 0,03148133
0 0,450893 0,4724481 0,01734281 0,03384316
0 0,4300824 0,4488066 0,02861926 0,04757166
1 0,4268461 0,4017527 0,0430122 0,04778069
2 0,3703738 0,1521854 0,06130213 0,09305888
2 0,3615986 0,08493924 0,08034071 0,1273774
2 0,4456114 0,4802101 0,02033436 0,02704352
2 0,4513312 0,4838707 0,02194399 0,02919078
3 0,5183365 0,5275042 0,09295547 0,1186464
4 0,4437576 0,5304929 0,07906625 0,2466837
5 0,3760919 0,2087276 0,02186126 0,07385677
