0 0,4264913 0,3656295 0,01263791 0,02475154
0 0,4082125 0,3445552 0,01827434 0,03052765
1 0,4049761 0,3144948 0,02683797 0,03066528
2 0,6899712 0,444879 0,06723356 0,05357951
2 0,6447195 0,4242113 0,05400157 0,04266524
2 0,4432251 0,2295904 0,01445028 0,01197642
2 0,445881 0,225087 0,01531217 0,01275301
2 0,4269785 0,3740759 0,01576215 0,02105725
2 0,4307134 0,3759221 0,01667771 0,02226096
3 0,2971802 0,5733624 0,1537089 0,2218934
3 0,4621615 0,3903085 0,05150247 0,06485915
3 0,1903256 0,621519 0,1357391 0,2032814
4 0,4147722 0,3903316 0,04367301 0,1305556
5 0,7487029 0,442279 0,04872292 0,08591813
6 0,1852323 0,6341555 0,05512616 0,08951247
6 0,2053554 0,6038879 0,04799533 0,07903674
