0 0,1128446 0,8899792 0,09017503 0,2087011
0 0,2156534 0,7363445 0,06882243 0,160415
0 0,5588793 0,1845592 0,01869708 0,03244841
1 0,553718 0,159823 0,02683741 0,03272593
2 0,597267 0,7056668 0,06003422 0,1360593
2 0,6152877 0,6087592 0,05206418 0,1052372
2 0,1197553 0,9191957 0,1048519 0,2430736
2 0,219668 0,7634794 0,08220822 0,180189
3 0,396901 0,3511743 0,08277926 0,1230631
3 0,5858017 0,2821444 0,05738539 0,08907372
3 0,3712565 0,3147242 0,0577237 0,08829951
4 0,5416346 0,2454001 0,05343473 0,1397302
5 0,5770594 0,8017074 0,03415376 0,1349221
6 0,3677718 0,3202553 0,01851907 0,04000735
6 0,3812764 0,3073174 0,01761669 0,0382092
