0 0,450023 0,1451539 0,01658839 0,03698868
0 0,4604697 0,1603306 0,01723734 0,03900534
0 0,5000795 0,261957 0,02284431 0,04956627
1 0,5063732 0,2435124 0,03383031 0,05618745
2 0,858934 0,6595759 0,0580281 0,1060791
2 0,802361 0,5744036 0,05070478 0,08785382
2 0,4501599 0,1552911 0,02124032 0,03442448
2 0,4605224 0,1707857 0,02218354 0,03661412
3 0,5842277 0,8852695 0,1474113 0,4206192
3 0,563122 0,3358946 0,06959051 0,1259938
3 0,491674 0,9794393 0,09618163 0,3809369
4 0,5278547 0,360921 0,07295614 0,2150809
5 0,9288694 0,7407125 0,05488539 0,09693924
6 0,4801271 0,9171931 0,03349987 0,1095131
